Unnamed: 0,n_nodes_000,n_branches_000,n_leaves_000,n_active_leaves_000,n_inactive_leaves_000,height_000,total_observed_weight_000,n_nodes_001,n_branches_001,n_leaves_001,n_active_leaves_001,n_inactive_leaves_001,height_001,total_observed_weight_001,n_nodes_002,n_branches_002,n_leaves_002,n_active_leaves_002,n_inactive_leaves_002,height_002,total_observed_weight_002,n_nodes_003,n_branches_003,n_leaves_003,n_active_leaves_003,n_inactive_leaves_003,height_003,total_observed_weight_003,n_nodes_004,n_branches_004,n_leaves_004,n_active_leaves_004,n_inactive_leaves_004,height_004,total_observed_weight_004,n_nodes_005,n_branches_005,n_leaves_005,n_active_leaves_005,n_inactive_leaves_005,height_005,total_observed_weight_005,n_nodes_006,n_branches_006,n_leaves_006,n_active_leaves_006,n_inactive_leaves_006,height_006,total_observed_weight_006,n_nodes_007,n_branches_007,n_leaves_007,n_active_leaves_007,n_inactive_leaves_007,height_007,total_observed_weight_007,n_nodes_008,n_branches_008,n_leaves_008,n_active_leaves_008,n_inactive_leaves_008,height_008,total_observed_weight_008,n_nodes_009,n_branches_009,n_leaves_009,n_active_leaves_009,n_inactive_leaves_009,height_009,total_observed_weight_009,n_nodes_010,n_branches_010,n_leaves_010,n_active_leaves_010,n_inactive_leaves_010,height_010,total_observed_weight_010,n_nodes_011,n_branches_011,n_leaves_011,n_active_leaves_011,n_inactive_leaves_011,height_011,total_observed_weight_011,n_nodes_012,n_branches_012,n_leaves_012,n_active_leaves_012,n_inactive_leaves_012,height_012,total_observed_weight_012,n_nodes_013,n_branches_013,n_leaves_013,n_active_leaves_013,n_inactive_leaves_013,height_013,total_observed_weight_013,n_nodes_014,n_branches_014,n_leaves_014,n_active_leaves_014,n_inactive_leaves_014,height_014,total_observed_weight_014,n_nodes_015,n_branches_015,n_leaves_015,n_active_leaves_015,n_inactive_leaves_015,height_015,total_observed_weight_015,n_nodes_016,n_branches_016,n_leaves_016,n_active_leaves_016,n_inactive_leaves_016,height_016,total_observed_weight_016,n_nodes_017,n_branches_017,n_leaves_017,n_active_leaves_017,n_inactive_leaves_017,height_017,total_observed_weight_017,n_nodes_018,n_branches_018,n_leaves_018,n_active_leaves_018,n_inactive_leaves_018,height_018,total_observed_weight_018,n_nodes_019,n_branches_019,n_leaves_019,n_active_leaves_019,n_inactive_leaves_019,height_019,total_observed_weight_019
0.0,0.8944271909999159,0.447213595499958,0.4472135954999579,0.4472135954999579,0.0,0.4472135954999579,11.92895636675732,1.0954451150103324,0.5477225575051661,0.5477225575051662,0.5477225575051662,0.0,0.5477225575051662,5.06951674225463,0.8944271909999159,0.447213595499958,0.4472135954999579,0.4472135954999579,0.0,0.4472135954999579,6.18869937870632,0.8944271909999159,0.4472135954999579,0.4472135954999579,0.4472135954999579,0.0,0.4472135954999579,2.738612787525831,0.8944271909999159,0.4472135954999579,0.4472135954999579,0.4472135954999579,0.0,0.4472135954999579,4.560701700396552,1.0954451150103321,0.5477225575051661,0.5477225575051661,0.5477225575051661,0.0,0.5477225575051661,3.033150177620621,0.8944271909999159,0.447213595499958,0.4472135954999579,0.4472135954999579,0.0,0.4472135954999579,4.159326868617084,0.8944271909999159,0.447213595499958,0.4472135954999579,0.4472135954999579,0.0,0.4472135954999579,11.653325705565772,1.0954451150103321,0.5477225575051661,0.5477225575051661,0.5477225575051661,0.0,0.5477225575051661,15.20526224699857,0.8944271909999159,0.4472135954999579,0.4472135954999579,0.4472135954999579,0.0,0.4472135954999579,4.324349662087931,1.0954451150103324,0.5477225575051661,0.5477225575051662,0.5477225575051662,0.0,0.5477225575051662,3.0,1.0954451150103324,0.5477225575051661,0.5477225575051662,0.5477225575051662,0.0,0.5477225575051662,4.207136793592526,1.0954451150103321,0.5477225575051661,0.5477225575051661,0.5477225575051661,0.0,0.5477225575051661,5.167204273105526,0.8944271909999159,0.447213595499958,0.4472135954999579,0.4472135954999579,0.0,0.4472135954999579,3.5777087639996634,0.8944271909999159,0.4472135954999579,0.4472135954999579,0.4472135954999579,0.0,0.4472135954999579,6.308724118235,0.8944271909999159,0.447213595499958,0.4472135954999579,0.4472135954999579,0.0,0.4472135954999579,3.271085446759226,1.0954451150103321,0.5477225575051661,0.5477225575051661,0.5477225575051661,0.0,0.5477225575051661,4.381780460041328,1.0954451150103321,0.5477225575051661,0.5477225575051661,0.5477225575051661,0.0,0.5477225575051661,4.449719092257398,1.0954451150103324,0.5477225575051661,0.5477225575051662,0.5477225575051662,0.0,0.5477225575051662,4.183300132670378,1.0954451150103321,0.5477225575051661,0.5477225575051661,0.5477225575051661,0.0,0.5477225575051661,3.492849839314596
0.0,0.0,0.0,0.0,0.0,0.0,0.0,16.783920876839236,0.0,0.0,0.0,0.0,0.0,0.0,6.610597552415364,1.0954451150103324,0.5477225575051661,0.5477225575051662,0.5477225575051662,0.0,0.5477225575051662,29.978325503603433,0.0,0.0,0.0,0.0,0.0,0.0,9.909591313469996,0.8944271909999159,0.4472135954999579,0.4472135954999579,0.4472135954999579,0.0,0.4472135954999579,20.082330542046158,0.0,0.0,0.0,0.0,0.0,0.0,6.6105975524153635,0.8944271909999159,0.4472135954999579,0.4472135954999579,0.4472135954999579,0.0,0.4472135954999579,5.974947698515862,0.8944271909999159,0.4472135954999579,0.4472135954999579,0.4472135954999579,0.0,0.4472135954999579,42.31193685001905,1.0954451150103321,0.5477225575051661,0.5477225575051661,0.5477225575051661,0.0,0.5477225575051661,21.090282122342508,0.0,0.0,0.0,0.0,0.0,0.0,5.848076606885379,1.0954451150103324,0.5477225575051662,0.5477225575051662,0.5477225575051662,0.0,0.5477225575051662,31.117519181322923,1.0954451150103324,0.5477225575051662,0.5477225575051662,0.5477225575051662,0.0,0.5477225575051662,44.071532762090314,0.0,0.0,0.0,0.0,0.0,0.0,9.082951062292475,0.0,0.0,0.0,0.0,0.0,0.0,9.154233993076646,1.0954451150103321,0.5477225575051661,0.5477225575051661,0.5477225575051661,0.0,0.5477225575051661,23.594490882407275,1.0954451150103321,0.5477225575051661,0.5477225575051661,0.5477225575051661,0.0,0.5477225575051661,25.065913109240604,0.8944271909999159,0.4472135954999579,0.4472135954999579,0.4472135954999579,0.0,0.4472135954999579,5.805170109479996,0.0,0.0,0.0,0.0,0.0,0.0,6.340346993658944,0.0,0.0,0.0,0.0,0.0,0.0,4.324349662087931,0.8944271909999159,0.4472135954999579,0.4472135954999579,0.4472135954999579,0.0,0.4472135954999579,4.159326868617085
0.0,0.8944271909999159,0.4472135954999579,0.44721359549995787,0.44721359549995787,0.0,0.44721359549995787,38.66135020922058,0.8944271909999159,0.4472135954999579,0.4472135954999579,0.4472135954999579,0.0,0.4472135954999579,29.415982050579238,0.8944271909999159,0.4472135954999579,0.4472135954999579,0.4472135954999579,0.0,0.4472135954999579,46.15950606321519,1.4142135623730951,0.7071067811865476,0.7071067811865476,0.7071067811865476,0.0,0.7071067811865476,47.185802949616104,0.8944271909999159,0.4472135954999579,0.44721359549995787,0.44721359549995787,0.0,0.44721359549995787,21.18962010041709,1.0954451150103324,0.5477225575051662,0.5477225575051662,0.5477225575051662,0.0,0.5477225575051662,26.688949023893763,1.6733200530681511,0.8366600265340756,0.8366600265340756,0.8366600265340756,0.0,0.8366600265340756,32.638933806115666,0.0,0.0,0.0,0.0,0.0,0.0,36.44585024388922,0.0,0.0,0.0,0.0,0.0,0.0,19.639246421387966,2.0,1.0,1.0,1.0,0.0,1.0,48.04893339086727,0.8944271909999159,0.4472135954999579,0.4472135954999579,0.4472135954999579,0.0,0.4472135954999579,30.549959083442317,0.8944271909999159,0.4472135954999579,0.4472135954999579,0.4472135954999579,0.0,0.4472135954999579,39.39796949082528,1.6733200530681511,0.8366600265340756,0.8366600265340756,0.8366600265340756,0.0,0.8366600265340756,43.75271420152126,1.4142135623730951,0.7071067811865476,0.7071067811865476,0.7071067811865476,0.0,0.7071067811865476,42.101068870041765,1.0954451150103324,0.5477225575051662,0.5477225575051662,0.5477225575051662,0.0,0.5477225575051662,25.93260495977988,0.8944271909999159,0.4472135954999579,0.4472135954999579,0.4472135954999579,0.0,0.4472135954999579,26.51980392084376,0.8944271909999159,0.4472135954999579,0.4472135954999579,0.4472135954999579,0.0,0.4472135954999579,8.700574693662482,1.6733200530681511,0.8366600265340756,0.8366600265340756,0.8366600265340756,0.0,0.8366600265340756,62.853003110432205,1.0954451150103324,0.5477225575051662,0.5477225575051662,0.5477225575051662,0.0,0.5477225575051662,5.656854249492382,0.8944271909999159,0.4472135954999579,0.447213595499958,0.447213595499958,0.0,0.447213595499958,2.7018512172212605
0.0,0.8944271909999159,0.4472135954999579,0.44721359549995787,0.44721359549995787,0.0,0.44721359549995787,39.896115099092036,2.0,1.0,1.0,1.0,0.0,1.0,73.51734489220894,1.4142135623730951,0.7071067811865476,0.7071067811865476,0.7071067811865476,0.0,0.7071067811865476,57.023679292027445,1.0954451150103321,0.5477225575051661,0.5477225575051661,0.5477225575051661,0.0,0.5477225575051661,46.07059799915777,1.6733200530681511,0.8366600265340756,0.8366600265340756,0.8366600265340756,0.0,0.8366600265340756,85.69305689494337,1.6733200530681511,0.8366600265340756,0.8366600265340756,0.8366600265340756,0.0,0.5477225575051661,56.26721958654079,2.6832815729997477,1.3416407864998738,1.3416407864998738,1.3416407864998738,0.0,0.8366600265340756,85.830064662681,0.8944271909999159,0.4472135954999579,0.44721359549995787,0.44721359549995787,0.0,0.44721359549995787,37.231706917626006,1.6733200530681511,0.8366600265340756,0.8366600265340756,0.8366600265340756,0.0,0.8366600265340756,60.67124524847005,1.4142135623730951,0.7071067811865476,0.7071067811865476,0.7071067811865476,0.0,0.7071067811865476,52.364109846344185,0.8944271909999159,0.4472135954999579,0.4472135954999579,0.4472135954999579,0.0,0.4472135954999579,66.53345023369823,1.4142135623730951,0.7071067811865476,0.7071067811865476,0.7071067811865476,0.0,0.7071067811865476,67.2658903159692,1.0954451150103321,0.5477225575051661,0.5477225575051661,0.5477225575051661,0.0,0.5477225575051661,46.17683401880211,1.4142135623730951,0.7071067811865476,0.7071067811865476,0.7071067811865476,0.0,0.7071067811865476,47.50052631287363,0.8944271909999159,0.4472135954999579,0.4472135954999579,0.4472135954999579,0.0,0.4472135954999579,26.118958631614703,1.0954451150103321,0.5477225575051661,0.5477225575051661,0.5477225575051661,0.0,0.5477225575051661,58.191923838278456,0.8944271909999159,0.4472135954999579,0.4472135954999579,0.4472135954999579,0.0,0.4472135954999579,96.24344133498137,1.6733200530681511,0.8366600265340756,0.8366600265340756,0.8366600265340756,0.0,0.5477225575051661,63.511416296599776,2.1908902300206643,1.0954451150103321,1.0954451150103321,1.0954451150103321,0.0,1.0954451150103321,86.4852588595305,1.6733200530681511,0.8366600265340756,0.8366600265340757,0.8366600265340757,0.0,0.8366600265340757,47.636120748860314
0.0,1.6733200530681511,0.8366600265340756,0.8366600265340756,0.8366600265340756,0.0,0.8366600265340756,83.14024296332072,1.6733200530681511,0.8366600265340756,0.8366600265340756,0.8366600265340756,0.0,0.8366600265340756,92.01467274299246,2.2803508501982757,1.1401754250991378,1.1401754250991378,1.1401754250991378,0.0,1.1401754250991378,82.06095295571457,2.6832815729997477,1.3416407864998738,1.3416407864998738,1.3416407864998738,0.0,1.0954451150103321,101.87099685386414,1.7888543819998317,0.8944271909999159,0.8944271909999159,0.8944271909999159,0.0,0.5477225575051662,86.28731077047192,1.0954451150103321,0.5477225575051661,0.5477225575051661,0.5477225575051661,0.0,0.0,54.91538946415659,2.6832815729997477,1.3416407864998738,1.3416407864998738,1.3416407864998738,0.0,0.8366600265340756,89.76636341080105,1.0954451150103324,0.5477225575051662,0.5477225575051662,0.5477225575051662,0.0,0.5477225575051662,78.06279523563066,1.6733200530681511,0.8366600265340756,0.8366600265340756,0.8366600265340756,0.0,0.8366600265340756,88.57595610548044,1.4142135623730951,0.7071067811865476,0.7071067811865476,0.7071067811865476,0.0,0.7071067811865476,50.302087431835275,2.2803508501982757,1.1401754250991378,1.1401754250991378,1.1401754250991378,0.0,1.1401754250991378,104.67330127592231,1.6733200530681511,0.8366600265340756,0.8366600265340756,0.8366600265340756,0.0,0.8366600265340756,63.279538557103905,1.7888543819998317,0.894427190999916,0.8944271909999159,0.8944271909999159,0.0,0.5477225575051661,45.12427284732686,2.280350850198276,1.140175425099138,1.140175425099138,1.140175425099138,0.0,1.140175425099138,70.01214180411851,0.8944271909999159,0.4472135954999579,0.4472135954999579,0.4472135954999579,0.0,0.4472135954999579,74.57077175408607,1.6733200530681511,0.8366600265340756,0.8366600265340756,0.8366600265340756,0.0,0.8366600265340756,90.61291298705721,2.1908902300206643,1.0954451150103321,1.0954451150103321,1.0954451150103321,0.0,0.7071067811865476,105.3337552734165,1.6733200530681511,0.8366600265340756,0.8366600265340756,0.8366600265340756,0.0,0.8366600265340756,95.01736683364783,2.6832815729997477,1.3416407864998738,1.3416407864998738,1.3416407864998738,0.0,1.3416407864998738,92.9020990075036,1.4142135623730951,0.7071067811865476,0.7071067811865476,0.7071067811865476,0.0,0.7071067811865476,90.27015010511504
0.0,1.4142135623730951,0.7071067811865476,0.7071067811865476,0.7071067811865476,0.0,0.7071067811865476,101.50270932344614,1.7888543819998317,0.8944271909999159,0.8944271909999159,0.8944271909999159,0.0,0.447213595499958,92.7027507682485,2.280350850198276,1.140175425099138,1.140175425099138,1.140175425099138,0.0,1.140175425099138,83.46675985085321,1.4142135623730951,0.7071067811865476,0.7071067811865476,0.7071067811865476,0.0,0.7071067811865476,57.42386263566741,0.8944271909999159,0.4472135954999579,0.4472135954999579,0.4472135954999579,0.0,0.4472135954999579,80.03249340111802,2.6076809620810595,1.3038404810405297,1.3038404810405297,1.3038404810405297,0.0,1.0,87.82767217682591,2.6076809620810595,1.3038404810405297,1.3038404810405297,1.3038404810405297,0.0,0.8366600265340756,93.45319684205565,0.8944271909999159,0.4472135954999579,0.4472135954999579,0.4472135954999579,0.0,0.4472135954999579,99.53290913059861,0.8944271909999159,0.4472135954999579,0.44721359549995787,0.44721359549995787,0.0,0.44721359549995787,76.57480003238663,1.0954451150103321,0.5477225575051661,0.5477225575051661,0.5477225575051661,0.0,0.5477225575051661,76.5035946867858,1.4142135623730951,0.7071067811865476,0.7071067811865476,0.7071067811865476,0.0,0.7071067811865476,29.71026758546614,1.6733200530681511,0.8366600265340756,0.8366600265340756,0.8366600265340756,0.0,0.8366600265340756,55.89007067449459,1.7888543819998317,0.8944271909999159,0.8944271909999159,0.8944271909999159,0.0,0.8944271909999159,89.45948803788227,2.1908902300206643,1.0954451150103321,1.0954451150103321,1.0954451150103321,0.0,1.0954451150103321,98.47486989074928,1.4142135623730951,0.7071067811865476,0.7071067811865476,0.7071067811865476,0.0,0.7071067811865476,91.84334488682346,1.4142135623730951,0.7071067811865476,0.7071067811865476,0.7071067811865476,0.0,0.7071067811865476,76.79648429453003,1.4142135623730951,0.7071067811865476,0.7071067811865476,0.7071067811865476,0.0,0.7071067811865476,74.19703498119046,1.4142135623730951,0.7071067811865476,0.7071067811865476,0.7071067811865476,0.0,0.7071067811865476,69.01304224565094,1.7888543819998317,0.8944271909999159,0.8944271909999159,0.8944271909999159,0.0,0.8944271909999159,90.5704145954958,0.8944271909999159,0.4472135954999579,0.4472135954999579,0.4472135954999579,0.0,0.4472135954999579,69.80902520448198
0.0,1.6733200530681511,0.8366600265340756,0.8366600265340756,0.8366600265340756,0.0,0.8366600265340756,105.84753185596725,1.6733200530681511,0.8366600265340756,0.8366600265340756,0.8366600265340756,0.0,0.5477225575051661,89.89271383154477,1.6733200530681511,0.8366600265340756,0.8366600265340756,0.8366600265340756,0.0,0.8366600265340756,83.87311845877676,1.4142135623730951,0.7071067811865476,0.7071067811865476,0.7071067811865476,0.0,0.7071067811865476,25.46958971008367,1.4142135623730951,0.7071067811865476,0.7071067811865476,0.7071067811865476,0.0,0.7071067811865476,101.57164958786481,2.0,1.0,1.0,1.0,0.0,0.8366600265340756,84.2288549132659,2.6832815729997477,1.3416407864998738,1.3416407864998738,1.3416407864998738,0.0,0.8366600265340756,93.94572901414944,0.0,0.0,0.0,0.0,0.0,0.0,60.41688505707655,1.4142135623730951,0.7071067811865476,0.7071067811865476,0.7071067811865476,0.0,0.7071067811865476,55.707270620629046,1.0954451150103321,0.5477225575051661,0.5477225575051661,0.5477225575051661,0.0,0.5477225575051661,75.27482979057476,0.8944271909999159,0.4472135954999579,0.4472135954999579,0.4472135954999579,0.0,0.4472135954999579,30.07823133098088,2.6832815729997477,1.3416407864998738,1.3416407864998738,1.3416407864998738,0.0,0.8366600265340756,104.81316711177084,3.03315017762062,1.51657508881031,1.51657508881031,1.51657508881031,0.0,1.140175425099138,104.59110860871492,3.3466401061363023,1.6733200530681511,1.6733200530681511,1.6733200530681511,0.0,1.3038404810405297,122.79372948159853,1.0954451150103324,0.5477225575051662,0.5477225575051662,0.5477225575051662,0.0,0.5477225575051662,94.95104001536792,0.8944271909999159,0.4472135954999579,0.4472135954999579,0.4472135954999579,0.0,0.4472135954999579,76.19711280619497,2.2803508501982757,1.1401754250991378,1.1401754250991378,1.1401754250991378,0.0,0.8366600265340756,72.27931931057458,2.1908902300206643,1.0954451150103324,1.0954451150103321,1.0954451150103321,0.0,0.7071067811865476,70.51382843102479,2.1908902300206647,1.0954451150103324,1.0954451150103324,1.0954451150103324,0.0,0.7071067811865476,89.9538770704187,1.4142135623730951,0.7071067811865476,0.7071067811865476,0.7071067811865476,0.0,0.7071067811865476,71.63309291102821
0.0,1.6733200530681511,0.8366600265340756,0.8366600265340756,0.8366600265340756,0.0,0.8366600265340756,42.99418565341132,1.6733200530681511,0.8366600265340756,0.8366600265340756,0.8366600265340756,0.0,0.8366600265340756,92.66444841469678,1.4142135623730951,0.7071067811865476,0.7071067811865476,0.7071067811865476,0.0,0.7071067811865476,37.77962413788681,1.4142135623730951,0.7071067811865476,0.7071067811865476,0.7071067811865476,0.0,0.7071067811865476,72.64433907745324,1.6733200530681511,0.8366600265340756,0.8366600265340756,0.8366600265340756,0.0,0.8366600265340756,54.57563558951925,1.9148542155126762,0.9574271077563381,0.9574271077563381,1.4832396974191326,0.0,0.9574271077563381,104.98237947389076,2.6076809620810595,1.3038404810405297,1.3038404810405297,1.3038404810405297,0.0,0.8944271909999159,101.04602911544816,1.4142135623730951,0.7071067811865476,0.7071067811865476,0.7071067811865476,0.0,0.7071067811865476,63.59402487655582,1.6733200530681511,0.8366600265340756,0.8366600265340756,0.8366600265340756,0.0,0.5477225575051662,58.580713549768234,1.1547005383792515,0.5773502691896257,0.5773502691896257,1.224744871391589,0.0,0.5773502691896257,123.38030637018211,1.9148542155126762,0.9574271077563381,0.9574271077563381,1.4832396974191326,0.0,0.5773502691896257,86.38460510993842,2.6832815729997477,1.3416407864998738,1.3416407864998738,1.3416407864998738,0.0,0.8944271909999159,98.49517754692359,1.6733200530681511,0.8366600265340756,0.8366600265340756,0.8366600265340756,0.0,0.8366600265340756,41.161875564653265,2.280350850198276,1.140175425099138,1.140175425099138,1.140175425099138,0.0,0.8366600265340756,66.95744917483043,0.0,0.0,0.0,0.0,0.0,0.0,49.645745034192004,0.8944271909999159,0.4472135954999579,0.4472135954999579,0.4472135954999579,0.0,0.4472135954999579,81.52300288875527,2.6832815729997477,1.3416407864998738,1.3416407864998738,1.3416407864998738,0.0,0.8366600265340756,122.79861562737587,1.7888543819998317,0.8944271909999159,0.8944271909999159,0.8944271909999159,0.0,0.4472135954999579,84.09102211294616,1.0954451150103324,0.5477225575051662,0.5477225575051662,0.5477225575051662,0.0,0.5477225575051662,84.62269199216011,1.0954451150103324,0.5477225575051662,0.5477225575051661,0.5477225575051661,0.0,0.5477225575051661,67.94703819887958
0.0,1.7888543819998317,0.894427190999916,0.8944271909999159,0.8944271909999159,0.0,0.5477225575051661,39.085803049189096,1.6733200530681511,0.8366600265340756,0.8366600265340756,0.8366600265340756,0.0,0.8366600265340756,101.59970472398038,1.7888543819998317,0.8944271909999159,0.8944271909999159,0.8944271909999159,0.0,0.8944271909999159,38.91657744458009,2.280350850198276,1.140175425099138,1.140175425099138,1.140175425099138,0.0,1.140175425099138,76.23844174692975,1.7888543819998317,0.8944271909999159,0.8944271909999159,0.8944271909999159,0.0,0.44721359549995787,74.07901187245953,2.6076809620810595,1.3038404810405297,1.3038404810405297,1.3038404810405297,0.0,1.140175425099138,101.47167092346514,1.6733200530681511,0.8366600265340756,0.8366600265340756,0.8366600265340756,0.0,0.5477225575051661,69.80687645210894,2.0,1.0,1.0,1.0,0.0,0.5477225575051661,87.69093453715726,1.4142135623730951,0.7071067811865476,0.7071067811865476,0.7071067811865476,0.0,0.4472135954999579,46.968074263269514,2.1908902300206643,1.0954451150103321,1.0954451150103321,1.0954451150103321,0.0,0.7071067811865476,123.96289767507051,2.966479394838265,1.4832396974191324,1.4832396974191324,1.4832396974191324,0.0,1.140175425099138,112.17753785852139,1.4142135623730951,0.7071067811865476,0.7071067811865476,0.7071067811865476,0.0,0.7071067811865476,70.34699709298187,1.788854381999832,0.894427190999916,0.894427190999916,0.894427190999916,0.0,0.5477225575051661,39.682489841238535,1.7888543819998317,0.8944271909999159,0.8944271909999159,0.8944271909999159,0.0,0.5477225575051662,66.49210479447918,1.0954451150103321,0.5477225575051661,0.5477225575051661,0.5477225575051661,0.0,0.5477225575051661,53.691712582110846,0.8944271909999159,0.4472135954999579,0.4472135954999579,0.4472135954999579,0.0,0.4472135954999579,81.90848551890092,2.0,1.0,1.0,1.0,0.0,0.5477225575051662,127.20573886425093,1.0954451150103321,0.5477225575051661,0.5477225575051661,0.5477225575051661,0.0,0.5477225575051661,86.15973537563819,2.4494897427831783,1.224744871391589,1.2247448713915892,1.2247448713915892,0.0,0.8366600265340756,85.19800467147103,2.1908902300206647,1.0954451150103321,1.0954451150103324,1.0954451150103324,0.0,0.5477225575051662,68.99057906700016
0.0,1.4142135623730951,0.7071067811865476,0.7071067811865476,0.7071067811865476,0.0,0.7071067811865476,84.21816906107613,0.8944271909999159,0.4472135954999579,0.4472135954999579,0.4472135954999579,0.0,0.4472135954999579,102.42460641857502,1.0954451150103324,0.5477225575051662,0.5477225575051662,0.5477225575051662,0.0,0.5477225575051662,78.97657880663103,2.9664793948382653,1.4832396974191326,1.4832396974191326,1.4832396974191326,0.0,1.140175425099138,99.08733521495066,1.7888543819998317,0.8944271909999159,0.8944271909999159,0.8944271909999159,0.0,0.44721359549995787,77.35825747778965,3.5777087639996634,1.7888543819998317,1.7888543819998317,1.7888543819998317,0.0,1.51657508881031,137.51654445920315,1.7888543819998317,0.8944271909999159,0.8944271909999159,0.8944271909999159,0.0,0.8944271909999159,57.67841884101887,2.2803508501982757,1.1401754250991378,1.1401754250991378,1.1401754250991378,0.0,0.894427190999916,95.1982142689662,1.7888543819998317,0.8944271909999159,0.8944271909999159,0.8944271909999159,0.0,0.447213595499958,30.97902516219644,2.2803508501982757,1.1401754250991378,1.1401754250991378,1.1401754250991378,0.0,0.8944271909999159,73.29870394488569,1.6733200530681511,0.8366600265340756,0.8366600265340756,0.8366600265340756,0.0,0.8366600265340756,115.51969529045685,1.6733200530681511,0.8366600265340756,0.8366600265340756,0.8366600265340756,0.0,0.8366600265340756,69.39164214802817,2.449489742783178,1.224744871391589,1.224744871391589,1.224744871391589,0.0,0.8366600265340756,83.897556579438,1.6733200530681511,0.8366600265340756,0.8366600265340756,0.8366600265340756,0.0,0.8366600265340756,91.62696109770312,1.6733200530681511,0.8366600265340756,0.8366600265340756,0.8366600265340756,0.0,0.8366600265340756,82.00914583142541,1.7888543819998317,0.8944271909999159,0.8944271909999159,0.8944271909999159,0.0,0.8944271909999159,87.48542735793201,1.7888543819998317,0.894427190999916,0.8944271909999159,0.8944271909999159,0.0,0.5477225575051661,134.334284529304,0.8944271909999159,0.4472135954999579,0.4472135954999579,0.4472135954999579,0.0,0.4472135954999579,82.60266339531674,2.6832815729997477,1.3416407864998738,1.3416407864998738,1.3416407864998738,0.0,0.8366600265340756,141.48780866208932,2.1908902300206647,1.0954451150103321,1.0954451150103324,1.0954451150103324,0.0,0.5477225575051662,132.96240070034835
0.0,2.1908902300206643,1.0954451150103321,1.0954451150103321,1.0954451150103321,0.0,1.0954451150103321,109.11141095229225,0.8944271909999159,0.4472135954999579,0.4472135954999579,0.4472135954999579,0.0,0.4472135954999579,92.20086767487604,1.0954451150103321,0.5477225575051661,0.5477225575051661,0.5477225575051661,0.0,0.5477225575051661,97.60737677040603,1.4142135623730951,0.7071067811865476,0.7071067811865476,0.7071067811865476,0.0,0.7071067811865476,126.20816138427816,0.0,0.0,0.0,0.0,0.0,0.0,89.30117580412926,3.03315017762062,1.51657508881031,1.51657508881031,1.51657508881031,0.0,1.140175425099138,152.16832784781465,1.4142135623730951,0.7071067811865476,0.7071067811865476,0.7071067811865476,0.0,0.4472135954999579,61.18578266231462,2.280350850198276,1.140175425099138,1.140175425099138,1.140175425099138,0.0,0.8944271909999159,114.84990204610537,2.449489742783178,1.224744871391589,1.224744871391589,1.224744871391589,0.0,0.8366600265340756,123.68225418385614,1.4142135623730951,0.7071067811865476,0.7071067811865476,0.7071067811865476,0.0,0.7071067811865476,77.6530746332687,1.7888543819998317,0.8944271909999159,0.8944271909999159,0.8944271909999159,0.0,0.5477225575051661,86.51473862874464,1.6733200530681511,0.8366600265340756,0.8366600265340756,0.8366600265340756,0.0,0.8366600265340756,75.21768409091042,3.6331804249169903,1.8165902124584952,1.8165902124584952,1.8165902124584952,0.0,1.51657508881031,161.36077590294363,1.4142135623730951,0.7071067811865476,0.7071067811865476,0.7071067811865476,0.0,0.7071067811865476,100.40567713032964,3.1622776601683795,1.5811388300841898,1.5811388300841898,1.5811388300841898,0.0,1.140175425099138,106.13057994753444,2.2803508501982757,1.1401754250991378,1.1401754250991378,1.1401754250991378,0.0,0.8366600265340756,104.10715633423094,1.7888543819998317,0.894427190999916,0.8944271909999159,0.8944271909999159,0.0,0.5477225575051661,132.30003779288953,0.8944271909999159,0.4472135954999579,0.4472135954999579,0.4472135954999579,0.0,0.4472135954999579,73.16898249941706,2.1908902300206643,1.0954451150103321,1.0954451150103321,1.0954451150103321,0.0,0.5477225575051661,144.6945057699151,2.0,1.0,1.0,1.0,0.0,0.5477225575051661,133.82525920019734
0.0,1.6733200530681511,0.8366600265340756,0.8366600265340756,0.8366600265340756,0.0,0.8366600265340756,59.7268783714669,0.0,0.0,0.0,0.0,0.0,0.0,89.16557631732103,0.0,0.0,0.0,0.0,0.0,0.0,93.95584069125239,0.8944271909999159,0.4472135954999579,0.4472135954999579,0.4472135954999579,0.0,0.4472135954999579,119.87493482792807,1.0954451150103321,0.5477225575051661,0.5477225575051661,0.5477225575051661,0.0,0.5477225575051661,87.9448690942229,3.3466401061363023,1.6733200530681511,1.6733200530681511,1.6733200530681511,0.0,1.3038404810405297,180.1402231596264,2.1908902300206643,1.0954451150103321,1.0954451150103321,1.0954451150103321,0.0,0.7071067811865476,61.14981602588842,2.280350850198276,1.140175425099138,1.140175425099138,1.140175425099138,0.0,0.8944271909999159,112.527774349269,1.7888543819998317,0.8944271909999159,0.8944271909999159,0.8944271909999159,0.0,0.4472135954999579,123.61553300455408,1.0954451150103321,0.5477225575051661,0.5477225575051661,0.5477225575051661,0.0,0.5477225575051661,75.5367460246998,1.7888543819998317,0.8944271909999159,0.8944271909999159,0.8944271909999159,0.0,0.5477225575051661,57.49521719238914,2.2803508501982757,1.1401754250991378,1.1401754250991378,1.1401754250991378,0.0,0.8366600265340756,97.33293378913429,3.286335345030997,1.6431676725154984,1.6431676725154984,1.6431676725154984,0.0,1.3416407864998738,164.96454164456068,1.7888543819998317,0.8944271909999159,0.8944271909999159,0.8944271909999159,0.0,0.5477225575051661,101.1617516653404,2.6076809620810595,1.3038404810405297,1.3038404810405297,1.3038404810405297,0.0,0.8366600265340756,108.52280866251112,2.449489742783178,1.224744871391589,1.224744871391589,1.224744871391589,0.0,0.8366600265340756,103.08491645240831,1.6733200530681511,0.8366600265340756,0.8366600265340756,0.8366600265340756,0.0,0.5477225575051661,135.12660729848878,0.8944271909999159,0.4472135954999579,0.447213595499958,0.447213595499958,0.0,0.447213595499958,73.40776525681734,2.1908902300206643,1.0954451150103321,1.0954451150103321,1.0954451150103321,0.0,0.5477225575051661,143.30980427032898,2.6076809620810595,1.3038404810405297,1.3038404810405297,1.3038404810405297,0.0,0.8366600265340756,134.3826625722232
0.0,1.4142135623730951,0.7071067811865476,0.7071067811865476,0.7071067811865476,0.0,0.7071067811865476,70.34699709298187,1.0954451150103324,0.5477225575051662,0.5477225575051662,0.5477225575051662,0.0,0.5477225575051662,103.18284741176704,1.6733200530681511,0.8366600265340756,0.8366600265340756,0.8366600265340756,0.0,0.8366600265340756,139.25228902966012,2.0,1.0,1.0,1.0,0.0,1.0,145.01999862087987,1.7888543819998317,0.8944271909999159,0.8944271909999159,0.8944271909999159,0.0,0.8944271909999159,128.89336678045152,4.774934554525329,2.3874672772626644,2.3874672772626644,2.3874672772626644,0.0,1.51657508881031,182.01868036001142,3.3466401061363023,1.6733200530681511,1.6733200530681511,1.6733200530681511,0.0,1.3038404810405297,160.98291834850056,2.6076809620810595,1.3038404810405297,1.3038404810405297,1.3038404810405297,0.0,1.0,114.95346884718181,2.0,1.0,1.0,1.0,0.0,0.5477225575051661,122.73467317754995,1.0954451150103321,0.5477225575051661,0.5477225575051661,0.5477225575051661,0.0,0.5477225575051661,109.21996154549772,1.7888543819998317,0.8944271909999159,0.8944271909999159,0.8944271909999159,0.0,0.5477225575051662,104.59349884194523,2.0,1.0,1.0,1.0,0.0,0.5477225575051661,98.78107106121091,3.847076812334269,1.9235384061671346,1.9235384061671346,1.9235384061671346,0.0,1.5811388300841898,164.17460217707244,2.280350850198276,1.140175425099138,1.140175425099138,1.140175425099138,0.0,0.8366600265340756,58.862551762559534,3.6331804249169903,1.816590212458495,1.8165902124584952,1.8165902124584952,0.0,0.9999999999999999,106.00330183536738,1.7888543819998317,0.8944271909999159,0.8944271909999159,0.8944271909999159,0.0,0.447213595499958,103.19738368776605,2.1908902300206647,1.0954451150103324,1.0954451150103324,1.0954451150103324,0.0,0.7071067811865476,157.69527576944085,2.1908902300206643,1.0954451150103321,1.0954451150103321,1.0954451150103321,0.0,0.5477225575051661,86.03197080155725,2.280350850198276,1.140175425099138,1.140175425099138,1.140175425099138,0.0,0.7071067811865476,159.219031525757,2.280350850198276,1.140175425099138,1.140175425099138,1.140175425099138,0.0,0.7071067811865476,135.84366013914672
0.0,0.8944271909999159,0.4472135954999579,0.4472135954999579,0.4472135954999579,0.0,0.4472135954999579,86.98448137455324,0.894427190999916,0.447213595499958,0.447213595499958,0.447213595499958,0.0,0.0,98.12899673389106,1.0954451150103321,0.5477225575051661,0.5477225575051661,0.5477225575051661,0.0,0.5477225575051661,138.1274773533492,1.6733200530681511,0.8366600265340756,0.8366600265340756,0.8366600265340756,0.0,0.8366600265340756,139.57614409346607,2.0,1.0,1.0,1.0,0.0,0.5477225575051661,123.58600244364246,1.4142135623730951,0.7071067811865476,0.7071067811865476,0.7071067811865476,0.0,0.7071067811865476,73.10745516019553,3.03315017762062,1.51657508881031,1.51657508881031,1.51657508881031,0.0,1.140175425099138,168.32023051315014,2.280350850198276,1.140175425099138,1.140175425099138,1.140175425099138,0.0,0.8944271909999159,118.98739429031968,2.6076809620810595,1.3038404810405297,1.3038404810405297,1.3038404810405297,0.0,0.8366600265340756,151.71189801726166,2.2803508501982757,1.1401754250991378,1.1401754250991378,1.1401754250991378,0.0,1.1401754250991378,137.1203850636367,1.7888543819998317,0.8944271909999159,0.8944271909999159,0.8944271909999159,0.0,0.5477225575051661,133.97686367429264,2.0,1.0,1.0,1.0,0.0,0.5477225575051661,103.87877550298712,4.979959839195493,2.4899799195977463,2.4899799195977463,2.4899799195977463,0.0,1.788854381999832,227.36930311719743,2.1908902300206643,1.0954451150103324,1.0954451150103321,1.0954451150103321,0.0,0.7071067811865476,79.0664277680483,4.33589667773576,2.16794833886788,2.16794833886788,2.16794833886788,0.0,1.3416407864998738,162.2273096614747,2.6832815729997477,1.3416407864998738,1.3416407864998738,1.3416407864998738,0.0,0.8944271909999159,102.14058938541524,3.63318042491699,1.816590212458495,1.816590212458495,1.816590212458495,0.0,1.0954451150103324,224.96844223134943,0.8944271909999159,0.4472135954999579,0.4472135954999579,0.4472135954999579,0.0,0.4472135954999579,89.25413155703214,2.1908902300206643,1.0954451150103321,1.0954451150103321,1.0954451150103321,0.0,0.5477225575051661,160.6004358649129,3.847076812334269,1.9235384061671346,1.9235384061671346,1.9235384061671346,0.0,1.224744871391589,219.64334727006872
0.0,0.8944271909999159,0.4472135954999579,0.447213595499958,0.447213595499958,0.0,0.447213595499958,87.77926862306384,1.0954451150103321,0.5477225575051661,0.5477225575051661,0.5477225575051661,0.0,0.5477225575051661,156.65471585624226,1.0954451150103321,0.5477225575051662,0.5477225575051661,0.5477225575051661,0.0,0.5477225575051661,138.27508813954884,0.8944271909999159,0.4472135954999579,0.447213595499958,0.447213595499958,0.0,0.447213595499958,159.5076800658827,1.6733200530681511,0.8366600265340756,0.8366600265340756,0.8366600265340756,0.0,0.4472135954999579,139.53386685675991,0.8944271909999159,0.4472135954999579,0.4472135954999579,0.4472135954999579,0.0,0.4472135954999579,30.57286378473564,2.280350850198276,1.140175425099138,1.140175425099138,1.140175425099138,0.0,0.7071067811865476,171.92352951239687,2.6832815729997477,1.3416407864998738,1.3416407864998738,1.3416407864998738,0.0,1.140175425099138,128.53015210447703,2.280350850198276,1.140175425099138,1.140175425099138,1.140175425099138,0.0,0.7071067811865476,153.09572169071217,2.0,1.0,1.0,1.0,0.0,0.8366600265340757,137.18163142345261,2.9664793948382653,1.4832396974191326,1.4832396974191326,1.4832396974191326,0.0,1.140175425099138,166.9976047732422,2.280350850198276,1.140175425099138,1.140175425099138,1.140175425099138,0.0,0.7071067811865476,104.24634286151242,4.774934554525329,2.3874672772626644,2.3874672772626644,2.3874672772626644,0.0,1.6431676725154984,251.53588213215227,1.6733200530681511,0.8366600265340756,0.8366600265340756,0.8366600265340756,0.0,0.5477225575051662,75.1944146861986,4.147288270665544,2.073644135332772,2.073644135332772,2.073644135332772,0.0,1.3038404810405297,201.23071336155425,2.6832815729997477,1.3416407864998738,1.3416407864998738,1.3416407864998738,0.0,0.8944271909999159,129.62831480814677,3.03315017762062,1.51657508881031,1.51657508881031,1.51657508881031,0.0,0.7071067811865476,223.18982951738639,0.8944271909999159,0.4472135954999579,0.4472135954999579,0.4472135954999579,0.0,0.4472135954999579,72.86151247400784,2.0,1.0,1.0,1.0,0.0,0.5477225575051661,178.88739474876365,3.1622776601683795,1.5811388300841898,1.5811388300841898,1.5811388300841898,0.0,0.8366600265340756,213.7234193999338
0.0,1.1547005383792515,0.5773502691896257,0.5773502691896257,1.224744871391589,0.0,0.5773502691896257,143.31852636697045,1.0954451150103321,0.5477225575051661,0.5477225575051661,0.5477225575051661,0.0,0.5477225575051661,159.7826648920339,2.280350850198276,1.140175425099138,1.140175425099138,1.140175425099138,0.0,0.8944271909999159,182.51630064188785,2.0,1.0,1.0,1.0,0.0,0.5477225575051661,167.88776012562678,2.449489742783178,1.224744871391589,1.224744871391589,1.224744871391589,0.0,0.8944271909999159,191.2425161934448,1.4142135623730951,0.7071067811865476,0.7071067811865476,0.7071067811865476,0.0,0.7071067811865476,62.96189323710017,2.280350850198276,1.140175425099138,1.140175425099138,1.140175425099138,0.0,0.7071067811865476,171.42345230451988,2.6832815729997477,1.3416407864998738,1.3416407864998738,1.3416407864998738,0.0,1.140175425099138,169.05531639081926,3.286335345030997,1.6431676725154984,1.6431676725154984,1.6431676725154984,0.0,1.140175425099138,215.70350020340422,2.0,1.0,1.0,1.0,0.0,1.0,142.0651259106189,2.1908902300206643,1.0954451150103321,1.0954451150103321,1.0954451150103321,0.0,0.7071067811865476,166.26334532902916,2.1908902300206643,1.0954451150103321,1.0954451150103321,1.0954451150103321,0.0,0.7071067811865476,122.76603764885466,5.0199601592044525,2.5099800796022262,2.5099800796022262,2.5099800796022262,0.0,1.8708286933869707,253.83794042656427,2.1908902300206647,1.0954451150103324,1.0954451150103324,1.0954451150103324,0.0,0.8366600265340756,58.977114205427185,2.6076809620810595,1.3038404810405297,1.3038404810405297,1.3038404810405297,0.0,1.0,90.00166665123486,3.3466401061363023,1.6733200530681511,1.6733200530681511,1.6733200530681511,0.0,1.3038404810405297,189.85046747374628,4.147288270665545,2.073644135332772,2.0736441353327724,2.0736441353327724,0.0,1.3038404810405297,274.98854521597804,0.8944271909999159,0.4472135954999579,0.4472135954999579,0.4472135954999579,0.0,0.4472135954999579,88.88363178898577,3.8470768123342687,1.9235384061671343,1.9235384061671343,1.9235384061671343,0.0,1.224744871391589,235.14357316329102,2.6832815729997477,1.3416407864998738,1.3416407864998738,1.3416407864998738,0.0,0.5477225575051662,209.29572379769252
0.0,1.7888543819998317,0.8944271909999159,0.8944271909999159,0.8944271909999159,0.0,0.5477225575051661,143.55591245225673,0.894427190999916,0.4472135954999579,0.447213595499958,0.447213595499958,0.0,0.447213595499958,158.07434959537235,2.280350850198276,1.140175425099138,1.140175425099138,1.140175425099138,0.0,0.8944271909999159,220.7799809765369,2.0,1.0,1.0,1.0,0.0,0.5477225575051661,167.04340753229383,2.6076809620810595,1.3038404810405297,1.3038404810405297,1.3038404810405297,0.0,0.8944271909999159,236.1444473198555,0.8944271909999159,0.4472135954999579,0.4472135954999579,0.4472135954999579,0.0,0.4472135954999579,65.6505902486794,1.6733200530681511,0.8366600265340756,0.8366600265340756,0.8366600265340756,0.0,0.447213595499958,178.28544528367985,3.03315017762062,1.51657508881031,1.51657508881031,1.51657508881031,0.0,1.0954451150103321,96.42458192805401,2.280350850198276,1.140175425099138,1.140175425099138,1.140175425099138,0.0,0.7071067811865476,220.59759744838564,3.1622776601683795,1.5811388300841898,1.5811388300841898,1.5811388300841898,0.0,1.3038404810405297,196.0714155607594,2.9664793948382653,1.4832396974191326,1.4832396974191326,1.4832396974191326,0.0,0.7071067811865476,166.72522304678438,2.8284271247461903,1.4142135623730951,1.4142135623730951,1.4142135623730951,0.0,0.8944271909999159,208.2289605218256,4.8166378315169185,2.4083189157584592,2.4083189157584592,2.4083189157584592,0.0,1.7888543819998317,250.0403967362074,2.0,1.0,1.0,1.0,0.0,0.5477225575051661,62.535589866891,2.280350850198276,1.140175425099138,1.140175425099138,1.140175425099138,0.0,0.8944271909999159,89.65322080103982,2.82842712474619,1.414213562373095,1.414213562373095,1.414213562373095,0.0,0.8944271909999159,189.66154064543502,4.147288270665545,2.0736441353327724,2.0736441353327724,2.0736441353327724,0.0,1.3038404810405297,276.8284667443,0.8944271909999159,0.4472135954999579,0.447213595499958,0.447213595499958,0.0,0.447213595499958,53.784756204709154,2.9664793948382653,1.4832396974191326,1.4832396974191326,1.4832396974191326,0.0,0.8944271909999159,234.33672354114708,2.2803508501982757,1.140175425099138,1.140175425099138,1.140175425099138,0.0,0.5477225575051662,207.12194475718888
0.0,2.1908902300206643,1.0954451150103321,1.0954451150103324,1.0954451150103324,0.0,0.7071067811865476,159.78829744383663,0.894427190999916,0.4472135954999579,0.447213595499958,0.447213595499958,0.0,0.447213595499958,154.08990881949407,1.6733200530681511,0.8366600265340756,0.8366600265340756,0.8366600265340756,0.0,0.8366600265340756,259.43168657664006,2.1908902300206643,1.0954451150103321,1.0954451150103321,1.0954451150103321,0.0,0.5477225575051661,168.38260005119292,2.6832815729997477,1.3416407864998738,1.3416407864998738,1.3416407864998738,0.0,0.8366600265340756,239.1156623895641,1.6733200530681511,0.8366600265340756,0.8366600265340756,0.8366600265340756,0.0,0.8366600265340756,101.10539055856518,1.6733200530681511,0.8366600265340756,0.8366600265340756,0.8366600265340756,0.0,0.5477225575051661,179.02038990014518,2.6076809620810595,1.3038404810405297,1.3038404810405297,1.3038404810405297,0.0,0.8366600265340757,94.18067742376884,3.286335345030997,1.6431676725154984,1.6431676725154984,1.6431676725154984,0.0,1.140175425099138,281.4654508105746,2.6076809620810595,1.3038404810405297,1.3038404810405297,1.3038404810405297,0.0,1.0,209.30790716071863,2.9664793948382653,1.4832396974191326,1.4832396974191326,1.4832396974191326,0.0,0.7071067811865476,168.26823823883103,2.280350850198276,1.140175425099138,1.140175425099138,1.140175425099138,0.0,0.7071067811865476,206.22511971144544,4.242640687119285,2.1213203435596424,2.1213203435596424,2.1213203435596424,0.0,1.51657508881031,269.22147016907843,1.6733200530681511,0.8366600265340756,0.8366600265340756,0.8366600265340756,0.0,0.5477225575051661,65.57286023958387,1.7888543819998317,0.8944271909999159,0.8944271909999159,0.8944271909999159,0.0,0.5477225575051661,96.66540229058171,4.33589667773576,2.16794833886788,2.16794833886788,2.16794833886788,0.0,1.3038404810405297,208.1381752586488,4.147288270665544,2.073644135332772,2.073644135332772,2.073644135332772,0.0,1.3038404810405297,344.35693691284916,1.0954451150103324,0.5477225575051662,0.5477225575051662,0.5477225575051662,0.0,0.5477225575051662,59.327059593409814,2.9664793948382653,1.4832396974191326,1.4832396974191326,1.4832396974191326,0.0,0.8944271909999159,270.2280518377025,1.673320053068151,0.8366600265340756,0.8366600265340755,0.8366600265340755,0.0,0.5477225575051662,207.11059847337606
0.0,2.6076809620810595,1.3038404810405297,1.3038404810405297,1.3038404810405297,0.0,0.8944271909999159,157.28699882698507,2.280350850198276,1.140175425099138,1.140175425099138,1.140175425099138,0.0,1.140175425099138,251.60743232265614,1.6733200530681511,0.8366600265340756,0.8366600265340756,0.8366600265340756,0.0,0.8366600265340756,285.30124430152773,2.1908902300206643,1.0954451150103321,1.0954451150103321,1.0954451150103321,0.0,0.5477225575051661,168.99319512927138,2.280350850198276,1.140175425099138,1.140175425099138,1.140175425099138,0.0,0.7071067811865476,234.83760346247786,1.6733200530681511,0.8366600265340756,0.8366600265340756,0.8366600265340756,0.0,0.8366600265340756,104.56433426364843,3.286335345030997,1.6431676725154984,1.6431676725154984,1.6431676725154984,0.0,1.224744871391589,271.01346830000904,2.2803508501982757,1.1401754250991378,1.1401754250991378,1.1401754250991378,0.0,0.7071067811865476,91.00988957250745,4.242640687119285,2.1213203435596424,2.1213203435596424,2.1213203435596424,0.0,1.3038404810405297,279.8772945417331,3.1622776601683795,1.5811388300841898,1.5811388300841898,1.5811388300841898,0.0,1.140175425099138,210.35992964440734,5.0990195135927845,2.5495097567963922,2.5495097567963922,2.5495097567963922,0.0,1.6733200530681511,309.41687090396346,2.8284271247461903,1.4142135623730951,1.4142135623730951,1.4142135623730951,0.0,0.8944271909999159,205.62757597170668,4.979959839195493,2.4899799195977463,2.4899799195977463,2.4899799195977463,0.0,1.51657508881031,269.7372795888622,2.449489742783178,1.224744871391589,1.224744871391589,1.224744871391589,0.0,0.8366600265340756,84.39964454901454,1.6733200530681511,0.8366600265340756,0.8366600265340756,0.8366600265340756,0.0,0.8366600265340756,99.95498987044118,1.7888543819998317,0.8944271909999159,0.8944271909999159,0.8944271909999159,0.0,0.5477225575051661,75.3544955526875,3.7416573867739413,1.8708286933869707,1.8708286933869707,1.8708286933869707,0.0,1.0954451150103324,340.9775652444014,1.6733200530681511,0.8366600265340756,0.8366600265340756,0.8366600265340756,0.0,0.5477225575051662,78.88282449304158,3.03315017762062,1.51657508881031,1.5165750888103102,1.5165750888103102,0.0,0.8944271909999159,268.67731575255846,2.1908902300206643,1.0954451150103324,1.0954451150103321,1.0954451150103321,0.0,0.7071067811865476,208.90476299022
0.0,3.1622776601683795,1.5811388300841898,1.5811388300841898,1.5811388300841898,0.0,1.140175425099138,196.6303638810649,1.7888543819998317,0.8944271909999159,0.8944271909999159,0.8944271909999159,0.0,0.8366600265340756,253.77292999845352,1.0954451150103324,0.5477225575051662,0.5477225575051662,0.5477225575051662,0.0,0.5477225575051662,286.54441191550046,3.03315017762062,1.51657508881031,1.51657508881031,1.51657508881031,0.0,1.0,304.06249357656725,2.280350850198276,1.140175425099138,1.140175425099138,1.140175425099138,0.0,0.7071067811865476,260.18416554433134,1.0954451150103321,0.5477225575051661,0.5477225575051661,0.5477225575051661,0.0,0.5477225575051661,96.63487983124934,2.6076809620810595,1.3038404810405297,1.3038404810405297,1.3038404810405297,0.0,0.8944271909999159,268.6214808983079,3.5777087639996634,1.7888543819998317,1.7888543819998317,1.7888543819998317,0.0,1.3416407864998738,177.426040929735,4.774934554525329,2.3874672772626644,2.3874672772626644,2.3874672772626644,0.0,1.5811388300841898,337.91788943469686,3.03315017762062,1.51657508881031,1.51657508881031,1.51657508881031,0.0,1.140175425099138,208.87843354449018,4.774934554525329,2.3874672772626644,2.3874672772626644,2.3874672772626644,0.0,1.51657508881031,311.15864121055677,3.5777087639996634,1.7888543819998317,1.7888543819998317,1.7888543819998317,0.0,1.3038404810405297,249.70842997383969,5.585696017507576,2.792848008753788,2.7928480087537886,2.7928480087537886,0.0,1.6431676725154984,308.73338011948107,3.63318042491699,1.816590212458495,1.816590212458495,1.816590212458495,0.0,1.3038404810405297,191.11724150374295,1.7888543819998317,0.8944271909999159,0.8944271909999159,0.8944271909999159,0.0,0.5477225575051661,103.73861383303712,2.2803508501982757,1.1401754250991378,1.1401754250991378,1.1401754250991378,0.0,0.894427190999916,106.94531312778508,3.2863353450309964,1.6431676725154982,1.6431676725154982,1.6431676725154982,0.0,0.8944271909999159,340.56174183252,2.2803508501982757,1.1401754250991378,1.1401754250991378,1.1401754250991378,0.0,0.8366600265340756,118.48839605632274,3.7416573867739413,1.8708286933869707,1.8708286933869707,1.8708286933869707,0.0,0.8944271909999159,265.4533857384381,2.280350850198276,1.140175425099138,1.140175425099138,1.140175425099138,0.0,0.7071067811865476,204.4517057889222
0.0,2.280350850198276,1.140175425099138,1.140175425099138,1.140175425099138,0.0,0.7071067811865476,194.04432483327102,1.7888543819998317,0.8944271909999159,0.8944271909999159,0.8944271909999159,0.0,0.8366600265340756,251.52037690811454,1.6733200530681511,0.8366600265340756,0.8366600265340756,0.8366600265340756,0.0,0.8366600265340756,285.9580388798329,2.1908902300206647,1.0954451150103324,1.0954451150103324,1.0954451150103324,0.0,0.5477225575051662,309.452258030217,3.8987177379235853,1.9493588689617927,1.9493588689617927,1.9493588689617927,0.0,1.140175425099138,314.80914853288493,2.280350850198276,1.140175425099138,1.140175425099138,1.140175425099138,0.0,1.140175425099138,135.6845606544827,3.286335345030997,1.6431676725154984,1.6431676725154984,1.6431676725154984,0.0,1.0954451150103321,275.28675957989697,3.4641016151377544,1.7320508075688772,1.7320508075688772,1.7320508075688772,0.0,1.3038404810405297,185.28680471096692,5.585696017507577,2.7928480087537886,2.7928480087537886,2.7928480087537886,0.0,1.7888543819998317,379.4528956273756,4.604345773288535,2.3021728866442674,2.3021728866442674,2.3021728866442674,0.0,1.51657508881031,274.23985851804986,4.604345773288535,2.3021728866442674,2.3021728866442674,2.3021728866442674,0.0,1.4142135623730951,311.25841354090335,3.03315017762062,1.51657508881031,1.5165750888103102,1.5165750888103102,0.0,0.8944271909999159,248.21905648035968,5.5497747702046425,2.7748873851023212,2.7748873851023212,2.7748873851023212,0.0,1.5811388300841898,308.7528137523608,3.8470768123342687,1.9235384061671343,1.9235384061671343,1.9235384061671343,0.0,1.140175425099138,190.00605253517585,1.7888543819998317,0.8944271909999159,0.8944271909999159,0.8944271909999159,0.0,0.44721359549995787,106.91585476438937,2.449489742783178,1.224744871391589,1.224744871391589,1.224744871391589,0.0,0.8366600265340756,106.76001124016426,3.63318042491699,1.816590212458495,1.8165902124584952,1.8165902124584952,0.0,0.8944271909999159,342.24362667550145,2.1908902300206643,1.0954451150103321,1.0954451150103321,1.0954451150103321,0.0,0.8944271909999159,121.6194885698834,3.847076812334269,1.9235384061671346,1.9235384061671346,1.9235384061671346,0.0,0.8944271909999159,262.6436749666742,2.280350850198276,1.140175425099138,1.140175425099138,1.140175425099138,0.0,0.7071067811865476,207.3287244932549
0.0,2.6076809620810595,1.3038404810405297,1.3038404810405297,1.3038404810405297,0.0,0.8366600265340756,226.22444607071094,1.7888543819998317,0.8944271909999159,0.8944271909999159,0.8944271909999159,0.0,0.7071067811865476,280.2102781840809,2.280350850198276,1.140175425099138,1.140175425099138,1.140175425099138,0.0,1.140175425099138,336.8103323830788,2.0,1.0,1.0,1.0,0.0,0.5477225575051661,310.0285470726849,3.5777087639996634,1.7888543819998317,1.7888543819998317,1.7888543819998317,0.0,1.0,317.2762203506591,2.0,1.0,1.0,1.0,0.0,0.8366600265340756,147.93309298463276,5.291502622129181,2.6457513110645907,2.6457513110645907,2.6457513110645907,0.0,0.7071067811865476,278.14151074587915,3.847076812334269,1.9235384061671343,1.9235384061671346,1.9235384061671346,0.0,1.51657508881031,197.79484320881573,5.403702434442518,2.701851217221259,2.701851217221259,2.701851217221259,0.0,1.6431676725154984,410.3404683917978,4.242640687119285,2.1213203435596424,2.1213203435596424,2.1213203435596424,0.0,1.3038404810405297,289.918091881138,4.604345773288535,2.3021728866442674,2.3021728866442674,2.3021728866442674,0.0,1.4142135623730951,306.5488541815154,3.8987177379235853,1.9493588689617927,1.949358868961793,1.949358868961793,0.0,0.8944271909999159,265.58237893354294,5.366563145999495,2.6832815729997477,2.6832815729997477,2.6832815729997477,0.0,1.30384048104053,343.931243128623,4.47213595499958,2.23606797749979,2.23606797749979,2.23606797749979,0.0,1.4832396974191326,210.2676865331428,1.7888543819998317,0.8944271909999159,0.8944271909999159,0.8944271909999159,0.0,0.44721359549995787,107.20541031123382,2.449489742783178,1.224744871391589,1.224744871391589,1.224744871391589,0.0,0.8366600265340756,109.42805855903686,4.604345773288536,2.302172886644268,2.302172886644268,2.302172886644268,0.0,0.8366600265340755,344.05769864951435,2.6832815729997477,1.3416407864998738,1.3416407864998738,1.3416407864998738,0.0,1.140175425099138,173.2662690773943,3.0331501776206204,1.5165750888103102,1.5165750888103102,1.5165750888103102,0.0,0.44721359549995787,267.62342946760094,2.6076809620810595,1.3038404810405297,1.3038404810405297,1.3038404810405297,0.0,0.5477225575051662,279.34978074091987
0.0,2.2803508501982757,1.1401754250991378,1.1401754250991378,1.1401754250991378,0.0,0.7071067811865476,239.64202469516903,2.1908902300206647,1.0954451150103324,1.0954451150103321,1.0954451150103321,0.0,0.7071067811865476,283.42053560036896,2.0,1.0,1.0,1.0,0.0,0.8366600265340756,360.2748950454361,2.0,1.0,1.0,1.0,0.0,0.5477225575051661,309.3441449260031,3.5777087639996634,1.7888543819998317,1.7888543819998317,1.7888543819998317,0.0,1.0,315.8873216829064,2.0,1.0,1.0,1.0,0.0,0.5477225575051661,110.33358509538245,5.176871642217914,2.588435821108957,2.588435821108957,2.588435821108957,0.0,0.7071067811865476,277.07886963823137,4.09878030638384,2.04939015319192,2.04939015319192,2.04939015319192,0.0,1.224744871391589,199.9417415148723,4.979959839195493,2.4899799195977463,2.4899799195977463,2.4899799195977463,0.0,1.4142135623730951,410.3307202732937,4.604345773288535,2.3021728866442674,2.3021728866442674,2.3021728866442674,0.0,1.140175425099138,292.2957406463529,5.366563145999495,2.6832815729997477,2.6832815729997477,2.6832815729997477,0.0,1.4142135623730951,346.9953890183557,4.147288270665544,2.073644135332772,2.073644135332772,2.073644135332772,0.0,0.8944271909999159,267.21208804992335,6.099180272790763,3.0495901363953815,3.0495901363953815,3.0495901363953815,0.0,1.30384048104053,348.79979931186887,3.847076812334269,1.9235384061671343,1.9235384061671346,1.9235384061671346,0.0,1.0954451150103324,208.11727463139624,3.03315017762062,1.51657508881031,1.51657508881031,1.51657508881031,0.0,1.0954451150103321,179.13067855618704,2.9664793948382653,1.4832396974191326,1.4832396974191326,1.4832396974191326,0.0,1.140175425099138,165.55120053928937,5.830951894845301,2.9154759474226504,2.9154759474226504,2.9154759474226504,0.0,1.51657508881031,432.7308632394967,3.286335345030997,1.6431676725154984,1.6431676725154984,1.6431676725154984,0.0,1.1401754250991378,199.388314602436,4.774934554525329,2.3874672772626644,2.3874672772626644,2.3874672772626644,0.0,1.3416407864998738,387.50329030861144,2.280350850198276,1.140175425099138,1.140175425099138,1.140175425099138,0.0,0.5477225575051662,282.61227857260553
0.0,3.265986323710904,1.632993161855452,1.632993161855452,2.280350850198276,0.0,0.816496580927726,290.56066492214666,1.6733200530681513,0.8366600265340756,0.8366600265340757,0.8366600265340757,0.0,0.5477225575051661,307.4316184129407,2.6076809620810595,1.3038404810405297,1.3038404810405297,1.3038404810405297,0.0,1.140175425099138,401.4532351345546,2.0,1.0,1.0,1.0,0.0,0.5477225575051661,365.65872066723637,5.0199601592044525,2.5099800796022262,2.5099800796022262,2.5099800796022262,0.0,1.6431676725154984,389.0273769286681,2.6076809620810595,1.3038404810405297,1.3038404810405297,1.3038404810405297,0.0,0.8944271909999159,164.46063358749413,5.215361924162119,2.6076809620810595,2.6076809620810595,2.6076809620810595,0.0,0.8366600265340756,273.80777929050885,5.291502622129181,2.6457513110645907,2.6457513110645907,2.7748873851023212,0.0,1.707825127659933,261.6935230379231,5.761944116355173,2.8809720581775866,2.8809720581775866,2.8809720581775866,0.0,1.3038404810405297,436.2942814202359,4.69041575982343,2.345207879911715,2.345207879911715,2.345207879911715,0.0,1.3038404810405297,289.7459231809828,5.761944116355173,2.8809720581775866,2.8809720581775866,2.8809720581775866,0.0,1.6431676725154984,426.13554181738937,5.176871642217914,2.588435821108957,2.588435821108957,2.588435821108957,0.0,1.3038404810405297,336.48372917572107,5.761944116355173,2.8809720581775866,2.8809720581775866,2.8809720581775866,0.0,1.30384048104053,347.2715076132794,3.847076812334269,1.9235384061671343,1.9235384061671346,1.9235384061671346,0.0,1.0954451150103324,208.34898607864642,2.449489742783178,1.224744871391589,1.224744871391589,1.224744871391589,0.0,0.8366600265340756,175.750391180219,3.4641016151377544,1.7320508075688772,1.7320508075688772,2.16794833886788,0.0,1.2583057392117916,214.07311834978253,6.572670690061994,3.286335345030997,3.286335345030997,3.286335345030997,0.0,1.5165750888103102,490.58617999287344,4.69041575982343,2.345207879911715,2.345207879911715,2.345207879911715,0.0,1.3038404810405297,199.586572694658,4.381780460041329,2.1908902300206643,2.1908902300206643,2.1908902300206643,0.0,0.8944271909999159,388.3152070161559,2.6076809620810595,1.3038404810405297,1.3038404810405297,1.3038404810405297,0.0,0.5477225575051662,284.22614235851
0.0,3.3466401061363023,1.6733200530681511,1.6733200530681511,1.6733200530681511,0.0,0.8366600265340756,291.7306977333719,2.6832815729997477,1.3416407864998738,1.3416407864998738,1.3416407864998738,0.0,0.8944271909999159,308.17284111355434,2.280350850198276,1.140175425099138,1.140175425099138,1.140175425099138,0.0,0.7071067811865476,398.76622224055035,1.6733200530681511,0.8366600265340756,0.8366600265340756,0.8366600265340756,0.0,0.4472135954999579,366.70792192152055,5.0990195135927845,2.5495097567963922,2.5495097567963922,2.5495097567963922,0.0,1.3038404810405297,392.38718123812356,2.6832815729997477,1.3416407864998738,1.3416407864998738,1.3416407864998738,0.0,0.8366600265340756,162.45707125268507,4.560701700396552,2.280350850198276,2.280350850198276,2.280350850198276,0.0,0.8366600265340756,271.50930002487945,2.1908902300206643,1.0954451150103324,1.0954451150103321,1.0954451150103321,0.0,0.7071067811865476,92.01793303481665,6.418722614352485,3.2093613071762426,3.2093613071762426,3.2093613071762426,0.0,1.3038404810405297,433.6406346273375,6.54217089351845,3.271085446759225,3.271085446759225,3.271085446759225,0.0,1.816590212458495,362.36859687340456,5.761944116355173,2.8809720581775866,2.8809720581775866,2.8809720581775866,0.0,1.6431676725154984,424.6025200113631,4.69041575982343,2.345207879911715,2.345207879911715,2.345207879911715,0.0,0.9999999999999999,332.0763466433585,5.8991524815010505,2.9495762407505253,2.9495762407505253,2.9495762407505253,0.0,1.30384048104053,346.8945084604252,3.7416573867739413,1.8708286933869707,1.8708286933869707,1.8708286933869707,0.0,1.0954451150103324,204.89948755426403,2.6076809620810595,1.3038404810405297,1.3038404810405297,1.3038404810405297,0.0,0.8944271909999159,174.9862851768675,3.7416573867739413,1.8708286933869707,1.8708286933869707,1.8708286933869707,0.0,1.3416407864998738,218.0199532152963,6.572670690061994,3.286335345030997,3.286335345030997,3.286335345030997,0.0,1.5165750888103102,495.80338845151107,5.366563145999495,2.6832815729997477,2.6832815729997477,2.6832815729997477,0.0,1.3038404810405297,198.06817008292876,4.69041575982343,2.345207879911715,2.345207879911715,2.345207879911715,0.0,1.0954451150103321,391.184099881373,3.1622776601683795,1.5811388300841898,1.5811388300841898,1.5811388300841898,0.0,0.5477225575051662,282.2732718483987
0.0,3.3466401061363023,1.6733200530681511,1.6733200530681511,1.6733200530681511,0.0,0.8366600265340756,292.3487643209733,2.6832815729997477,1.3416407864998738,1.3416407864998738,1.3416407864998738,0.0,0.8944271909999159,308.9171409941507,3.847076812334269,1.9235384061671346,1.9235384061671346,1.9235384061671346,0.0,1.140175425099138,445.63134988463275,1.0954451150103324,0.5477225575051662,0.5477225575051662,0.5477225575051662,0.0,0.0,365.64641390283043,5.761944116355173,2.8809720581775866,2.8809720581775866,2.8809720581775866,0.0,1.6431676725154984,425.14785663343054,3.03315017762062,1.51657508881031,1.51657508881031,1.51657508881031,0.0,1.0,162.323134518774,3.5777087639996634,1.7888543819998317,1.7888543819998317,1.7888543819998317,0.0,0.5477225575051662,272.1703510671212,1.6733200530681511,0.8366600265340756,0.8366600265340756,0.8366600265340756,0.0,0.8366600265340756,71.27201414300005,7.563068160475615,3.7815340802378077,3.7815340802378077,3.7815340802378077,0.0,1.8708286933869707,471.0746225387226,6.418722614352485,3.2093613071762426,3.2093613071762426,3.2093613071762426,0.0,1.8708286933869707,359.4145239135447,6.324555320336759,3.1622776601683795,3.1622776601683795,3.1622776601683795,0.0,1.5811388300841898,422.2744368298891,4.69041575982343,2.345207879911715,2.345207879911715,2.345207879911715,0.0,0.9999999999999999,332.77214426691427,8.532291603080617,4.266145801540309,4.266145801540309,4.266145801540309,0.0,1.949358868961793,451.2909261219419,5.019960159204453,2.5099800796022267,2.5099800796022267,2.5099800796022267,0.0,1.51657508881031,293.12915242261386,3.03315017762062,1.51657508881031,1.5165750888103102,1.5165750888103102,0.0,0.8944271909999159,172.6224203282992,3.3466401061363023,1.6733200530681511,1.6733200530681511,1.6733200530681511,0.0,0.8366600265340756,220.76276860014235,6.572670690061994,3.286335345030997,3.286335345030997,3.286335345030997,0.0,1.5165750888103102,495.20621967014915,4.816637831516918,2.4083189157584592,2.4083189157584592,2.4083189157584592,0.0,1.140175425099138,196.41588530462602,4.69041575982343,2.345207879911715,2.345207879911715,2.345207879911715,0.0,1.0954451150103321,394.2968424930638,2.280350850198276,1.140175425099138,1.140175425099138,1.140175425099138,0.0,0.5477225575051662,277.53414204382136
0.0,4.0,2.0,2.0,2.0,0.0,1.140175425099138,364.65641362795196,2.6832815729997477,1.3416407864998738,1.3416407864998738,1.3416407864998738,0.0,0.8944271909999159,306.7022986545748,3.847076812334269,1.9235384061671346,1.9235384061671346,1.9235384061671346,0.0,1.140175425099138,460.85648525327275,1.7888543819998317,0.8944271909999159,0.8944271909999159,0.8944271909999159,0.0,0.4472135954999579,418.7628206992593,4.774934554525329,2.3874672772626644,2.3874672772626644,2.3874672772626644,0.0,1.140175425099138,423.3659173811704,3.286335345030997,1.6431676725154984,1.6431676725154984,1.6431676725154984,0.0,1.0954451150103324,205.7692882818036,2.1908902300206647,1.0954451150103324,1.0954451150103324,1.0954451150103324,0.0,0.44721359549995804,261.7135839042368,1.7888543819998317,0.8944271909999159,0.8944271909999159,0.8944271909999159,0.0,0.4472135954999579,81.57818335805229,7.293833011524188,3.646916505762094,3.646916505762094,3.646916505762094,0.0,1.788854381999832,471.6783861912691,6.6332495807108,3.3166247903554,3.3166247903554,3.3166247903554,0.0,1.7888543819998317,394.62450506779226,6.418722614352485,3.2093613071762426,3.2093613071762426,3.2093613071762426,0.0,1.140175425099138,430.36298632665887,4.33589667773576,2.16794833886788,2.16794833886788,2.16794833886788,0.0,0.8366600265340755,330.5484835844812,8.0,4.0,4.0,4.0,0.0,1.6431676725154984,450.87603617846,4.381780460041329,2.1908902300206643,2.1908902300206643,2.1908902300206643,0.0,1.140175425099138,291.28130733021646,3.8987177379235853,1.9493588689617927,1.949358868961793,1.949358868961793,0.0,1.3416407864998738,264.5038752079069,4.604345773288535,2.3021728866442674,2.3021728866442674,2.3021728866442674,0.0,1.140175425099138,275.5851955385122,7.014271166700073,3.5071355833500366,3.5071355833500366,3.5071355833500366,0.0,1.5165750888103102,495.9448558055623,5.727128425310541,2.8635642126552705,2.8635642126552705,2.8635642126552705,0.0,1.6733200530681511,257.29496691540623,5.403702434442518,2.701851217221259,2.701851217221259,2.701851217221259,0.0,1.224744871391589,390.4922534442905,2.6832815729997477,1.3416407864998738,1.3416407864998738,1.3416407864998738,0.0,0.5477225575051662,279.13849609109815
0.0,3.5777087639996634,1.7888543819998317,1.7888543819998317,1.7888543819998317,0.0,0.8944271909999159,363.46774272278964,2.6076809620810595,1.3038404810405297,1.3038404810405297,1.3038404810405297,0.0,0.8366600265340755,301.5886271065273,4.147288270665544,2.073644135332772,2.073644135332772,2.073644135332772,0.0,1.4142135623730951,506.824723153873,1.7888543819998317,0.8944271909999159,0.8944271909999159,0.8944271909999159,0.0,0.4472135954999579,422.3272427869175,6.324555320336759,3.1622776601683795,3.1622776601683795,3.1622776601683795,0.0,1.9235384061671346,496.1735583442552,3.7416573867739413,1.8708286933869707,1.8708286933869707,1.8708286933869707,0.0,1.3416407864998738,263.79215302961535,5.761944116355173,2.8809720581775866,2.8809720581775866,2.8809720581775866,0.0,1.51657508881031,436.5028064056404,1.7888543819998317,0.8944271909999159,0.8944271909999159,0.8944271909999159,0.0,0.4472135954999579,82.14803710375556,6.2289646009589745,3.1144823004794873,3.1144823004794873,3.1144823004794873,0.0,1.3416407864998738,471.7205740690139,6.782329983125268,3.391164991562634,3.391164991562634,3.391164991562634,0.0,1.9235384061671346,437.29246506199945,6.2289646009589745,3.1144823004794873,3.1144823004794873,3.1144823004794873,0.0,1.140175425099138,448.08682194414064,6.164414002968976,3.082207001484488,3.082207001484488,3.082207001484488,0.0,1.51657508881031,403.683910999683,8.07465169527454,4.03732584763727,4.03732584763727,4.03732584763727,0.0,1.5811388300841898,448.08849572378,5.176871642217914,2.588435821108957,2.588435821108957,2.588435821108957,0.0,1.140175425099138,289.3532443225754,3.2863353450309964,1.6431676725154982,1.6431676725154982,1.6431676725154982,0.0,1.0954451150103321,260.18454988719066,4.098780306383839,2.0493901531919194,2.0493901531919194,2.0493901531919194,0.0,0.8366600265340756,274.6789034491,6.54217089351845,3.271085446759225,3.271085446759225,3.271085446759225,0.0,1.6431676725154984,600.0089166004119,6.418722614352485,3.2093613071762426,3.2093613071762426,3.2093613071762426,0.0,2.0,281.3561799570075,6.418722614352485,3.2093613071762426,3.2093613071762426,3.2093613071762426,0.0,1.7320508075688772,480.79652660975,3.286335345030997,1.6431676725154984,1.6431676725154984,1.6431676725154984,0.0,0.8366600265340757,275.5300346604704
0.0,5.761944116355173,2.8809720581775866,2.8809720581775866,2.8809720581775866,0.0,1.6431676725154984,425.02470516429986,3.1622776601683795,1.5811388300841898,1.5811388300841898,1.5811388300841898,0.0,0.8366600265340755,387.6548722768747,4.0,2.0,2.0,2.0,0.0,1.0954451150103321,505.1056325166054,4.147288270665544,2.073644135332772,2.073644135332772,2.073644135332772,0.0,1.3038404810405297,497.9256972681768,7.823042886243179,3.9115214431215897,3.9115214431215897,3.9115214431215897,0.0,1.9235384061671346,495.51821359058033,3.3466401061363023,1.6733200530681511,1.6733200530681511,1.6733200530681511,0.0,1.224744871391589,263.6736619383893,5.366563145999495,2.6832815729997477,2.6832815729997477,2.6832815729997477,0.0,1.3038404810405297,441.54274991216874,1.6733200530681513,0.8366600265340756,0.8366600265340757,0.8366600265340757,0.0,0.5477225575051661,85.37739747731831,7.797435475847171,3.8987177379235853,3.8987177379235853,3.8987177379235853,0.0,1.7888543819998317,538.6025436256313,7.563068160475615,3.7815340802378077,3.7815340802378077,3.7815340802378077,0.0,2.0,436.80624995528626,6.0,3.0,3.0,3.0,0.0,1.140175425099138,447.6455070700476,5.403702434442518,2.701851217221259,2.701851217221259,2.701851217221259,0.0,1.1401754250991378,402.82278982202587,7.92464510246358,3.96232255123179,3.96232255123179,3.96232255123179,0.0,1.5165750888103104,451.4540951193155,4.560701700396552,2.280350850198276,2.280350850198276,2.280350850198276,0.0,0.8366600265340756,291.03900082291375,4.69041575982343,2.345207879911715,2.345207879911715,2.345207879911715,0.0,1.6431676725154982,357.11860774818217,4.33589667773576,2.16794833886788,2.16794833886788,2.16794833886788,0.0,1.0954451150103321,304.4519666548403,6.2289646009589745,3.1144823004794873,3.1144823004794873,3.1144823004794873,0.0,1.51657508881031,595.3038719847201,6.164414002968976,3.082207001484488,3.082207001484488,3.082207001484488,0.0,1.7888543819998317,278.7821730312037,5.830951894845301,2.9154759474226504,2.9154759474226504,2.9154759474226504,0.0,1.3416407864998738,478.6985481490413,3.286335345030997,1.6431676725154984,1.6431676725154984,1.6431676725154984,0.0,0.8366600265340757,279.22356634066546
0.0,5.366563145999495,2.6832815729997477,2.6832815729997477,2.6832815729997477,0.0,1.3038404810405297,423.80714953856074,2.6832815729997477,1.3416407864998738,1.3416407864998738,1.3416407864998738,0.0,0.8366600265340755,387.6566780025852,4.0,2.0,2.0,2.0,0.0,1.0954451150103321,510.6858133921482,3.7416573867739413,1.8708286933869707,1.8708286933869707,1.8708286933869707,0.0,1.0954451150103321,496.92122112061185,7.402702209328699,3.7013511046643495,3.7013511046643495,3.7013511046643495,0.0,1.6733200530681511,501.5638543595421,4.604345773288535,2.3021728866442674,2.3021728866442674,2.3021728866442674,0.0,1.140175425099138,264.3166661412027,5.761944116355173,2.8809720581775866,2.8809720581775866,2.8809720581775866,0.0,1.3038404810405297,445.13851776722265,3.5777087639996634,1.7888543819998317,1.7888543819998317,1.7888543819998317,0.0,1.3416407864998738,160.94968157781486,9.121403400793104,4.560701700396552,4.560701700396552,4.560701700396552,0.0,1.9493588689617927,555.3480890396581,6.782329983125268,3.391164991562634,3.391164991562634,3.391164991562634,0.0,1.6431676725154984,435.51039023196677,5.403702434442518,2.701851217221259,2.701851217221259,2.701851217221259,0.0,0.8366600265340756,453.2894218929006,5.761944116355173,2.8809720581775866,2.8809720581775866,2.8809720581775866,0.0,1.3038404810405297,401.69926562043895,7.615773105863909,3.8078865529319543,3.8078865529319543,3.8078865529319543,0.0,1.3416407864998738,454.07411289347914,4.560701700396552,2.280350850198276,2.280350850198276,2.280350850198276,0.0,0.8366600265340756,287.646832070162,4.774934554525329,2.3874672772626644,2.3874672772626644,2.3874672772626644,0.0,1.140175425099138,354.97084387312714,4.33589667773576,2.16794833886788,2.16794833886788,2.16794833886788,0.0,1.0954451150103321,300.36610993918737,5.403702434442518,2.701851217221259,2.701851217221259,2.701851217221259,0.0,1.3038404810405297,594.800134498976,5.89915248150105,2.949576240750525,2.949576240750525,2.949576240750525,0.0,1.6733200530681511,277.7826488461797,5.830951894845301,2.9154759474226504,2.9154759474226504,2.9154759474226504,0.0,1.3416407864998738,473.5480968180529,2.449489742783178,1.224744871391589,1.224744871391589,1.224744871391589,0.0,0.5477225575051662,262.24835557158406
0.0,5.403702434442518,2.701851217221259,2.701851217221259,2.701851217221259,0.0,1.140175425099138,420.25385185623225,3.03315017762062,1.51657508881031,1.51657508881031,1.51657508881031,0.0,1.0,385.3481542709138,3.5777087639996634,1.7888543819998317,1.7888543819998317,1.7888543819998317,0.0,0.8944271909999159,508.68624907697284,3.63318042491699,1.816590212458495,1.816590212458495,1.816590212458495,0.0,0.894427190999916,501.2289895846009,7.0710678118654755,3.5355339059327378,3.5355339059327378,3.5355339059327378,0.0,1.51657508881031,521.4823103423547,5.549774770204643,2.7748873851023217,2.7748873851023217,2.7748873851023217,0.0,1.140175425099138,267.2626049412824,5.761944116355173,2.8809720581775866,2.8809720581775866,2.8809720581775866,0.0,1.3038404810405297,446.5943349394392,4.147288270665544,2.073644135332772,2.073644135332772,2.073644135332772,0.0,1.3038404810405297,184.34424319733992,9.121403400793104,4.560701700396552,4.560701700396552,4.560701700396552,0.0,1.9493588689617927,558.4251964229408,6.782329983125268,3.391164991562634,3.391164991562634,3.391164991562634,0.0,1.6431676725154984,446.80678150627926,5.549774770204643,2.7748873851023217,2.7748873851023217,2.7748873851023217,0.0,1.0,453.9021921075068,6.2289646009589745,3.1144823004794873,3.1144823004794873,3.1144823004794873,0.0,1.0,398.27226868061,9.23038460737146,4.61519230368573,4.61519230368573,4.61519230368573,0.0,2.1213203435596424,620.2252010358818,5.099019513592785,2.5495097567963927,2.5495097567963927,2.5495097567963927,0.0,1.140175425099138,294.26909453763574,6.099180272790763,3.0495901363953815,3.0495901363953815,3.0495901363953815,0.0,1.6431676725154984,410.9754250560488,4.604345773288535,2.3021728866442674,2.3021728866442674,2.3021728866442674,0.0,1.140175425099138,303.58969020702926,4.774934554525329,2.3874672772626644,2.3874672772626644,2.3874672772626644,0.0,0.8366600265340756,600.4126081287767,5.549774770204643,2.7748873851023217,2.7748873851023217,2.7748873851023217,0.0,1.6431676725154984,276.1237041617398,5.215361924162119,2.6076809620810595,2.6076809620810595,2.6076809620810595,0.0,0.8944271909999157,476.98668744525776,3.3466401061363023,1.6733200530681511,1.6733200530681511,1.6733200530681511,0.0,0.7071067811865476,260.93830688497997
0.0,5.403702434442518,2.701851217221259,2.701851217221259,2.701851217221259,0.0,1.140175425099138,420.42561767808587,5.019960159204453,2.5099800796022267,2.5099800796022267,2.5099800796022267,0.0,1.3038404810405297,387.9583740557742,4.09878030638384,2.04939015319192,2.04939015319192,2.04939015319192,0.0,1.0,612.3257303102655,3.898717737923586,1.949358868961793,1.949358868961793,1.949358868961793,0.0,1.1401754250991378,523.7878387286211,6.870225614927068,3.435112807463534,3.435112807463534,3.435112807463534,0.0,1.51657508881031,523.0838364927748,6.164414002968976,3.082207001484488,3.082207001484488,3.082207001484488,0.0,1.51657508881031,332.6338828201361,4.898979485566356,2.449489742783178,2.449489742783178,2.449489742783178,0.0,1.0954451150103321,454.03579154071105,3.4641016151377544,1.7320508075688772,1.7320508075688772,1.7320508075688772,0.0,0.8944271909999159,188.31011656307794,9.939818911831342,4.969909455915671,4.969909455915671,4.969909455915671,0.0,1.6431676725154984,559.503798021068,6.572670690061994,3.286335345030997,3.286335345030997,3.286335345030997,0.0,1.51657508881031,445.8966247909934,5.727128425310541,2.8635642126552705,2.8635642126552705,2.8635642126552705,0.0,1.0,452.32322513883804,5.507570547286102,2.753785273643051,2.7537852736430515,4.024922359499621,0.0,0.9574271077563382,479.0628351270844,9.09945053286186,4.54972526643093,4.54972526643093,4.54972526643093,0.0,1.7888543819998317,616.4616776410355,4.147288270665544,2.073644135332772,2.0736441353327724,2.0736441353327724,0.0,0.8366600265340756,288.25821757583947,5.5497747702046425,2.7748873851023212,2.7748873851023212,2.7748873851023212,0.0,1.3416407864998738,409.64460206378897,4.47213595499958,2.23606797749979,2.23606797749979,2.23606797749979,0.0,1.140175425099138,375.6783198429209,7.563068160475615,3.7815340802378077,3.7815340802378077,3.7815340802378077,0.0,1.4142135623730951,646.546363380075,7.54983443527075,3.774917217635375,3.774917217635375,4.024922359499621,0.0,2.217355782608345,372.0709609738443,6.418722614352484,3.209361307176242,3.209361307176242,3.209361307176242,0.0,1.3416407864998738,547.0280614374367,5.761944116355174,2.880972058177587,2.880972058177587,2.880972058177587,0.0,1.51657508881031,568.2081484808186
0.0,5.932958789676531,2.9664793948382653,2.9664793948382653,2.9664793948382653,0.0,1.4832396974191326,499.769146706757,5.019960159204453,2.5099800796022267,2.5099800796022267,2.5099800796022267,0.0,1.3038404810405297,386.1207065154626,4.0,2.0,2.0,2.0,0.0,1.0,615.2213422825967,4.381780460041329,2.1908902300206643,2.1908902300206643,2.1908902300206643,0.0,1.51657508881031,582.6776124067236,6.2289646009589745,3.1144823004794873,3.1144823004794873,3.1144823004794873,0.0,1.224744871391589,522.5851126850056,5.830951894845301,2.9154759474226504,2.9154759474226504,2.9154759474226504,0.0,1.140175425099138,348.78216697532,4.979959839195493,2.4899799195977463,2.4899799195977463,2.4899799195977463,0.0,1.0954451150103321,450.6636217845856,3.847076812334269,1.9235384061671343,1.9235384061671346,1.9235384061671346,0.0,1.140175425099138,199.6772395642528,9.09945053286186,4.54972526643093,4.54972526643093,4.54972526643093,0.0,1.4832396974191326,557.5098205413067,6.6332495807108,3.3166247903554,3.3166247903554,3.3166247903554,0.0,1.6733200530681511,446.2185563151761,4.8166378315169185,2.4083189157584592,2.4083189157584592,2.4083189157584592,0.0,0.8366600265340756,466.02274622597554,7.402702209328699,3.70135110466435,3.7013511046643495,3.7013511046643495,0.0,1.7888543819998317,478.7215265684216,9.09945053286186,4.54972526643093,4.54972526643093,4.54972526643093,0.0,1.7888543819998317,616.9375981410113,4.69041575982343,2.345207879911715,2.345207879911715,2.345207879911715,0.0,0.8366600265340756,290.2777979797973,5.656854249492381,2.8284271247461903,2.8284271247461903,2.8284271247461903,0.0,1.3416407864998738,448.15231785632886,4.47213595499958,2.23606797749979,2.23606797749979,2.23606797749979,0.0,1.140175425099138,381.8130432554656,8.67179335547152,4.33589667773576,4.33589667773576,4.33589667773576,0.0,1.6431676725154984,692.0716725889017,8.17312669668102,4.08656334834051,4.08656334834051,4.08656334834051,0.0,2.345207879911715,401.1499719556266,6.418722614352484,3.209361307176242,3.209361307176242,3.209361307176242,0.0,1.3416407864998738,544.4699257075638,5.761944116355174,2.880972058177587,2.880972058177587,2.880972058177587,0.0,1.51657508881031,569.3221407955253
0.0,5.89915248150105,2.949576240750525,2.949576240750525,2.949576240750525,0.0,1.140175425099138,500.0764941486452,5.176871642217914,2.5884358211089573,2.588435821108957,2.588435821108957,0.0,1.3416407864998738,387.5619950407934,4.8166378315169185,2.4083189157584592,2.4083189157584592,2.4083189157584592,0.0,1.3416407864998738,669.5733716330122,4.3817804600413295,2.1908902300206647,2.1908902300206647,2.1908902300206647,0.0,1.224744871391589,584.1482688496133,7.536577472566709,3.7682887362833544,3.7682887362833544,3.7682887362833544,0.0,1.8165902124584947,615.1983420003666,5.549774770204643,2.7748873851023217,2.7748873851023217,2.7748873851023217,0.0,1.0954451150103321,348.563193696638,4.898979485566356,2.449489742783178,2.449489742783178,2.449489742783178,0.0,1.0954451150103321,447.62841732848017,4.381780460041329,2.1908902300206643,2.1908902300206643,2.1908902300206643,0.0,1.4142135623730951,245.92132888385262,9.528903399657276,4.764451699828638,4.764451699828638,4.764451699828638,0.0,1.4832396974191326,596.6856793991288,7.26636084983398,3.63318042491699,3.63318042491699,3.63318042491699,0.0,1.6733200530681511,448.63091734743386,5.830951894845301,2.9154759474226504,2.9154759474226504,2.9154759474226504,0.0,1.140175425099138,465.5655700328365,6.723094525588644,3.361547262794322,3.361547262794322,3.361547262794322,0.0,1.4142135623730951,478.700010444955,9.23038460737146,4.61519230368573,4.61519230368573,4.61519230368573,0.0,1.8165902124584952,620.4117181356264,6.260990336999411,3.1304951684997055,3.1304951684997055,3.1304951684997055,0.0,1.140175425099138,290.20630592735233,5.932958789676531,2.9664793948382653,2.9664793948382653,2.9664793948382653,0.0,1.4142135623730951,445.26082244006153,6.2289646009589745,3.1144823004794873,3.1144823004794873,3.1144823004794873,0.0,1.816590212458495,464.9102063839855,7.745966692414834,3.872983346207417,3.872983346207417,3.872983346207417,0.0,1.4142135623730951,690.1784551838749,8.19756061276768,4.09878030638384,4.09878030638384,4.09878030638384,0.0,2.16794833886788,397.1998237663255,6.782329983125268,3.391164991562634,3.391164991562634,3.391164991562634,0.0,1.3416407864998738,547.1647832234819,5.585696017507576,2.792848008753788,2.792848008753788,2.792848008753788,0.0,1.140175425099138,567.1051930638619
0.0,5.549774770204643,2.7748873851023217,2.7748873851023217,2.7748873851023217,0.0,1.0954451150103321,388.4929857796663,4.69041575982343,2.345207879911715,2.345207879911715,2.345207879911715,0.0,1.1401754250991378,386.78185066003294,4.898979485566356,2.449489742783178,2.449489742783178,2.449489742783178,0.0,1.224744871391589,668.8263601264531,5.176871642217914,2.588435821108957,2.588435821108957,2.588435821108957,0.0,1.3038404810405297,585.510888028566,7.155417527999327,3.5777087639996634,3.5777087639996634,3.5777087639996634,0.0,1.4832396974191326,614.4310376274949,5.0199601592044525,2.5099800796022262,2.5099800796022262,2.5099800796022262,0.0,0.7071067811865476,352.83820654798706,4.898979485566356,2.449489742783178,2.449489742783178,2.449489742783178,0.0,1.0954451150103321,444.48138318719265,4.690415759823429,2.3452078799117144,2.3452078799117144,2.3452078799117144,0.0,1.140175425099138,246.63373654064443,9.85900603509299,4.929503017546495,4.929503017546495,4.929503017546495,0.0,1.4832396974191326,599.9283290527294,7.127411872482185,3.5637059362410923,3.5637059362410923,3.5637059362410923,0.0,1.3038404810405297,447.44385122605047,5.477225575051661,2.7386127875258306,2.7386127875258306,2.7386127875258306,0.0,1.140175425099138,462.30801420697867,6.841052550594828,3.420526275297414,3.420526275297414,3.420526275297414,0.0,1.3038404810405297,478.8167708006895,9.85900603509299,4.929503017546495,4.929503017546495,4.929503017546495,0.0,2.073644135332772,623.3805418843292,6.2289646009589745,3.1144823004794873,3.1144823004794873,3.1144823004794873,0.0,1.140175425099138,290.23645532565337,6.870225614927067,3.4351128074635335,3.4351128074635335,3.4351128074635335,0.0,1.7888543819998317,444.42097160237614,4.147288270665545,2.0736441353327724,2.073644135332772,2.073644135332772,0.0,1.140175425099138,410.76793935262276,7.92464510246358,3.96232255123179,3.96232255123179,3.96232255123179,0.0,1.4142135623730951,689.1917730211236,7.797435475847171,3.8987177379235853,3.8987177379235853,3.8987177379235853,0.0,1.9493588689617927,399.42233287586714,6.985699678629192,3.492849839314596,3.492849839314596,3.492849839314596,0.0,1.51657508881031,546.1266336665884,5.89915248150105,2.949576240750525,2.949576240750525,2.949576240750525,0.0,1.140175425099138,562.7297752918357
0.0,5.215361924162119,2.6076809620810595,2.6076809620810595,2.6076809620810595,0.0,0.8944271909999159,386.66755747023825,4.979959839195493,2.4899799195977463,2.4899799195977463,2.4899799195977463,0.0,1.1401754250991378,387.3457112193189,5.019960159204453,2.5099800796022267,2.5099800796022267,2.5099800796022267,0.0,1.140175425099138,669.8484903319556,5.5497747702046425,2.7748873851023212,2.7748873851023212,2.7748873851023212,0.0,1.51657508881031,588.5885659779673,7.4833147735478835,3.7416573867739418,3.7416573867739418,3.7416573867739418,0.0,1.224744871391589,614.4040201691391,5.549774770204643,2.7748873851023217,2.7748873851023217,2.7748873851023217,0.0,0.7071067811865476,352.2196757706758,4.979959839195493,2.4899799195977463,2.4899799195977463,2.4899799195977463,0.0,1.0954451150103321,444.6440149153028,4.147288270665544,2.073644135332772,2.073644135332772,2.073644135332772,0.0,0.8366600265340756,246.74723909296333,9.338094023943002,4.669047011971501,4.669047011971501,4.669047011971501,0.0,1.140175425099138,598.7080256686058,7.92464510246358,3.96232255123179,3.96232255123179,3.96232255123179,0.0,1.5811388300841898,515.7475157477736,5.176871642217915,2.5884358211089573,2.5884358211089573,2.5884358211089573,0.0,1.140175425099138,460.8054904186798,6.6932802122726045,3.3466401061363023,3.3466401061363023,3.3466401061363023,0.0,1.1401754250991378,479.68010173447885,10.770329614269007,5.385164807134504,5.385164807134504,5.385164807134504,0.0,2.3021728866442674,680.404291579646,6.2289646009589745,3.1144823004794873,3.1144823004794873,3.1144823004794873,0.0,1.140175425099138,288.5380390867034,7.155417527999327,3.5777087639996634,3.5777087639996634,3.5777087639996634,0.0,2.0,484.2832848653771,4.8166378315169185,2.4083189157584592,2.4083189157584592,2.4083189157584592,0.0,1.140175425099138,416.0296864407635,7.293833011524188,3.646916505762094,3.646916505762094,3.646916505762094,0.0,1.0954451150103324,691.4793561632914,7.797435475847171,3.8987177379235853,3.8987177379235853,3.8987177379235853,0.0,1.9493588689617927,402.1088161182244,7.293833011524188,3.646916505762094,3.646916505762094,3.646916505762094,0.0,1.51657508881031,547.0230342499299,6.099180272790763,3.0495901363953815,3.0495901363953815,3.0495901363953815,0.0,1.2247448713915892,561.3997684360049
0.0,5.019960159204453,2.5099800796022267,2.5099800796022267,2.5099800796022267,0.0,0.8944271909999159,385.8572274818757,4.3817804600413295,2.1908902300206647,2.1908902300206647,2.1908902300206647,0.0,0.8366600265340755,385.4071872708136,5.019960159204453,2.5099800796022267,2.5099800796022267,2.5099800796022267,0.0,1.140175425099138,692.8491899396289,4.690415759823429,2.3452078799117144,2.3452078799117144,2.3452078799117144,0.0,1.0954451150103324,590.7193072856177,7.4833147735478835,3.7416573867739418,3.7416573867739418,3.7416573867739418,0.0,1.224744871391589,615.0699147251473,5.656854249492381,2.8284271247461903,2.8284271247461903,2.8284271247461903,0.0,0.894427190999916,353.13949085311884,6.099180272790763,3.0495901363953815,3.0495901363953815,3.0495901363953815,0.0,1.0954451150103321,507.1109346089867,4.774934554525329,2.3874672772626644,2.3874672772626644,2.3874672772626644,0.0,1.0954451150103321,290.2502368646751,10.039920318408907,5.019960159204453,5.019960159204453,5.019960159204453,0.0,1.3038404810405297,678.3319983606847,7.293833011524188,3.646916505762094,3.646916505762094,3.646916505762094,0.0,1.5811388300841898,518.077214322344,5.215361924162119,2.6076809620810595,2.6076809620810595,2.6076809620810595,0.0,1.3038404810405297,461.48921980908716,7.797435475847171,3.8987177379235853,3.8987177379235853,3.8987177379235853,0.0,1.5165750888103102,558.5125781931863,10.13903348450926,5.06951674225463,5.06951674225463,5.06951674225463,0.0,1.9235384061671346,679.055446926096,5.830951894845301,2.9154759474226504,2.9154759474226504,2.9154759474226504,0.0,0.8944271909999159,286.82834587955216,6.6332495807108,3.3166247903554,3.3166247903554,3.3166247903554,0.0,1.51657508881031,484.7439530308759,4.69041575982343,2.345207879911715,2.345207879911715,2.345207879911715,0.0,0.8944271909999159,413.8689406080142,10.25670512396647,5.128352561983235,5.128352561983235,5.128352561983235,0.0,2.4083189157584592,840.7843362004314,9.23038460737146,4.61519230368573,4.61519230368573,4.61519230368573,0.0,2.345207879911715,501.4272629205556,8.78635305459552,4.39317652729776,4.39317652729776,4.39317652729776,0.0,1.949358868961793,677.6372923622193,6.066300355241241,3.0331501776206204,3.0331501776206204,3.0331501776206204,0.0,0.8366600265340756,562.4002133712255
0.0,4.774934554525329,2.3874672772626644,2.3874672772626644,2.3874672772626644,0.0,0.8944271909999159,386.5802633347957,4.3817804600413295,2.1908902300206647,2.1908902300206647,2.1908902300206647,0.0,0.8366600265340755,385.1787896548822,5.656854249492381,2.8284271247461903,2.8284271247461903,2.8284271247461903,0.0,1.3416407864998738,688.8670408721846,4.3817804600413295,2.1908902300206647,2.1908902300206647,2.1908902300206647,0.0,1.0954451150103324,590.0133049347278,6.418722614352485,3.2093613071762426,3.2093613071762426,3.2093613071762426,0.0,0.894427190999916,609.968605749509,7.563068160475615,3.7815340802378077,3.7815340802378077,3.7815340802378077,0.0,1.4832396974191326,429.9694175171067,6.099180272790763,3.0495901363953815,3.0495901363953815,3.0495901363953815,0.0,1.0954451150103321,505.8573909710127,5.830951894845301,2.9154759474226504,2.9154759474226504,2.9154759474226504,0.0,1.6733200530681511,330.9974320142076,9.838699100999074,4.919349550499537,4.919349550499537,4.919349550499537,0.0,1.3038404810405297,679.9530866170106,8.049844718999243,4.024922359499621,4.024922359499621,4.024922359499621,0.0,1.6431676725154984,520.8798325909729,4.604345773288535,2.3021728866442674,2.3021728866442674,2.3021728866442674,0.0,1.0,461.2479810253916,7.797435475847171,3.8987177379235853,3.8987177379235853,3.8987177379235853,0.0,1.5165750888103102,559.4206824921653,10.89954127475097,5.449770637375485,5.449770637375485,5.449770637375485,0.0,1.9235384061671346,680.4707929073811,5.761944116355173,2.8809720581775866,2.8809720581775866,2.8809720581775866,0.0,0.8366600265340757,285.55699956400997,6.54217089351845,3.271085446759225,3.271085446759225,3.271085446759225,0.0,1.51657508881031,489.75075293459224,4.098780306383839,2.0493901531919194,2.04939015319192,2.04939015319192,0.0,0.8366600265340756,412.1822412477277,9.736529155710468,4.868264577855234,4.868264577855234,4.868264577855234,0.0,2.16794833886788,840.8663984248627,8.555699854482976,4.277849927241488,4.277849927241488,4.277849927241488,0.0,2.04939015319192,503.73276645459543,8.414273587185052,4.207136793592526,4.207136793592526,4.207136793592526,0.0,1.51657508881031,677.6798654231952,6.418722614352485,3.2093613071762426,3.2093613071762426,3.2093613071762426,0.0,0.8366600265340756,558.8434485614017
0.0,4.147288270665545,2.0736441353327724,2.0736441353327724,2.0736441353327724,0.0,0.7071067811865475,388.485263555775,4.33589667773576,2.16794833886788,2.16794833886788,2.16794833886788,0.0,0.8366600265340755,382.39992154810915,5.215361924162119,2.6076809620810595,2.6076809620810595,2.6076809620810595,0.0,1.224744871391589,734.3342563165633,6.928203230275509,3.4641016151377544,3.4641016151377544,3.4641016151377544,0.0,1.9493588689617927,677.5966351746442,8.532291603080617,4.266145801540309,4.266145801540309,4.266145801540309,0.0,1.51657508881031,628.2382509844493,8.0,4.0,4.0,4.0,0.0,1.5165750888103102,428.16153493745793,6.099180272790763,3.0495901363953815,3.0495901363953815,3.0495901363953815,0.0,1.0954451150103321,507.3946196009571,5.215361924162119,2.6076809620810595,2.6076809620810595,2.6076809620810595,0.0,1.3038404810405297,331.8391176458857,9.20869154657707,4.604345773288535,4.604345773288535,4.604345773288535,0.0,1.3038404810405297,682.3003004542794,8.831760866327848,4.415880433163924,4.415880433163924,4.415880433163924,0.0,1.6431676725154984,524.7468913676383,5.176871642217914,2.5884358211089573,2.588435821108957,2.588435821108957,0.0,0.8944271909999159,463.4051143438104,7.797435475847171,3.8987177379235853,3.8987177379235853,3.8987177379235853,0.0,1.5165750888103102,562.1860901872262,10.89954127475097,5.449770637375485,5.449770637375485,5.449770637375485,0.0,1.9235384061671346,679.8016622515718,6.572670690061994,3.286335345030997,3.286335345030997,3.286335345030997,0.0,0.8944271909999159,263.18149631005593,7.6681158050723255,3.8340579025361627,3.8340579025361627,3.8340579025361627,0.0,1.816590212458495,535.6091858808995,3.7416573867739413,1.8708286933869707,1.8708286933869707,1.8708286933869707,0.0,0.7071067811865476,415.26654091077455,9.528903399657276,4.764451699828638,4.764451699828638,4.764451699828638,0.0,1.8708286933869707,842.2524562148809,8.555699854482976,4.277849927241488,4.277849927241488,4.277849927241488,0.0,2.04939015319192,506.12468819451993,8.414273587185052,4.207136793592526,4.207136793592526,4.207136793592526,0.0,1.51657508881031,681.2854027498314,6.870225614927067,3.4351128074635335,3.4351128074635335,3.4351128074635335,0.0,0.8366600265340756,559.3033166359735
0.0,3.847076812334269,1.9235384061671346,1.9235384061671346,1.9235384061671346,0.0,0.7071067811865475,388.9160577811104,4.33589667773576,2.16794833886788,2.16794833886788,2.16794833886788,0.0,0.8366600265340755,388.2682062698413,4.898979485566356,2.449489742783178,2.449489742783178,2.449489742783178,0.0,1.224744871391589,735.7227738761387,6.06630035524124,3.03315017762062,3.03315017762062,3.03315017762062,0.0,1.51657508881031,673.4029254465709,9.528903399657276,4.764451699828638,4.764451699828638,4.764451699828638,0.0,1.8708286933869707,673.5162952742866,8.19756061276768,4.09878030638384,4.09878030638384,4.09878030638384,0.0,1.5165750888103104,430.1863549672397,6.2289646009589745,3.1144823004794873,3.1144823004794873,3.1144823004794873,0.0,1.140175425099138,508.2184569651126,5.215361924162119,2.6076809620810595,2.6076809620810595,2.6076809620810595,0.0,1.3038404810405297,337.9168536785344,10.353743284435827,5.176871642217914,5.176871642217914,5.176871642217914,0.0,1.3416407864998738,710.6616635221011,8.294576541331088,4.147288270665544,4.147288270665544,4.147288270665544,0.0,1.3416407864998738,525.2320439577159,5.176871642217914,2.5884358211089573,2.588435821108957,2.588435821108957,0.0,0.8944271909999159,460.4815957234339,8.318653737234168,4.159326868617084,4.159326868617084,4.159326868617084,0.0,1.5165750888103102,561.2747099237592,11.541230437002806,5.770615218501403,5.770615218501403,5.770615218501403,0.0,2.3021728866442674,762.4470473416499,6.572670690061994,3.286335345030997,3.286335345030997,3.286335345030997,0.0,0.8944271909999159,264.73571727290596,8.532291603080617,4.266145801540309,4.266145801540309,4.266145801540309,0.0,2.3021728866442674,546.0784742141005,3.286335345030997,1.6431676725154984,1.6431676725154984,1.6431676725154984,0.0,0.4472135954999579,414.6275437063968,9.736529155710468,4.868264577855234,4.868264577855234,4.868264577855234,0.0,1.6431676725154984,846.1413593484247,8.648699324175862,4.324349662087931,4.324349662087931,4.324349662087931,0.0,1.8708286933869707,504.36524463923956,7.563068160475615,3.7815340802378077,3.7815340802378077,3.7815340802378077,0.0,1.0954451150103321,680.330434421392,6.870225614927067,3.4351128074635335,3.4351128074635335,3.4351128074635335,0.0,0.8366600265340756,559.5584866660499
0.0,3.8987177379235853,1.9493588689617927,1.9493588689617927,1.9493588689617927,0.0,1.3416407864998738,403.71066371846064,4.33589667773576,2.16794833886788,2.16794833886788,2.16794833886788,0.0,0.8366600265340755,389.3465037726678,4.09878030638384,2.04939015319192,2.04939015319192,2.04939015319192,0.0,0.8366600265340756,737.049726951988,6.418722614352485,3.2093613071762426,3.2093613071762426,3.2093613071762426,0.0,1.51657508881031,674.2008602783002,9.654014708917737,4.8270073544588685,4.8270073544588685,4.8270073544588685,0.0,1.9235384061671346,677.0387728926609,8.78635305459552,4.39317652729776,4.39317652729776,4.39317652729776,0.0,1.5165750888103104,430.7716332350588,7.1274118724821856,3.5637059362410928,3.5637059362410928,3.5637059362410928,0.0,1.140175425099138,509.32435637813353,4.69041575982343,2.345207879911715,2.345207879911715,2.345207879911715,0.0,1.0954451150103321,346.15343418778906,10.353743284435827,5.176871642217914,5.176871642217914,5.176871642217914,0.0,1.3416407864998738,712.000491572864,7.483314773547883,3.7416573867739413,3.7416573867739413,3.7416573867739413,0.0,1.3038404810405297,522.7061315882951,5.176871642217914,2.5884358211089573,2.588435821108957,2.588435821108957,0.0,0.8944271909999159,459.8247492251803,7.92464510246358,3.96232255123179,3.96232255123179,3.96232255123179,0.0,1.5165750888103102,554.7375054924627,9.09945053286186,4.54972526643093,4.54972526643093,4.54972526643093,0.0,1.9235384061671346,705.4280260947959,6.2289646009589745,3.1144823004794873,3.1144823004794873,3.1144823004794873,0.0,0.8944271909999159,260.87832412831847,8.049844718999243,4.024922359499621,4.024922359499621,4.024922359499621,0.0,1.7888543819998317,544.7308509713765,5.0990195135927845,2.5495097567963922,2.5495097567963922,2.5495097567963922,0.0,1.5165750888103102,414.6193434947289,10.25670512396647,5.128352561983235,5.128352561983235,5.128352561983235,0.0,1.8708286933869707,862.1144355594564,9.959919678390985,4.979959839195493,4.979959839195493,4.979959839195493,0.0,2.3021728866442674,544.7589375127314,7.563068160475615,3.7815340802378077,3.7815340802378077,3.7815340802378077,0.0,1.224744871391589,688.2562749441519,7.694153624668538,3.847076812334269,3.847076812334269,3.847076812334269,0.0,1.2247448713915892,607.6037359990473
0.0,3.8987177379235853,1.9493588689617927,1.9493588689617927,1.9493588689617927,0.0,1.224744871391589,351.57758745403555,5.176871642217914,2.588435821108957,2.588435821108957,2.588435821108957,0.0,1.0,392.8476804055231,5.585696017507576,2.792848008753788,2.792848008753788,2.792848008753788,0.0,1.3038404810405297,824.0999939327752,6.06630035524124,3.03315017762062,3.0331501776206204,3.0331501776206204,0.0,1.0954451150103324,674.2472098570374,5.215361924162119,2.6076809620810595,2.6076809620810595,2.6076809620810595,0.0,0.8944271909999159,606.2575360356357,8.78635305459552,4.39317652729776,4.39317652729776,4.39317652729776,0.0,1.5165750888103104,434.55874171393674,6.324555320336759,3.1622776601683795,3.1622776601683795,3.1622776601683795,0.0,1.140175425099138,505.9953557099116,4.381780460041329,2.1908902300206643,2.1908902300206643,2.1908902300206643,0.0,1.0954451150103321,371.6671898352073,9.838699100999074,4.919349550499537,4.919349550499537,4.919349550499537,0.0,1.3416407864998738,709.3655616112189,7.293833011524188,3.646916505762094,3.646916505762094,3.646916505762094,0.0,1.3038404810405297,523.8990360747002,5.403702434442518,2.701851217221259,2.701851217221259,2.701851217221259,0.0,0.8944271909999159,460.4718232422045,7.211102550927978,3.605551275463989,3.605551275463989,3.605551275463989,0.0,1.1401754250991378,599.4968723855029,8.786353054595518,4.393176527297759,4.393176527297759,4.393176527297759,0.0,1.9235384061671346,708.9536656227965,7.0710678118654755,3.5355339059327378,3.5355339059327378,3.5355339059327378,0.0,0.8944271909999159,260.1336195112043,7.615773105863909,3.8078865529319543,3.8078865529319543,3.8078865529319543,0.0,1.5811388300841898,543.0237563864034,6.418722614352485,3.2093613071762426,3.2093613071762426,3.2093613071762426,0.0,1.6431676725154984,475.52760172254983,10.825894882179487,5.412947441089743,5.412947441089743,5.412947441089743,0.0,2.16794833886788,920.554180914953,9.16515138991168,4.58257569495584,4.58257569495584,4.58257569495584,0.0,1.8708286933869707,573.3291375815465,8.438009243891594,4.219004621945797,4.219004621945797,4.219004621945797,0.0,1.6431676725154982,721.7383875061656,6.841052550594828,3.420526275297414,3.420526275297414,3.420526275297414,0.0,1.2247448713915892,605.0258672156092
0.0,3.8987177379235853,1.9493588689617927,1.9493588689617927,1.9493588689617927,0.0,1.224744871391589,353.2119760144041,5.585696017507577,2.7928480087537886,2.7928480087537886,2.7928480087537886,0.0,1.0,388.7139050767286,7.797435475847171,3.8987177379235853,3.8987177379235853,3.8987177379235853,0.0,2.073644135332772,922.8772941187793,6.418722614352485,3.2093613071762426,3.2093613071762426,3.2093613071762426,0.0,1.4142135623730951,671.3394819314591,5.366563145999495,2.6832815729997477,2.6832815729997477,2.6832815729997477,0.0,0.8944271909999159,606.8963667711316,8.648699324175862,4.324349662087931,4.324349662087931,4.324349662087931,0.0,1.51657508881031,493.6276937125793,6.2289646009589745,3.1144823004794873,3.1144823004794873,3.1144823004794873,0.0,1.140175425099138,508.1079609689264,5.366563145999495,2.6832815729997477,2.6832815729997477,2.6832815729997477,0.0,1.4832396974191326,402.5810477407003,9.838699100999074,4.919349550499537,4.919349550499537,4.919349550499537,0.0,1.3416407864998738,706.6051231062509,4.147288270665544,2.0736441353327724,2.073644135332772,2.073644135332772,0.0,1.3038404810405297,449.7180227653768,5.549774770204643,2.7748873851023217,2.7748873851023217,2.7748873851023217,0.0,0.8944271909999159,462.0663372287576,7.797435475847172,3.898717737923586,3.898717737923586,3.898717737923586,0.0,1.1401754250991378,596.5075858696183,8.07465169527454,4.03732584763727,4.03732584763727,4.03732584763727,0.0,1.5811388300841898,707.4204548922797,6.841052550594828,3.420526275297414,3.420526275297414,3.420526275297414,0.0,0.8944271909999159,259.36402988849477,8.532291603080617,4.266145801540309,4.266145801540309,4.266145801540309,0.0,2.0736441353327724,606.8607748075336,6.6932802122726045,3.3466401061363023,3.3466401061363023,3.3466401061363023,0.0,1.6733200530681511,486.1642726486594,10.620734437881403,5.310367218940701,5.310367218940701,5.310367218940701,0.0,2.04939015319192,925.2342946519005,8.87693640846886,4.43846820423443,4.43846820423443,4.43846820423443,0.0,1.8708286933869707,566.8097564439059,7.92464510246358,3.96232255123179,3.96232255123179,3.96232255123179,0.0,1.3038404810405297,722.3494998959991,7.0710678118654755,3.5355339059327378,3.5355339059327378,3.5355339059327378,0.0,1.2247448713915892,604.0457764110266
0.0,4.3817804600413295,2.1908902300206647,2.1908902300206647,2.1908902300206647,0.0,1.4832396974191324,351.43391981992863,5.549774770204643,2.7748873851023212,2.7748873851023217,2.7748873851023217,0.0,1.0,387.7944042917587,7.127411872482185,3.5637059362410923,3.5637059362410923,3.5637059362410923,0.0,1.816590212458495,925.3891073489033,8.988882021697693,4.494441010848846,4.494441010848846,4.494441010848846,0.0,2.1908902300206643,753.0237048061634,6.164414002968976,3.082207001484488,3.082207001484488,3.082207001484488,0.0,0.8944271909999159,606.7631333560074,8.0,4.0,4.0,4.0,0.0,1.140175425099138,491.25176844465403,7.615773105863909,3.8078865529319543,3.8078865529319543,3.8078865529319543,0.0,1.1401754250991378,506.51920003095637,4.560701700396552,2.280350850198276,2.280350850198276,2.280350850198276,0.0,1.0954451150103321,402.48142814296415,9.38083151964686,4.69041575982343,4.69041575982343,4.69041575982343,0.0,1.0954451150103321,707.7226151537055,4.560701700396552,2.280350850198276,2.280350850198276,2.280350850198276,0.0,1.3038404810405297,448.819228643337,5.019960159204453,2.5099800796022267,2.5099800796022267,2.5099800796022267,0.0,1.4142135623730951,376.5809341960902,7.797435475847172,3.898717737923586,3.898717737923586,3.898717737923586,0.0,1.1401754250991378,599.1282834251776,8.648699324175862,4.324349662087931,4.324349662087931,4.324349662087931,0.0,1.5811388300841898,710.7179468678133,6.841052550594828,3.420526275297414,3.420526275297414,3.420526275297414,0.0,0.8944271909999159,259.71657629038623,8.318653737234168,4.159326868617084,4.159326868617084,4.159326868617084,0.0,2.0,607.6271060444884,6.6932802122726045,3.3466401061363023,3.3466401061363023,3.3466401061363023,0.0,1.6733200530681511,493.52335304421007,10.714476188783099,5.357238094391549,5.357238094391549,5.357238094391549,0.0,2.16794833886788,953.4622698355714,8.87693640846886,4.43846820423443,4.43846820423443,4.43846820423443,0.0,1.8708286933869707,580.7484825636654,7.92464510246358,3.96232255123179,3.96232255123179,3.96232255123179,0.0,1.3038404810405297,721.9867034786721,7.293833011524188,3.646916505762094,3.646916505762094,3.646916505762094,0.0,1.3038404810405297,606.5132315127181
0.0,3.7416573867739413,1.8708286933869707,1.8708286933869707,1.8708286933869707,0.0,1.1401754250991378,351.4213994622411,5.5497747702046425,2.7748873851023212,2.7748873851023212,2.7748873851023212,0.0,1.0,386.4832467261679,7.615773105863909,3.8078865529319543,3.8078865529319543,3.8078865529319543,0.0,2.073644135332772,933.0469977444866,8.78635305459552,4.39317652729776,4.39317652729776,4.39317652729776,0.0,1.8708286933869707,751.1462573959881,6.418722614352485,3.2093613071762426,3.2093613071762426,3.2093613071762426,0.0,0.8366600265340756,603.2919691161154,8.648699324175862,4.324349662087931,4.324349662087931,4.324349662087931,0.0,1.140175425099138,489.9370367710529,10.545141061171254,5.272570530585627,5.272570530585627,5.272570530585627,0.0,1.6431676725154984,602.5526533009377,4.472135954999579,2.2360679774997894,2.2360679774997894,2.2360679774997894,0.0,1.1401754250991378,402.81422517085963,9.38083151964686,4.69041575982343,4.69041575982343,4.69041575982343,0.0,1.0954451150103321,709.939222750793,8.717797887081348,4.358898943540674,4.358898943540674,4.358898943540674,0.0,2.3021728866442674,644.0232915042748,5.549774770204643,2.7748873851023217,2.7748873851023217,2.7748873851023217,0.0,1.3038404810405297,373.62708681250615,7.797435475847172,3.898717737923586,3.898717737923586,3.898717737923586,0.0,1.1401754250991378,599.3598251467978,8.648699324175862,4.324349662087931,4.324349662087931,4.324349662087931,0.0,1.5811388300841898,715.1016011728683,7.694153624668538,3.847076812334269,3.847076812334269,3.847076812334269,0.0,0.8944271909999159,262.3903580545596,7.745966692414834,3.872983346207417,3.872983346207417,3.872983346207417,0.0,1.6431676725154984,606.9452199333973,6.54217089351845,3.271085446759225,3.271085446759225,3.271085446759225,0.0,1.51657508881031,494.121948510689,10.099504938362077,5.049752469181039,5.049752469181039,5.049752469181039,0.0,1.8165902124584952,951.8132695019543,8.87693640846886,4.43846820423443,4.43846820423443,4.43846820423443,0.0,1.8708286933869707,581.8380358828391,6.985699678629192,3.492849839314596,3.492849839314596,3.492849839314596,0.0,1.224744871391589,721.463928412225,7.563068160475615,3.7815340802378077,3.7815340802378077,3.7815340802378077,0.0,1.3038404810405297,604.4499152121704
0.0,5.403702434442518,2.701851217221259,2.701851217221259,2.701851217221259,0.0,1.4832396974191324,395.3055780026384,5.366563145999495,2.6832815729997477,2.6832815729997477,2.6832815729997477,0.0,1.0,387.0652399789989,6.228964600958975,3.1144823004794877,3.1144823004794877,3.1144823004794877,0.0,1.51657508881031,722.1780943783881,8.78635305459552,4.39317652729776,4.39317652729776,4.39317652729776,0.0,1.8708286933869707,753.6247076629056,6.2289646009589745,3.1144823004794873,3.1144823004794873,3.1144823004794873,0.0,1.0,604.3155632614471,8.438009243891594,4.219004621945797,4.219004621945797,4.219004621945797,0.0,1.0,493.8114012454553,9.486832980505138,4.743416490252569,4.743416490252569,4.743416490252569,0.0,1.6431676725154984,603.4234002754616,4.098780306383839,2.0493901531919194,2.0493901531919194,2.0493901531919194,0.0,0.8366600265340757,400.9224363888856,10.059821071967434,5.029910535983717,5.029910535983717,5.029910535983717,0.0,1.0,710.9755973308788,8.717797887081348,4.358898943540674,4.358898943540674,4.358898943540674,0.0,2.3021728866442674,645.2911745871006,6.099180272790763,3.0495901363953815,3.0495901363953815,3.0495901363953815,0.0,1.51657508881031,378.5040290406431,8.648699324175862,4.324349662087931,4.324349662087931,4.324349662087931,0.0,1.4832396974191326,602.3725591359554,8.366600265340756,4.183300132670378,4.183300132670378,4.183300132670378,0.0,1.5811388300841898,714.619968934538,8.414273587185052,4.207136793592526,4.207136793592526,4.207136793592526,0.0,0.8366600265340756,259.51820745373533,7.745966692414834,3.872983346207417,3.872983346207417,3.872983346207417,0.0,1.6431676725154984,603.9813738849899,5.549774770204643,2.7748873851023217,2.7748873851023217,2.7748873851023217,0.0,1.2247448713915892,491.10049887981177,9.736529155710468,4.868264577855234,4.868264577855234,4.868264577855234,0.0,1.8708286933869707,696.9402413406763,10.714476188783099,5.357238094391549,5.357238094391549,5.357238094391549,0.0,2.449489742783178,650.839688402605,7.3484692283495345,3.6742346141747673,3.6742346141747673,3.6742346141747673,0.0,1.3038404810405297,719.4618127461665,7.563068160475615,3.7815340802378077,3.7815340802378077,3.7815340802378077,0.0,1.3038404810405297,604.7960813365113
0.0,5.403702434442518,2.701851217221259,2.701851217221259,2.701851217221259,0.0,1.4832396974191324,391.8324897197781,8.532291603080617,4.266145801540309,4.266145801540309,4.266145801540309,0.0,1.4832396974191326,336.361115469669,7.014271166700072,3.507135583350036,3.507135583350036,3.507135583350036,0.0,1.9235384061671343,765.4552240333853,9.654014708917737,4.8270073544588685,4.8270073544588685,4.8270073544588685,0.0,2.280350850198276,816.5902889454417,6.2289646009589745,3.1144823004794873,3.1144823004794873,3.1144823004794873,0.0,1.0,602.3593611790225,8.87693640846886,4.43846820423443,4.43846820423443,4.43846820423443,0.0,1.0,492.74811009277346,9.486832980505138,4.743416490252569,4.743416490252569,4.743416490252569,0.0,1.6431676725154984,601.7671476576301,4.242640687119285,2.1213203435596424,2.1213203435596424,2.1213203435596424,0.0,0.8366600265340757,403.6673135144831,9.486832980505138,4.743416490252569,4.743416490252569,4.743416490252569,0.0,0.8366600265340757,706.9365600957416,8.717797887081348,4.358898943540674,4.358898943540674,4.358898943540674,0.0,2.3021728866442674,652.5743635785886,6.54217089351845,3.271085446759225,3.271085446759225,3.271085446759225,0.0,1.51657508881031,377.7931973977298,8.414273587185052,4.207136793592526,4.207136793592526,4.207136793592526,0.0,1.140175425099138,602.8216983486908,8.414273587185052,4.207136793592526,4.207136793592526,4.207136793592526,0.0,1.5811388300841898,710.4908866410602,7.999999999999999,3.9999999999999996,3.9999999999999996,3.9999999999999996,0.0,0.8366600265340756,260.17878468468564,7.92464510246358,3.96232255123179,3.96232255123179,3.96232255123179,0.0,1.6431676725154984,603.6855969790897,8.049844718999243,4.024922359499621,4.024922359499621,4.024922359499621,0.0,1.9493588689617927,606.4571707878472,9.338094023943002,4.669047011971501,4.669047011971501,4.669047011971501,0.0,1.6431676725154984,695.5389996254703,10.198039027185569,5.0990195135927845,5.0990195135927845,5.0990195135927845,0.0,2.16794833886788,647.4331625735587,8.197560612767678,4.098780306383839,4.098780306383839,4.098780306383839,0.0,1.3416407864998738,723.8061204493922,8.17312669668102,4.08656334834051,4.08656334834051,4.08656334834051,0.0,1.3038404810405297,610.0186062736119
0.0,4.69041575982343,2.345207879911715,2.345207879911715,2.345207879911715,0.0,1.1401754250991378,390.8315493918064,7.874007874011811,3.9370039370059056,3.9370039370059056,3.9370039370059056,0.0,1.4832396974191326,334.95178757546586,7.155417527999327,3.5777087639996634,3.5777087639996634,3.5777087639996634,0.0,1.7888543819998317,798.8149347627397,8.78635305459552,4.39317652729776,4.39317652729776,4.39317652729776,0.0,1.8708286933869707,814.3618360409579,6.099180272790763,3.0495901363953815,3.0495901363953815,3.0495901363953815,0.0,1.0,601.6945238241744,8.648699324175862,4.324349662087931,4.324349662087931,4.324349662087931,0.0,0.8366600265340756,490.6105380034147,9.486832980505138,4.743416490252569,4.743416490252569,4.743416490252569,0.0,1.6431676725154984,597.1879938511825,8.17312669668102,4.08656334834051,4.08656334834051,4.08656334834051,0.0,1.816590212458495,532.0416337092428,10.639548862616309,5.319774431308154,5.319774431308154,5.319774431308154,0.0,1.140175425099138,708.1332501725929,8.717797887081348,4.358898943540674,4.358898943540674,4.358898943540674,0.0,2.3021728866442674,698.6273684876652,7.0710678118654755,3.5355339059327378,3.5355339059327378,3.5355339059327378,0.0,1.51657508881031,374.7365741424234,7.402702209328699,3.7013511046643495,3.7013511046643495,3.7013511046643495,0.0,1.1401754250991378,598.8468084577223,9.528903399657276,4.764451699828638,4.764451699828638,4.764451699828638,0.0,1.5811388300841898,788.9666025884746,7.999999999999999,3.9999999999999996,3.9999999999999996,3.9999999999999996,0.0,0.8366600265340756,258.8893586071085,8.318653737234168,4.159326868617084,4.159326868617084,4.159326868617084,0.0,1.6431676725154984,666.3642397367973,7.563068160475615,3.7815340802378077,3.7815340802378077,3.7815340802378077,0.0,1.6733200530681511,610.0453261848663,9.011104260855047,4.505552130427524,4.505552130427524,4.505552130427524,0.0,1.6431676725154984,696.3242779050577,10.353743284435827,5.176871642217914,5.176871642217914,5.176871642217914,0.0,1.949358868961793,651.5541420327247,8.648699324175862,4.324349662087931,4.324349662087931,4.324349662087931,0.0,1.3416407864998738,722.3537914346405,11.882760622010357,5.941380311005179,5.941380311005179,5.941380311005179,0.0,2.3021728866442674,895.8664521009814
0.0,5.761944116355173,2.8809720581775866,2.8809720581775866,2.8809720581775866,0.0,1.1401754250991378,391.88990800988995,8.78635305459552,4.39317652729776,4.39317652729776,4.39317652729776,0.0,1.4832396974191326,333.7209912486777,8.29457654133109,4.147288270665545,4.147288270665545,4.147288270665545,0.0,1.9235384061671343,828.6268762235509,9.633275663033837,4.8166378315169185,4.8166378315169185,4.8166378315169185,0.0,1.9235384061671346,812.8954422310412,5.761944116355173,2.8809720581775866,2.8809720581775866,2.8809720581775866,0.0,0.8366600265340756,604.1467536948287,9.838699100999074,4.919349550499537,4.919349550499537,4.919349550499537,0.0,1.1401754250991378,490.6961381547648,9.654014708917737,4.8270073544588685,4.8270073544588685,4.8270073544588685,0.0,1.6431676725154984,601.7758718991648,8.944271909999157,4.472135954999579,4.472135954999579,4.472135954999579,0.0,1.788854381999832,533.41944096555,9.85900603509299,4.929503017546495,4.929503017546495,4.929503017546495,0.0,0.8944271909999159,592.211533153484,8.318653737234168,4.159326868617084,4.159326868617084,4.159326868617084,0.0,1.9235384061671343,698.1470475480077,7.536577472566709,3.7682887362833544,3.7682887362833544,3.7682887362833544,0.0,1.9235384061671346,524.2442178984905,7.874007874011811,3.9370039370059056,3.9370039370059056,3.9370039370059056,0.0,1.1401754250991378,598.1139523535628,9.695359714832659,4.847679857416329,4.847679857416329,4.847679857416329,0.0,1.6431676725154984,785.5120622880338,8.67179335547152,4.33589667773576,4.33589667773576,4.33589667773576,0.0,0.7071067811865476,257.0781982199191,7.949842765740716,3.974921382870358,3.974921382870358,3.974921382870358,0.0,1.5165750888103102,661.8529292826315,7.6681158050723255,3.8340579025361627,3.8340579025361627,3.8340579025361627,0.0,1.7888543819998317,603.8035276478599,10.449880382090505,5.224940191045253,5.224940191045253,5.224940191045253,0.0,2.16794833886788,762.87561240349,11.523888232710346,5.761944116355173,5.761944116355173,5.761944116355173,0.0,2.345207879911715,736.6618627294343,8.717797887081348,4.358898943540674,4.358898943540674,4.358898943540674,0.0,1.3416407864998738,721.5612933077826,12.0,6.0,6.0,6.0,0.0,2.04939015319192,893.8442258022368
0.0,5.761944116355173,2.8809720581775866,2.8809720581775866,2.8809720581775866,0.0,1.1401754250991378,391.582302970908,8.94427190999916,4.47213595499958,4.47213595499958,4.47213595499958,0.0,1.224744871391589,328.8727717522386,7.874007874011811,3.9370039370059056,3.9370039370059056,3.9370039370059056,0.0,1.6733200530681511,845.9930850781228,9.23038460737146,4.61519230368573,4.61519230368573,4.61519230368573,0.0,1.51657508881031,815.2608171622134,5.727128425310541,2.8635642126552705,2.8635642126552705,2.8635642126552705,0.0,0.8944271909999157,605.0456181148658,9.23038460737146,4.61519230368573,4.61519230368573,4.61519230368573,0.0,0.894427190999916,494.8499772658376,9.959919678390985,4.979959839195493,4.979959839195493,4.979959839195493,0.0,1.6431676725154984,604.6267443638264,10.89954127475097,5.449770637375485,5.449770637375485,5.449770637375485,0.0,2.0,558.4475803511016,6.54217089351845,3.271085446759225,3.271085446759225,3.271085446759225,0.0,1.3416407864998738,386.24305819004695,9.055385138137417,4.527692569068709,4.527692569068709,4.527692569068709,0.0,2.0,696.6105798794619,7.823042886243178,3.911521443121589,3.9115214431215892,3.9115214431215892,0.0,1.9235384061671346,521.2468704942025,7.874007874011811,3.9370039370059056,3.9370039370059056,3.9370039370059056,0.0,1.1401754250991378,597.8045667272876,8.988882021697693,4.494441010848846,4.494441010848846,4.494441010848846,0.0,1.3416407864998738,780.7327968005443,8.67179335547152,4.33589667773576,4.33589667773576,4.33589667773576,0.0,0.7071067811865476,256.89550404785217,7.26636084983398,3.63318042491699,3.63318042491699,3.63318042491699,0.0,1.1401754250991378,657.0485522394825,7.014271166700073,3.5071355833500366,3.5071355833500366,3.5071355833500366,0.0,1.6431676725154984,604.0151488166501,11.610340218959994,5.805170109479997,5.805170109479997,5.805170109479997,0.0,1.8708286933869707,796.2088293908829,11.523888232710346,5.761944116355173,5.761944116355173,5.761944116355173,0.0,2.345207879911715,735.6244286318937,8.648699324175862,4.324349662087931,4.324349662087931,4.324349662087931,0.0,1.3416407864998738,721.4809075782948,11.610340218959994,5.805170109479997,5.805170109479997,5.805170109479997,0.0,1.8708286933869707,891.4494938020886
0.0,5.761944116355173,2.8809720581775866,2.8809720581775866,2.8809720581775866,0.0,1.1401754250991378,390.59736302233273,9.85900603509299,4.929503017546495,4.929503017546495,4.929503017546495,0.0,1.224744871391589,330.0042423969728,8.648699324175862,4.324349662087931,4.324349662087931,4.324349662087931,0.0,1.6733200530681511,847.2908591505044,10.059821071967434,5.029910535983717,5.029910535983717,5.029910535983717,0.0,1.9235384061671346,848.6756152971523,5.727128425310541,2.8635642126552705,2.8635642126552705,2.8635642126552705,0.0,0.8944271909999157,603.6345748878207,10.334408546211051,5.167204273105526,5.167204273105526,5.167204273105526,0.0,0.894427190999916,495.15421840069183,10.0,5.0,5.0,5.0,0.0,1.5165750888103102,602.7102952497161,10.430723848324238,5.215361924162119,5.215361924162119,5.215361924162119,0.0,1.816590212458495,553.9321258060413,7.211102550927978,3.605551275463989,3.605551275463989,3.605551275463989,0.0,1.3416407864998738,391.37999437886447,8.555699854482976,4.277849927241488,4.277849927241488,4.277849927241488,0.0,1.6431676725154984,693.1855451464636,7.87400787401181,3.9370039370059056,3.937003937005905,3.937003937005905,0.0,1.8165902124584952,518.0566571331749,8.414273587185052,4.207136793592526,4.207136793592526,4.207136793592526,0.0,1.1401754250991378,595.2877455483189,9.316651759081692,4.658325879540846,4.658325879540846,4.658325879540846,0.0,1.3038404810405297,780.5387882738436,9.273618495495704,4.636809247747852,4.636809247747852,4.636809247747852,0.0,1.0954451150103324,256.6797615707168,7.797435475847172,3.898717737923586,3.8987177379235853,3.8987177379235853,0.0,1.3038404810405297,659.1269225270653,8.12403840463596,4.06201920231798,4.06201920231798,4.06201920231798,0.0,1.3416407864998738,615.7813735409671,11.009087155618307,5.504543577809153,5.504543577809153,5.504543577809153,0.0,1.7888543819998317,795.915196487666,11.523888232710346,5.761944116355173,5.761944116355173,5.761944116355173,0.0,2.345207879911715,736.7409992663637,8.648699324175862,4.324349662087931,4.324349662087931,4.324349662087931,0.0,1.3416407864998738,721.9032483650424,11.781341180018513,5.890670590009257,5.890670590009257,5.890670590009257,0.0,2.0,921.9774943023284
0.0,6.387487769068525,3.1937438845342623,3.1937438845342623,3.1937438845342623,0.0,1.4832396974191326,390.017050909316,10.639548862616309,5.319774431308154,5.319774431308154,5.319774431308154,0.0,1.224744871391589,328.5404084736001,8.555699854482976,4.277849927241488,4.277849927241488,4.277849927241488,0.0,1.51657508881031,848.6402064479387,10.353743284435827,5.176871642217914,5.176871642217914,5.176871642217914,0.0,1.9235384061671346,850.9146255647508,4.560701700396551,2.2803508501982757,2.2803508501982757,2.2803508501982757,0.0,0.8366600265340753,461.60231801844327,10.334408546211051,5.167204273105526,5.167204273105526,5.167204273105526,0.0,0.894427190999916,493.29068509348525,9.011104260855047,4.505552130427524,4.505552130427524,4.505552130427524,0.0,1.1401754250991378,603.6498985339101,10.825894882179487,5.412947441089743,5.412947441089743,5.412947441089743,0.0,2.073644135332772,598.4227602623416,7.402702209328699,3.7013511046643495,3.7013511046643495,3.7013511046643495,0.0,1.3416407864998738,390.0085896489974,8.294576541331088,4.147288270665544,4.147288270665544,4.147288270665544,0.0,1.6431676725154984,693.9994956770502,7.014271166700072,3.5071355833500366,3.507135583350036,3.507135583350036,0.0,1.51657508881031,464.23356190607325,8.602325267042627,4.301162633521313,4.301162633521313,4.301162633521313,0.0,0.8366600265340755,597.3750915463417,9.338094023943002,4.669047011971501,4.669047011971501,4.669047011971501,0.0,1.3038404810405297,785.0856641157065,9.20869154657707,4.604345773288535,4.604345773288535,4.604345773288535,0.0,1.0954451150103324,255.50440309317568,7.155417527999327,3.5777087639996634,3.5777087639996634,3.5777087639996634,0.0,1.224744871391589,657.6901246027646,8.94427190999916,4.47213595499958,4.47213595499958,4.47213595499958,0.0,1.9235384061671346,677.050810500955,11.224972160321824,5.612486080160912,5.612486080160912,5.612486080160912,0.0,1.6733200530681511,797.4369567558302,11.610340218959994,5.805170109479997,5.805170109479997,5.805170109479997,0.0,2.16794833886788,735.9304994359181,8.648699324175862,4.324349662087931,4.324349662087931,4.324349662087931,0.0,1.3416407864998738,721.8633527198898,11.366617790706258,5.683308895353129,5.683308895353129,5.683308895353129,0.0,1.7888543819998317,951.1191828577531
0.0,6.48074069840786,3.24037034920393,3.24037034920393,3.24037034920393,0.0,1.4142135623730951,390.36841573057626,10.639548862616309,5.319774431308154,5.319774431308154,5.319774431308154,0.0,1.224744871391589,324.29415659243693,9.654014708917737,4.8270073544588685,4.8270073544588685,4.8270073544588685,0.0,1.6733200530681511,907.6831495626654,10.714476188783099,5.357238094391549,5.357238094391549,5.357238094391549,0.0,1.9235384061671346,851.2687589709845,4.0,2.0,2.0,2.0,0.0,0.5477225575051663,461.65983147768014,10.256705123966467,5.128352561983234,5.128352561983234,5.128352561983234,0.0,0.894427190999916,490.9594687955412,8.988882021697693,4.494441010848846,4.494441010848846,4.494441010848846,0.0,1.140175425099138,575.2887970402344,11.099549540409285,5.5497747702046425,5.5497747702046425,5.5497747702046425,0.0,2.16794833886788,646.3363675362853,7.694153624668538,3.847076812334269,3.847076812334269,3.847076812334269,0.0,1.51657508881031,388.5644090752523,7.797435475847171,3.8987177379235853,3.8987177379235853,3.8987177379235853,0.0,1.51657508881031,698.2140073072153,7.874007874011811,3.9370039370059056,3.9370039370059056,3.9370039370059056,0.0,1.6733200530681511,528.0574779320903,8.602325267042627,4.301162633521313,4.301162633521313,4.301162633521313,0.0,0.8366600265340755,597.4296611317519,9.654014708917737,4.8270073544588685,4.8270073544588685,4.8270073544588685,0.0,1.3038404810405297,781.5007997436727,8.988882021697693,4.494441010848846,4.494441010848846,4.494441010848846,0.0,0.8366600265340756,252.67310897679633,9.121403400793104,4.560701700396552,4.560701700396552,4.560701700396552,0.0,2.073644135332772,743.6532794252977,8.94427190999916,4.47213595499958,4.47213595499958,4.47213595499958,0.0,1.9235384061671346,675.650279360558,11.781341180018513,5.890670590009257,5.890670590009257,5.890670590009257,0.0,1.6733200530681511,793.9546586550141,11.189280584559492,5.594640292279746,5.594640292279746,5.594640292279746,0.0,1.949358868961793,736.4356726829574,8.648699324175862,4.324349662087931,4.324349662087931,4.324349662087931,0.0,1.3416407864998738,722.2927384378165,11.189280584559492,5.594640292279746,5.594640292279746,5.594640292279746,0.0,1.7888543819998317,949.7405961629734
0.0,5.019960159204453,2.5099800796022267,2.5099800796022267,2.5099800796022267,0.0,1.0954451150103321,393.64489073275166,10.639548862616309,5.319774431308154,5.319774431308154,5.319774431308154,0.0,1.224744871391589,325.4181924846858,9.423375191511797,4.711687595755898,4.711687595755898,4.711687595755898,0.0,1.6733200530681511,907.3810114830484,13.16054710108968,6.58027355054484,6.58027355054484,6.58027355054484,0.0,2.073644135332772,959.9007761221991,3.3466401061363023,1.6733200530681511,1.6733200530681511,1.6733200530681511,0.0,0.5477225575051661,458.41924043390674,10.714476188783099,5.357238094391549,5.357238094391549,5.357238094391549,0.0,0.894427190999916,487.7798683832698,9.444575162494075,4.722287581247038,4.722287581247038,4.722287581247038,0.0,1.140175425099138,573.6651462307955,10.99090533122727,5.495452665613635,5.495452665613635,5.495452665613635,0.0,1.949358868961793,648.5770578736192,7.53657747256671,3.768288736283355,3.768288736283355,3.768288736283355,0.0,1.51657508881031,387.6116613312866,9.695359714832659,4.847679857416329,4.847679857416329,4.847679857416329,0.0,1.9235384061671346,781.3368671706206,8.294576541331088,4.147288270665544,4.147288270665545,4.147288270665545,0.0,1.6733200530681511,525.0325704182551,9.011104260855047,4.505552130427524,4.505552130427524,4.505552130427524,0.0,0.8366600265340755,595.1804768303476,10.059821071967434,5.029910535983717,5.029910535983717,5.029910535983717,0.0,1.5811388300841898,693.5821508660672,8.988882021697693,4.494441010848846,4.494441010848846,4.494441010848846,0.0,0.8366600265340756,253.79578404693802,8.366600265340756,4.183300132670378,4.183300132670378,4.183300132670378,0.0,1.5165750888103102,685.4398587768295,8.899438184514796,4.449719092257398,4.449719092257398,4.449719092257398,0.0,1.51657508881031,674.7048984556137,12.361229712289955,6.180614856144977,6.180614856144977,6.180614856144977,0.0,1.3416407864998736,788.3034314272645,12.457929201917949,6.2289646009589745,6.2289646009589745,6.2289646009589745,0.0,2.6076809620810595,828.6895075961804,8.318653737234168,4.159326868617084,4.159326868617084,4.159326868617084,0.0,0.8944271909999157,727.4443621336274,11.313708498984761,5.656854249492381,5.656854249492381,5.656854249492381,0.0,1.5165750888103102,952.0436964761649
0.0,5.727128425310541,2.8635642126552705,2.8635642126552705,2.8635642126552705,0.0,1.0954451150103321,395.5542946297007,10.039920318408907,5.019960159204453,5.019960159204453,5.019960159204453,0.0,1.0954451150103321,328.4375130827781,8.438009243891594,4.219004621945797,4.219004621945797,4.219004621945797,0.0,1.224744871391589,901.9181226696801,13.16054710108968,6.58027355054484,6.58027355054484,6.58027355054484,0.0,2.073644135332772,958.6499361080666,3.03315017762062,1.51657508881031,1.51657508881031,1.51657508881031,0.0,0.5477225575051661,456.08968416310404,10.639548862616309,5.319774431308154,5.319774431308154,5.319774431308154,0.0,0.8366600265340756,487.40250307112706,9.444575162494075,4.722287581247038,4.722287581247038,4.722287581247038,0.0,1.140175425099138,573.3330620154397,11.781341180018515,5.8906705900092575,5.8906705900092575,5.8906705900092575,0.0,2.2803508501982757,700.7324739156877,7.53657747256671,3.768288736283355,3.768288736283355,3.768288736283355,0.0,1.51657508881031,391.13846653071596,10.63954886261631,5.319774431308155,5.319774431308155,5.319774431308155,0.0,2.3021728866442674,779.2778708522397,8.318653737234168,4.159326868617084,4.159326868617084,4.159326868617084,0.0,1.7888543819998317,525.9208115296447,8.78635305459552,4.39317652729776,4.39317652729776,4.39317652729776,0.0,0.8366600265340755,594.9334416554511,10.13903348450926,5.06951674225463,5.06951674225463,5.06951674225463,0.0,1.4832396974191326,695.0456819519131,8.78635305459552,4.39317652729776,4.39317652729776,4.39317652729776,0.0,0.8366600265340756,249.27655324959866,8.366600265340756,4.183300132670378,4.183300132670378,4.183300132670378,0.0,1.5165750888103102,685.162973313649,8.899438184514796,4.449719092257398,4.449719092257398,4.449719092257398,0.0,1.51657508881031,703.046015563704,12.853015210447703,6.4265076052238514,6.4265076052238514,6.4265076052238514,0.0,1.6733200530681511,854.1172050719971,11.882760622010357,5.941380311005179,5.941380311005179,5.941380311005179,0.0,2.3021728866442674,828.755814459241,8.318653737234168,4.159326868617084,4.159326868617084,4.159326868617084,0.0,0.8944271909999157,727.8708676681599,11.781341180018513,5.890670590009257,5.890670590009257,5.890670590009257,0.0,1.816590212458495,955.0405750542749
0.0,5.727128425310541,2.8635642126552705,2.8635642126552705,2.8635642126552705,0.0,1.0954451150103321,398.4184985665199,9.757048734120374,4.878524367060187,4.878524367060187,4.878524367060187,0.0,1.3038404810405297,316.3945321904284,4.816637831516918,2.408318915758459,2.408318915758459,2.408318915758459,0.0,0.8366600265340757,380.5314704462694,13.638181696985855,6.819090848492928,6.819090848492928,6.819090848492928,0.0,2.073644135332772,712.9118458827851,1.6733200530681513,0.8366600265340757,0.8366600265340757,0.8366600265340757,0.0,0.5477225575051661,214.82737255759565,12.409673645990857,6.2048368229954285,6.2048368229954285,6.2048368229954285,0.0,2.280350850198276,735.5203600173145,9.444575162494075,4.722287581247038,4.722287581247038,4.722287581247038,0.0,1.140175425099138,577.4635919259326,11.40175425099138,5.70087712549569,5.70087712549569,5.70087712549569,0.0,2.073644135332772,704.2963154809203,7.483314773547883,3.7416573867739413,3.7416573867739413,3.7416573867739413,0.0,1.51657508881031,394.4151366263724,10.295630140987,5.1478150704935,5.1478150704935,5.1478150704935,0.0,1.9235384061671343,777.3690886573764,8.197560612767678,4.098780306383839,4.098780306383839,4.098780306383839,0.0,1.7320508075688772,527.1309135309748,8.12403840463596,4.06201920231798,4.06201920231798,4.06201920231798,0.0,0.8366600265340755,599.1433885139684,10.677078252031311,5.338539126015656,5.338539126015656,5.338539126015656,0.0,1.4832396974191326,697.2655161414481,8.78635305459552,4.39317652729776,4.39317652729776,4.39317652729776,0.0,0.8366600265340756,248.69258131275245,8.87693640846886,4.43846820423443,4.43846820423443,4.43846820423443,0.0,1.6733200530681511,688.8655166286087,9.899494936611665,4.949747468305833,4.949747468305833,4.949747468305833,0.0,1.816590212458495,699.3616374952232,12.601587201618692,6.300793600809346,6.300793600809346,6.300793600809346,0.0,1.6733200530681511,856.7136627835464,12.759310326189265,6.3796551630946325,6.3796551630946325,6.3796551630946325,0.0,2.588435821108957,829.452048041356,7.536577472566709,3.7682887362833544,3.7682887362833544,3.7682887362833544,0.0,0.8944271909999157,729.3667116067198,11.313708498984761,5.656854249492381,5.656854249492381,5.656854249492381,0.0,1.6431676725154984,954.0763596274671
0.0,5.727128425310541,2.8635642126552705,2.8635642126552705,2.8635642126552705,0.0,1.0954451150103321,397.91795636789254,10.620734437881403,5.310367218940701,5.310367218940701,5.310367218940701,0.0,1.3038404810405297,319.685783230972,4.560701700396551,2.2803508501982757,2.2803508501982757,2.2803508501982757,0.0,0.8944271909999159,383.5078877937193,13.6088206689632,6.8044103344816,6.8044103344816,6.8044103344816,0.0,1.7888543819998317,711.7954762430005,2.280350850198276,1.140175425099138,1.140175425099138,1.140175425099138,0.0,0.5477225575051661,215.66524986654665,11.781341180018513,5.890670590009257,5.890670590009257,5.890670590009257,0.0,1.8708286933869707,736.4409684421421,9.208691546577072,4.604345773288536,4.604345773288536,4.604345773288536,0.0,1.1401754250991378,577.1936416836207,11.313708498984761,5.656854249492381,5.656854249492381,5.656854249492381,0.0,1.949358868961793,734.0226154554096,8.049844718999243,4.024922359499621,4.024922359499622,4.024922359499622,0.0,1.51657508881031,394.1249801776081,11.260550608207398,5.630275304103699,5.630275304103699,5.630275304103699,0.0,2.4083189157584592,947.2187181427529,8.17312669668102,4.08656334834051,4.08656334834051,4.08656334834051,0.0,1.7320508075688772,531.9061947373805,7.293833011524188,3.646916505762094,3.646916505762094,3.646916505762094,0.0,0.7071067811865475,598.4159924333574,10.059821071967434,5.029910535983717,5.029910535983717,5.029910535983717,0.0,1.4832396974191326,696.2587880953461,7.92464510246358,3.96232255123179,3.96232255123179,3.96232255123179,0.0,0.8366600265340756,245.49297342286602,9.444575162494075,4.722287581247038,4.722287581247038,4.722287581247038,0.0,1.6733200530681511,730.6224743326748,9.899494936611665,4.949747468305833,4.949747468305833,4.949747468305833,0.0,1.816590212458495,700.4831903764715,12.601587201618692,6.300793600809346,6.300793600809346,6.300793600809346,0.0,1.6733200530681511,855.4692864153569,12.759310326189265,6.3796551630946325,6.3796551630946325,6.3796551630946325,0.0,2.588435821108957,827.5285493564558,7.536577472566709,3.7682887362833544,3.7682887362833544,3.7682887362833544,0.0,0.8944271909999157,732.0703518105347,11.313708498984761,5.656854249492381,5.656854249492381,5.656854249492381,0.0,1.6431676725154984,955.5083987072013
0.0,6.099180272790763,3.0495901363953815,3.0495901363953815,3.0495901363953815,0.0,1.0954451150103321,397.5176725631202,10.620734437881403,5.310367218940701,5.310367218940701,5.310367218940701,0.0,1.3038404810405297,318.15876539866065,5.830951894845301,2.9154759474226504,2.9154759474226504,2.9154759474226504,0.0,1.3038404810405297,446.1560265198712,14.24078649513432,7.12039324756716,7.12039324756716,7.12039324756716,0.0,2.4083189157584592,784.1351924253878,1.7888543819998317,0.8944271909999159,0.8944271909999159,0.8944271909999159,0.0,0.44721359549995804,218.29177721572563,8.17312669668102,4.08656334834051,4.08656334834051,4.08656334834051,0.0,1.5165750888103102,547.2908733023054,8.0,4.0,4.0,4.0,0.0,1.140175425099138,478.1142122966018,11.713240371477058,5.856620185738529,5.856620185738529,5.856620185738529,0.0,1.816590212458495,734.8751594658783,7.293833011524188,3.646916505762094,3.646916505762094,3.646916505762094,0.0,1.224744871391589,391.1154560996024,10.639548862616309,5.319774431308154,5.319774431308154,5.319774431308154,0.0,2.0736441353327724,944.8672922691313,8.246211251235321,4.123105625617661,4.123105625617661,4.123105625617661,0.0,1.7320508075688772,527.1261708547585,13.221195104830729,6.610597552415364,6.610597552415364,6.610597552415364,0.0,2.3874672772626644,1057.9928166107745,9.85900603509299,4.929503017546495,4.929503017546495,4.929503017546495,0.0,1.4832396974191326,693.9029471042762,7.949842765740716,3.974921382870358,3.974921382870358,3.974921382870358,0.0,0.8366600265340756,245.9353573604251,9.73652915571047,4.868264577855234,4.868264577855235,4.868264577855235,0.0,1.6733200530681511,730.9579331261136,10.059821071967434,5.029910535983717,5.029910535983717,5.029910535983717,0.0,1.4832396974191326,700.4567795374672,11.541230437002806,5.770615218501403,5.770615218501403,5.770615218501403,0.0,1.224744871391589,855.2173992617317,11.260550608207398,5.630275304103699,5.630275304103699,5.630275304103699,0.0,2.701851217221259,908.6722181292878,8.763560920082657,4.381780460041329,4.381780460041329,4.381780460041329,0.0,0.8944271909999157,731.5061858931884,10.714476188783099,5.357238094391549,5.357238094391549,5.357238094391549,0.0,1.4142135623730951,957.8492574512965
0.0,6.2289646009589745,3.1144823004794873,3.1144823004794873,3.1144823004794873,0.0,1.1401754250991378,396.5207434674761,10.620734437881403,5.310367218940701,5.310367218940701,5.310367218940701,0.0,1.3038404810405297,319.0705251194475,6.6332495807108,3.3166247903554,3.3166247903554,3.3166247903554,0.0,1.4142135623730951,494.1191151938974,13.682105101189656,6.841052550594828,6.841052550594828,6.841052550594828,0.0,2.073644135332772,785.4937937374171,2.1908902300206643,1.0954451150103321,1.0954451150103321,1.0954451150103321,0.0,0.44721359549995804,218.17951324540073,7.6681158050723255,3.8340579025361627,3.8340579025361627,3.8340579025361627,0.0,1.3038404810405297,547.8004198611023,7.26636084983398,3.63318042491699,3.63318042491699,3.63318042491699,0.0,1.140175425099138,485.0752518939716,12.457929201917949,6.2289646009589745,6.2289646009589745,6.2289646009589745,0.0,1.816590212458495,739.1300968029917,7.293833011524188,3.646916505762094,3.646916505762094,3.646916505762094,0.0,1.224744871391589,388.30503473429235,11.171392035015153,5.585696017507577,5.585696017507576,5.585696017507576,0.0,2.0736441353327724,977.2700752606722,9.011104260855047,4.505552130427524,4.505552130427524,4.505552130427524,0.0,1.9235384061671346,525.7516523987347,12.116104984688768,6.058052492344384,6.058052492344384,6.058052492344384,0.0,1.9493588689617927,1010.4165972508566,9.736529155710468,4.868264577855234,4.868264577855234,4.868264577855234,0.0,1.4832396974191326,693.7843324838058,7.694153624668538,3.847076812334269,3.847076812334269,3.847076812334269,0.0,0.8366600265340756,246.66840089480453,8.414273587185052,4.207136793592526,4.207136793592526,4.207136793592526,0.0,1.3038404810405297,728.5358604763392,7.924645102463581,3.96232255123179,3.96232255123179,3.96232255123179,0.0,1.140175425099138,458.8799407252402,13.16054710108968,6.58027355054484,6.58027355054484,6.58027355054484,0.0,1.8708286933869707,903.9968473396353,11.781341180018513,5.890670590009257,5.890670590009257,5.890670590009257,0.0,2.5884358211089573,907.8527964378366,8.78635305459552,4.39317652729776,4.39317652729776,4.39317652729776,0.0,0.8944271909999157,729.7641399794868,10.714476188783099,5.357238094391549,5.357238094391549,5.357238094391549,0.0,1.4142135623730951,957.6542695566078
0.0,7.429670248402684,3.714835124201342,3.714835124201342,3.714835124201342,0.0,1.1401754250991378,400.6965185773393,10.825894882179487,5.412947441089743,5.412947441089743,5.412947441089743,0.0,1.3416407864998738,319.5665814818565,6.06630035524124,3.03315017762062,3.03315017762062,3.03315017762062,0.0,1.0954451150103321,492.7328890991548,14.724129855444769,7.362064927722384,7.362064927722384,7.362064927722384,0.0,2.2803508501982757,786.6282476494217,2.60768096208106,1.30384048104053,1.30384048104053,1.30384048104053,0.0,0.7071067811865476,219.49715260112146,8.366600265340756,4.183300132670378,4.183300132670378,4.183300132670378,0.0,1.3038404810405297,550.1769715282529,7.5630681604756145,3.7815340802378072,3.7815340802378072,3.7815340802378072,0.0,1.1401754250991378,480.4359478640207,12.853015210447703,6.4265076052238514,6.4265076052238514,6.4265076052238514,0.0,2.073644135332772,778.4925818529036,9.633275663033837,4.8166378315169185,4.8166378315169185,4.8166378315169185,0.0,2.0,750.6368629370662,11.171392035015153,5.585696017507577,5.585696017507576,5.585696017507576,0.0,2.0736441353327724,979.01021445131,8.17312669668102,4.08656334834051,4.08656334834051,4.08656334834051,0.0,1.51657508881031,527.1225663922955,11.278297743897348,5.639148871948674,5.639148871948674,5.639148871948674,0.0,1.51657508881031,1005.4943062991456,11.260550608207398,5.630275304103699,5.630275304103699,5.630275304103699,0.0,2.1908902300206643,912.7073463054846,7.615773105863909,3.8078865529319543,3.8078865529319543,3.8078865529319543,0.0,0.8366600265340756,244.66855130972596,8.07465169527454,4.03732584763727,4.03732584763727,4.03732584763727,0.0,1.224744871391589,730.3501215170708,10.73312629199899,5.366563145999495,5.366563145999495,5.366563145999495,0.0,2.280350850198276,566.6341853435954,12.992305415129373,6.496152707564686,6.496152707564686,6.496152707564686,0.0,1.8708286933869707,904.081965310668,12.033287165193059,6.016643582596529,6.016643582596529,6.016643582596529,0.0,2.280350850198276,907.6928445239612,9.316651759081694,4.658325879540847,4.658325879540847,4.658325879540847,0.0,1.0954451150103321,731.7351296746658,12.280065146407,6.1400325732035,6.1400325732035,6.1400325732035,0.0,1.9493588689617927,1095.6657793323657
0.0,7.429670248402684,3.714835124201342,3.714835124201342,3.714835124201342,0.0,1.1401754250991378,400.33823199889366,11.696153213770756,5.848076606885378,5.848076606885378,5.848076606885378,0.0,1.3416407864998738,321.1873285171755,6.06630035524124,3.03315017762062,3.03315017762062,3.03315017762062,0.0,1.0954451150103321,501.68266862629406,14.724129855444769,7.362064927722384,7.362064927722384,7.362064927722384,0.0,2.2803508501982757,789.7134290361283,2.6076809620810595,1.3038404810405297,1.3038404810405297,1.3038404810405297,0.0,0.7071067811865476,214.06844699768342,8.94427190999916,4.47213595499958,4.47213595499958,4.47213595499958,0.0,1.6733200530681511,593.4890900429426,7.615773105863909,3.8078865529319543,3.8078865529319543,3.8078865529319543,0.0,1.1401754250991378,480.9019650614874,11.832159566199232,5.916079783099616,5.916079783099616,5.916079783099616,0.0,1.6431676725154984,778.100764682827,10.295630140987,5.1478150704935,5.1478150704935,5.1478150704935,0.0,1.6733200530681511,751.55591940986,11.313708498984761,5.656854249492381,5.656854249492381,5.656854249492381,0.0,2.0736441353327724,976.3203879874679,7.3484692283495345,3.6742346141747673,3.6742346141747673,3.6742346141747673,0.0,1.51657508881031,526.1912199951649,11.278297743897348,5.639148871948674,5.639148871948674,5.639148871948674,0.0,1.51657508881031,1005.3319352333338,10.639548862616309,5.319774431308154,5.319774431308154,5.319774431308154,0.0,1.816590212458495,912.8158083644257,7.797435475847171,3.8987177379235853,3.8987177379235853,3.8987177379235853,0.0,0.8366600265340756,248.88792658544128,8.049844718999244,4.024922359499622,4.024922359499622,4.024922359499622,0.0,1.3038404810405297,728.5025737771967,9.838699100999074,4.919349550499537,4.919349550499537,4.919349550499537,0.0,1.7888543819998317,565.8627925566409,13.899640283115243,6.9498201415576215,6.9498201415576215,6.9498201415576215,0.0,1.8708286933869707,904.8421409284606,12.033287165193059,6.016643582596529,6.016643582596529,6.016643582596529,0.0,2.280350850198276,905.3783739409728,8.988882021697693,4.494441010848846,4.494441010848846,4.494441010848846,0.0,1.0954451150103321,728.7802823896926,12.049896265113654,6.024948132556827,6.024948132556827,6.024948132556827,0.0,1.9235384061671343,1092.7671298131181
0.0,7.402702209328699,3.7013511046643495,3.7013511046643495,3.7013511046643495,0.0,1.1401754250991378,398.99686715562063,11.696153213770756,5.848076606885378,5.848076606885378,5.848076606885378,0.0,1.3416407864998738,317.2109708064965,7.127411872482185,3.5637059362410923,3.5637059362410923,3.5637059362410923,0.0,1.6431676725154984,559.2320627431872,15.297058540778355,7.648529270389178,7.648529270389178,7.648529270389178,0.0,2.2803508501982757,795.8281849746213,2.6076809620810595,1.3038404810405297,1.3038404810405297,1.3038404810405297,0.0,0.7071067811865476,213.74213435820275,7.293833011524188,3.646916505762094,3.646916505762094,3.646916505762094,0.0,1.9235384061671346,724.9989655165033,6.723094525588644,3.361547262794322,3.361547262794322,3.361547262794322,0.0,0.8366600265340756,477.7586210629799,14.38054240979804,7.19027120489902,7.19027120489902,7.19027120489902,0.0,2.073644135332772,836.5977528059708,7.127411872482185,3.5637059362410923,3.5637059362410923,3.5637059362410923,0.0,1.51657508881031,627.0360436210984,10.73312629199899,5.366563145999495,5.366563145999495,5.366563145999495,0.0,1.7888543819998317,990.946416311195,9.85900603509299,4.929503017546495,4.929503017546495,4.929503017546495,0.0,2.345207879911715,753.507332412897,11.781341180018513,5.890670590009257,5.890670590009257,5.890670590009257,0.0,1.51657508881031,1006.1708105485867,10.73312629199899,5.366563145999495,5.366563145999495,5.366563145999495,0.0,1.816590212458495,907.8998843484892,8.318653737234168,4.159326868617084,4.159326868617084,4.159326868617084,0.0,0.7071067811865476,247.35804009572848,7.8230428862431785,3.9115214431215892,3.9115214431215892,3.9115214431215892,0.0,1.1401754250991378,726.084223764709,9.695359714832659,4.847679857416329,4.847679857416329,4.847679857416329,0.0,1.7888543819998317,565.0079645456336,14.394443372357264,7.197221686178632,7.197221686178632,7.197221686178632,0.0,1.8708286933869707,905.8224439701194,11.916375287812984,5.958187643906492,5.958187643906492,5.958187643906492,0.0,2.280350850198276,923.2030112602536,8.07465169527454,4.03732584763727,4.03732584763727,4.03732584763727,0.0,1.0954451150103321,730.1825114312174,12.049896265113654,6.024948132556827,6.024948132556827,6.024948132556827,0.0,1.9235384061671343,1098.3386089908704
0.0,7.402702209328699,3.7013511046643495,3.7013511046643495,3.7013511046643495,0.0,1.1401754250991378,397.7207563102535,11.575836902790225,5.787918451395113,5.787918451395113,5.787918451395113,0.0,1.140175425099138,315.22880579033387,6.099180272790763,3.0495901363953815,3.0495901363953815,3.0495901363953815,0.0,1.140175425099138,559.8922217712977,16.431676725154983,8.215838362577491,8.215838362577491,8.215838362577491,0.0,2.6076809620810595,858.4548910688319,1.6733200530681507,0.8366600265340753,0.8366600265340757,0.8366600265340757,0.0,0.4472135954999579,208.57061154438802,7.402702209328699,3.7013511046643495,3.7013511046643495,3.7013511046643495,0.0,1.8165902124584952,720.5735215784715,6.723094525588644,3.361547262794322,3.361547262794322,3.361547262794322,0.0,0.8366600265340756,480.22369787423025,14.0,7.0,7.0,7.0,0.0,1.816590212458495,841.4946226803829,7.127411872482185,3.5637059362410923,3.5637059362410923,3.5637059362410923,0.0,1.51657508881031,632.4288102229373,10.488088481701515,5.244044240850758,5.244044240850758,5.244044240850758,0.0,1.6431676725154984,771.2040585992788,9.011104260855047,4.505552130427524,4.505552130427524,4.505552130427524,0.0,1.9235384061671346,754.2647413209768,10.526157893552615,5.263078946776307,5.263078946776307,5.263078946776307,0.0,1.0954451150103321,1009.5505435588651,11.696153213770756,5.848076606885378,5.848076606885378,5.848076606885378,0.0,1.9235384061671346,936.9491981959321,7.615773105863909,3.8078865529319543,3.8078865529319543,3.8078865529319543,0.0,0.8366600265340756,247.85741869066575,7.155417527999327,3.5777087639996634,3.5777087639996634,3.5777087639996634,0.0,1.1401754250991378,726.5973437881534,9.757048734120374,4.878524367060187,4.878524367060187,4.878524367060187,0.0,1.7888543819998317,566.8414240332123,13.490737563232042,6.745368781616021,6.745368781616021,6.745368781616021,0.0,1.4832396974191326,906.5524254007597,11.610340218959994,5.805170109479997,5.805170109479997,5.805170109479997,0.0,2.280350850198276,924.9883783053709,8.532291603080617,4.266145801540309,4.266145801540309,4.266145801540309,0.0,1.0954451150103321,727.2254120972397,12.049896265113654,6.024948132556827,6.024948132556827,6.024948132556827,0.0,1.9235384061671343,1099.5019326949816
0.0,10.334408546211051,5.167204273105526,5.167204273105526,5.167204273105526,0.0,1.7888543819998317,820.7071950458336,11.575836902790225,5.787918451395113,5.787918451395113,5.787918451395113,0.0,1.140175425099138,316.3199329792545,7.8230428862431785,3.9115214431215892,3.9115214431215892,3.9115214431215892,0.0,1.6431676725154984,612.8668697196806,16.946976131451887,8.473488065725943,8.473488065725943,8.473488065725943,0.0,2.2803508501982757,855.94117788549,2.190890230020664,1.0954451150103324,1.095445115010332,1.095445115010332,0.0,0.4472135954999579,209.27852254830165,7.155417527999327,3.5777087639996634,3.5777087639996634,3.5777087639996634,0.0,1.8165902124584952,746.4889148540653,7.014271166700072,3.507135583350036,3.507135583350036,3.507135583350036,0.0,0.8366600265340756,481.0720320284687,14.791889669680478,7.395944834840239,7.395944834840239,7.395944834840239,0.0,2.16794833886788,861.0422753848966,6.48074069840786,3.24037034920393,3.24037034920393,3.24037034920393,0.0,1.140175425099138,633.8582649141683,9.444575162494075,4.722287581247038,4.722287581247038,4.722287581247038,0.0,1.6431676725154984,771.4997083602819,9.09945053286186,4.54972526643093,4.54972526643093,4.54972526643093,0.0,1.9235384061671346,754.6212957503916,13.16054710108968,6.58027355054484,6.58027355054484,6.58027355054484,0.0,1.9493588689617927,1046.739318073034,11.949895397031725,5.974947698515862,5.974947698515862,5.974947698515862,0.0,1.6431676725154984,936.9899679292196,7.293833011524188,3.646916505762094,3.646916505762094,3.646916505762094,0.0,0.8366600265340756,245.42677115587855,6.870225614927067,3.4351128074635335,3.4351128074635335,3.4351128074635335,0.0,1.1401754250991378,722.7148123568521,10.825894882179487,5.412947441089743,5.412947441089743,5.412947441089743,0.0,2.1213203435596424,630.0473791708049,14.028542333400146,7.014271166700073,7.014271166700073,7.014271166700073,0.0,1.4832396974191326,906.1113066284958,11.541230437002806,5.770615218501403,5.770615218501403,5.770615218501403,0.0,2.302172886644268,926.7635620804261,8.19756061276768,4.09878030638384,4.09878030638384,4.09878030638384,0.0,1.0954451150103321,726.37421485072,12.049896265113654,6.024948132556827,6.024948132556827,6.024948132556827,0.0,1.9235384061671343,1102.6276343353636
0.0,9.797958971132712,4.898979485566356,4.898979485566356,4.898979485566356,0.0,1.5811388300841898,817.5152597964151,11.575836902790225,5.787918451395113,5.787918451395113,5.787918451395113,0.0,1.140175425099138,315.02174528117894,7.266360849833981,3.6331804249169903,3.6331804249169903,3.6331804249169903,0.0,1.3416407864998738,612.4517940213744,16.946976131451887,8.473488065725943,8.473488065725943,8.473488065725943,0.0,2.2803508501982757,857.2892160758819,2.190890230020664,1.0954451150103324,1.095445115010332,1.095445115010332,0.0,0.4472135954999579,202.15761177853284,6.985699678629192,3.492849839314596,3.492849839314596,3.492849839314596,0.0,1.5811388300841898,774.9727737153094,8.12403840463596,4.06201920231798,4.06201920231798,4.06201920231798,0.0,1.224744871391589,482.3979684866013,14.310835055998654,7.155417527999327,7.155417527999327,7.155417527999327,0.0,1.788854381999832,861.4374614561408,7.483314773547883,3.7416573867739413,3.7416573867739413,3.7416573867739413,0.0,1.51657508881031,647.5567156628059,9.959919678390985,4.979959839195493,4.979959839195493,4.979959839195493,0.0,1.6431676725154984,771.4539519634337,8.294576541331088,4.147288270665544,4.147288270665544,4.147288270665544,0.0,1.51657508881031,753.5265755101143,12.759310326189265,6.3796551630946325,6.379655163094632,6.379655163094632,0.0,1.51657508881031,1051.793135554706,12.280065146407,6.1400325732035,6.1400325732035,6.1400325732035,0.0,1.5165750888103102,938.8564853053954,6.723094525588644,3.361547262794322,3.361547262794322,3.361547262794322,0.0,0.8366600265340756,241.6509879971526,6.870225614927067,3.4351128074635335,3.4351128074635335,3.4351128074635335,0.0,1.1401754250991378,720.8621921005429,10.807404868885037,5.403702434442518,5.403702434442518,5.403702434442518,0.0,1.7888543819998317,627.8755449927955,13.754999091239519,6.877499545619759,6.877499545619759,6.877499545619759,0.0,1.4832396974191326,908.0101871675229,12.049896265113654,6.024948132556827,6.024948132556827,6.024948132556827,0.0,2.588435821108957,988.0747441362926,7.429670248402684,3.714835124201342,3.714835124201342,3.714835124201342,0.0,0.7071067811865476,724.7608571108128,10.89954127475097,5.449770637375485,5.449770637375485,5.449770637375485,0.0,1.5811388300841898,1131.7710457508622
0.0,8.318653737234168,4.159326868617084,4.159326868617084,4.159326868617084,0.0,1.3038404810405297,820.3426113521106,11.081516141756055,5.540758070878027,5.540758070878027,5.540758070878027,0.0,1.140175425099138,318.78095928082024,8.17312669668102,4.08656334834051,4.08656334834051,4.08656334834051,0.0,1.816590212458495,678.6469627133094,16.828547174370104,8.414273587185052,8.414273587185052,8.414273587185052,0.0,2.16794833886788,750.9618498965177,2.190890230020664,1.0954451150103324,1.095445115010332,1.095445115010332,0.0,0.4472135954999579,198.93516531774867,6.985699678629192,3.492849839314596,3.492849839314596,3.492849839314596,0.0,1.5811388300841898,773.9659553236177,8.763560920082657,4.381780460041329,4.381780460041329,4.381780460041329,0.0,1.224744871391589,483.44441252330137,14.310835055998654,7.155417527999327,7.155417527999327,7.155417527999327,0.0,1.788854381999832,892.5769994795967,7.155417527999327,3.5777087639996634,3.5777087639996634,3.5777087639996634,0.0,1.140175425099138,648.7127253260876,9.959919678390985,4.979959839195493,4.979959839195493,4.979959839195493,0.0,1.6431676725154984,771.6286671709391,8.67179335547152,4.33589667773576,4.33589667773576,4.33589667773576,0.0,1.51657508881031,752.4431539990246,13.2664991614216,6.633249580710799,6.6332495807108,6.6332495807108,0.0,1.6431676725154984,1052.911534745441,13.007690033207279,6.5038450166036395,6.5038450166036395,6.5038450166036395,0.0,1.5165750888103102,941.3318755890507,6.48074069840786,3.24037034920393,3.24037034920393,3.24037034920393,0.0,0.8366600265340756,238.92467432226414,7.3484692283495345,3.6742346141747673,3.6742346141747673,3.6742346141747673,0.0,1.1401754250991378,719.4390175685497,8.94427190999916,4.47213595499958,4.47213595499958,4.47213595499958,0.0,1.5811388300841898,571.1507681864746,14.324803663575986,7.162401831787993,7.162401831787993,7.162401831787993,0.0,1.6733200530681511,903.3756140166726,11.541230437002806,5.770615218501403,5.770615218501403,5.770615218501403,0.0,2.302172886644268,986.3446152334385,7.429670248402684,3.714835124201342,3.714835124201342,3.714835124201342,0.0,0.7071067811865476,720.6633749539378,10.89954127475097,5.449770637375485,5.449770637375485,5.449770637375485,0.0,1.5811388300841898,1128.9896810865898
0.0,8.318653737234168,4.159326868617084,4.159326868617084,4.159326868617084,0.0,1.3038404810405297,820.645660440607,11.798304963002101,5.8991524815010505,5.8991524815010505,5.8991524815010505,0.0,1.140175425099138,321.0805194962784,8.19756061276768,4.09878030638384,4.09878030638384,4.09878030638384,0.0,1.51657508881031,681.5351788425892,16.516658257650064,8.258329128825032,8.258329128825032,8.258329128825032,0.0,2.0,750.3265955568949,2.190890230020664,1.0954451150103324,1.095445115010332,1.095445115010332,0.0,0.4472135954999579,195.42850355053125,7.293833011524188,3.646916505762094,3.646916505762094,3.646916505762094,0.0,1.5811388300841898,770.9029121750676,8.763560920082657,4.381780460041329,4.381780460041329,4.381780460041329,0.0,1.224744871391589,484.2811167080541,13.66747965061591,6.833739825307955,6.833739825307955,6.833739825307955,0.0,1.788854381999832,902.3522039647269,6.387487769068525,3.1937438845342623,3.1937438845342623,3.1937438845342623,0.0,1.0954451150103321,645.3686543364188,9.959919678390985,4.979959839195493,4.979959839195493,4.979959839195493,0.0,1.6431676725154984,768.2462495840771,8.78635305459552,4.39317652729776,4.39317652729776,4.39317652729776,0.0,1.51657508881031,751.835420820275,13.6088206689632,6.8044103344816,6.8044103344816,6.8044103344816,0.0,1.7320508075688772,1054.9913743723214,14.463747785411636,7.231873892705818,7.231873892705818,7.231873892705818,0.0,2.3452078799117144,1033.5674627231647,7.26636084983398,3.63318042491699,3.63318042491699,3.63318042491699,0.0,0.8366600265340756,237.82808917367186,6.6932802122726045,3.3466401061363023,3.3466401061363023,3.3466401061363023,0.0,0.8366600265340756,721.0885521210276,8.67179335547152,4.33589667773576,4.33589667773576,4.33589667773576,0.0,1.3038404810405297,568.4616961590289,15.53061492665374,7.76530746332687,7.76530746332687,7.76530746332687,0.0,2.04939015319192,1018.0590847293687,11.541230437002806,5.770615218501403,5.770615218501403,5.770615218501403,0.0,2.302172886644268,984.0694589306183,7.92464510246358,3.96232255123179,3.96232255123179,3.96232255123179,0.0,0.7071067811865476,722.2102879355847,7.797435475847171,3.8987177379235853,3.8987177379235853,3.8987177379235853,0.0,1.4832396974191326,1129.138919708288
0.0,8.648699324175862,4.324349662087931,4.324349662087931,4.324349662087931,0.0,1.3416407864998738,812.7096652556803,13.899640283115243,6.9498201415576215,6.9498201415576215,6.9498201415576215,0.0,1.3038404810405297,670.4897463794655,8.19756061276768,4.09878030638384,4.09878030638384,4.09878030638384,0.0,1.51657508881031,729.228222163679,11.009087155618307,5.504543577809153,5.504543577809153,5.504543577809153,0.0,1.949358868961793,702.8570267131147,1.6733200530681511,0.8366600265340756,0.8366600265340756,0.8366600265340756,0.0,0.4472135954999579,199.62013926455415,7.92464510246358,3.96232255123179,3.96232255123179,3.96232255123179,0.0,1.9235384061671346,828.8369562223924,9.38083151964686,4.69041575982343,4.69041575982343,4.69041575982343,0.0,1.140175425099138,485.77021316667816,13.608820668963201,6.8044103344816005,6.8044103344816005,6.8044103344816005,0.0,1.816590212458495,902.0843641256621,6.387487769068525,3.1937438845342623,3.1937438845342623,3.1937438845342623,0.0,1.0954451150103321,647.8783064742946,9.316651759081692,4.658325879540846,4.658325879540846,4.658325879540846,0.0,1.3416407864998738,768.7871617034197,11.575836902790225,5.787918451395113,5.787918451395113,5.787918451395113,0.0,2.345207879911715,855.7437116333372,14.042791745233565,7.021395872616782,7.021395872616782,7.021395872616782,0.0,1.7320508075688772,1053.6907990487532,16.52876280911551,8.264381404557755,8.264381404557755,8.264381404557755,0.0,2.8809720581775866,1178.8985113231759,7.26636084983398,3.63318042491699,3.63318042491699,3.63318042491699,0.0,0.8366600265340756,233.81894705091804,7.293833011524188,3.646916505762094,3.646916505762094,3.646916505762094,0.0,0.8366600265340756,725.0071034134769,9.338094023943002,4.669047011971501,4.669047011971501,4.669047011971501,0.0,1.4832396974191326,587.128009892221,15.811388300841898,7.905694150420948,7.905694150420949,7.905694150420949,0.0,2.0736441353327724,1017.7051144609621,12.915107432770352,6.457553716385176,6.457553716385175,6.457553716385175,0.0,2.1908902300206647,985.2784885503185,7.92464510246358,3.96232255123179,3.96232255123179,3.96232255123179,0.0,0.7071067811865476,719.6722865304735,7.3484692283495345,3.6742346141747673,3.6742346141747673,3.6742346141747673,0.0,1.224744871391589,1128.4915595608147
0.0,9.055385138137417,4.527692569068709,4.527692569068709,4.527692569068709,0.0,1.3416407864998738,817.023867460431,13.520355024924458,6.760177512462229,6.760177512462229,6.760177512462229,0.0,1.3038404810405297,667.2081384395727,9.23038460737146,4.61519230368573,4.61519230368573,4.61519230368573,0.0,1.9493588689617927,723.3182563712878,11.081516141756055,5.540758070878027,5.540758070878027,5.540758070878027,0.0,1.9235384061671346,700.0279994400223,1.7888543819998315,0.8944271909999157,0.8944271909999157,0.8944271909999157,0.0,0.5477225575051662,195.08459703420974,7.92464510246358,3.96232255123179,3.96232255123179,3.96232255123179,0.0,1.9235384061671346,839.1884174605843,7.8230428862431785,3.9115214431215892,3.911521443121589,3.911521443121589,0.0,1.140175425099138,485.05793468409524,12.96148139681572,6.48074069840786,6.48074069840786,6.48074069840786,0.0,1.816590212458495,899.674663420061,7.127411872482185,3.5637059362410923,3.5637059362410923,3.5637059362410923,0.0,1.0954451150103321,648.254579621309,9.528903399657276,4.764451699828638,4.764451699828638,4.764451699828638,0.0,1.140175425099138,769.1376339771705,10.714476188783099,5.357238094391549,5.357238094391549,5.357238094391549,0.0,1.9235384061671346,859.1316546374018,14.042791745233565,7.021395872616782,7.021395872616782,7.021395872616782,0.0,1.7320508075688772,1055.725200987454,16.93517050401324,8.46758525200662,8.46758525200662,8.46758525200662,0.0,2.6076809620810595,1180.3277087317742,13.813037319865606,6.906518659932803,6.906518659932803,6.906518659932803,0.0,1.9235384061671346,1150.641907806247,7.014271166700073,3.5071355833500366,3.5071355833500366,3.5071355833500366,0.0,0.8366600265340756,728.0399714301406,10.198039027185569,5.0990195135927845,5.0990195135927845,5.0990195135927845,0.0,1.9235384061671346,720.3785810252829,16.272676485446393,8.136338242723197,8.136338242723197,8.136338242723197,0.0,2.0736441353327724,1016.8140439628083,12.915107432770352,6.457553716385176,6.457553716385175,6.457553716385175,0.0,2.1908902300206647,996.4558695697467,7.014271166700073,3.5071355833500366,3.5071355833500366,3.5071355833500366,0.0,0.8366600265340756,720.7411463209243,7.3484692283495345,3.6742346141747673,3.6742346141747673,3.6742346141747673,0.0,1.224744871391589,1125.823387570182
0.0,9.121403400793104,4.560701700396552,4.560701700396552,4.560701700396552,0.0,1.140175425099138,817.238214965502,14.0,7.0,7.0,7.0,0.0,1.3038404810405297,668.5015332817121,8.67179335547152,4.33589667773576,4.33589667773576,4.33589667773576,0.0,1.6431676725154984,721.942726260193,11.081516141756055,5.540758070878027,5.540758070878027,5.540758070878027,0.0,1.9235384061671346,705.8889431064918,2.4494897427831783,1.2247448713915892,1.2247448713915892,1.2247448713915892,0.0,0.5477225575051662,195.73783487103356,7.014271166700073,3.5071355833500366,3.5071355833500366,3.5071355833500366,0.0,1.4832396974191326,835.6753556256161,9.20869154657707,4.604345773288535,4.604345773288535,4.604345773288535,0.0,1.140175425099138,483.53696859702467,12.96148139681572,6.48074069840786,6.48074069840786,6.48074069840786,0.0,1.816590212458495,898.9113971910691,7.429670248402684,3.714835124201342,3.714835124201342,3.714835124201342,0.0,1.0954451150103321,649.5824043183436,10.620734437881403,5.310367218940701,5.310367218940701,5.310367218940701,0.0,1.3038404810405297,765.7860667314338,10.714476188783099,5.357238094391549,5.357238094391549,5.357238094391549,0.0,1.9235384061671346,861.6810314727834,14.49137674618944,7.24568837309472,7.24568837309472,7.24568837309472,0.0,1.7320508075688772,1049.2908557687902,17.58408371226661,8.792041856133306,8.792041856133306,8.792041856133306,0.0,2.6832815729997477,1182.523149879105,13.038404810405298,6.519202405202649,6.519202405202649,6.519202405202649,0.0,1.51657508881031,1152.6303830803697,7.668115805072326,3.834057902536163,3.834057902536163,3.834057902536163,0.0,0.8366600265340756,726.2270994668265,10.256705123966467,5.128352561983234,5.128352561983234,5.128352561983234,0.0,1.6431676725154984,717.5379432476028,16.69730517179344,8.34865258589672,8.34865258589672,8.34865258589672,0.0,1.9235384061671343,1016.6229881327689,12.696456198483101,6.348228099241551,6.348228099241551,6.348228099241551,0.0,2.1908902300206647,996.3655453697704,7.014271166700072,3.507135583350036,3.507135583350036,3.507135583350036,0.0,0.8366600265340756,722.3871538171204,7.563068160475615,3.7815340802378077,3.7815340802378077,3.7815340802378077,0.0,1.3038404810405297,1160.1091758968205
0.0,8.532291603080617,4.266145801540309,4.266145801540309,4.266145801540309,0.0,1.140175425099138,818.7822054734703,13.16054710108968,6.58027355054484,6.58027355054484,6.58027355054484,0.0,1.3038404810405297,667.2112109369866,8.555699854482976,4.277849927241488,4.277849927241488,4.277849927241488,0.0,1.0954451150103321,720.6316673585751,10.825894882179487,5.412947441089743,5.412947441089743,5.412947441089743,0.0,1.6733200530681511,703.135619919799,3.03315017762062,1.51657508881031,1.51657508881031,1.51657508881031,0.0,0.5477225575051662,191.81944635515976,7.014271166700073,3.5071355833500366,3.5071355833500366,3.5071355833500366,0.0,1.4832396974191326,837.2289412102284,9.20869154657707,4.604345773288535,4.604345773288535,4.604345773288535,0.0,1.140175425099138,481.68091097738136,13.38656042454521,6.693280212272605,6.693280212272605,6.693280212272605,0.0,1.6431676725154984,896.2564923056345,7.8230428862431785,3.9115214431215892,3.9115214431215892,3.9115214431215892,0.0,1.0954451150103321,653.4888675409858,11.099549540409287,5.549774770204643,5.549774770204643,5.549774770204643,0.0,1.3038404810405297,764.4820468788001,11.366617790706258,5.683308895353129,5.683308895353129,5.683308895353129,0.0,1.9235384061671346,860.5056652922163,14.939879517586478,7.469939758793239,7.469939758793239,7.469939758793239,0.0,1.7320508075688772,1049.3943491366817,17.58408371226661,8.792041856133306,8.792041856133306,8.792041856133306,0.0,2.6832815729997477,1180.9573658688953,13.221195104830729,6.610597552415364,6.610597552415364,6.610597552415364,0.0,1.51657508881031,1152.3418329645071,8.414273587185052,4.207136793592526,4.207136793592526,4.207136793592526,0.0,0.8366600265340756,728.7288933478623,10.825894882179487,5.412947441089743,5.412947441089743,5.412947441089743,0.0,1.51657508881031,716.9035499981849,16.69730517179344,8.34865258589672,8.34865258589672,8.34865258589672,0.0,1.9235384061671343,1012.9578964596702,12.696456198483101,6.348228099241551,6.348228099241551,6.348228099241551,0.0,2.1908902300206647,989.1493820449973,6.6332495807108,3.3166247903554,3.3166247903554,3.3166247903554,0.0,1.140175425099138,718.0228408623225,7.563068160475615,3.7815340802378077,3.7815340802378077,3.7815340802378077,0.0,1.3038404810405297,1164.6028078276302
0.0,9.055385138137417,4.527692569068709,4.527692569068709,4.527692569068709,0.0,1.4832396974191326,817.9905256175037,13.740451229854134,6.870225614927067,6.870225614927067,6.870225614927067,0.0,1.3038404810405297,669.6833580133226,9.121403400793104,4.560701700396552,4.560701700396552,4.560701700396552,0.0,1.0954451150103321,716.7025184830873,11.610340218959994,5.805170109479997,5.805170109479997,5.805170109479997,0.0,1.9235384061671346,734.7875203077417,2.9664793948382657,1.4832396974191329,1.4832396974191329,1.4832396974191329,0.0,0.5477225575051662,192.62320732455888,7.92464510246358,3.96232255123179,3.96232255123179,3.96232255123179,0.0,1.51657508881031,839.4561930202194,9.959919678390987,4.979959839195494,4.979959839195494,4.979959839195494,0.0,1.140175425099138,485.19429098042775,13.38656042454521,6.693280212272605,6.693280212272605,6.693280212272605,0.0,1.6431676725154984,895.4854549349196,8.17312669668102,4.08656334834051,4.08656334834051,4.08656334834051,0.0,1.224744871391589,652.4490784727955,10.620734437881403,5.310367218940701,5.310367218940701,5.310367218940701,0.0,1.3038404810405297,768.5358156911102,15.84929020492716,7.92464510246358,7.92464510246358,7.92464510246358,0.0,3.1304951684997055,1210.552146749573,14.184498581197715,7.092249290598858,7.092249290598858,7.092249290598858,0.0,1.7320508075688772,1047.9249496027853,16.45600194457937,8.228000972289685,8.228000972289685,8.228000972289685,0.0,2.3874672772626644,1214.063960423832,13.221195104830729,6.610597552415364,6.610597552415364,6.610597552415364,0.0,1.51657508881031,1150.82348776865,8.414273587185052,4.207136793592526,4.207136793592526,4.207136793592526,0.0,0.8366600265340756,731.2911868742848,10.825894882179487,5.412947441089743,5.412947441089743,5.412947441089743,0.0,1.51657508881031,711.1900589856414,16.55294535724685,8.276472678623424,8.276472678623424,8.276472678623424,0.0,1.9235384061671343,1012.2918057556329,12.696456198483101,6.348228099241551,6.348228099241551,6.348228099241551,0.0,2.1908902300206647,991.1217382340072,5.176871642217915,2.5884358211089573,2.5884358211089573,2.5884358211089573,0.0,0.8944271909999159,810.6606565018435,7.127411872482185,3.5637059362410923,3.5637059362410923,3.5637059362410923,0.0,1.3038404810405297,1165.8514056259485
0.0,9.633275663033837,4.8166378315169185,4.8166378315169185,4.8166378315169185,0.0,1.4832396974191326,817.6540833384249,14.791889669680478,7.395944834840239,7.395944834840239,7.395944834840239,0.0,1.3038404810405297,667.5959107124609,11.099549540409287,5.549774770204643,5.549774770204643,5.549774770204643,0.0,2.0,780.4327645607916,12.441864811996632,6.220932405998316,6.220932405998316,6.220932405998316,0.0,2.3874672772626644,793.6228323328405,2.6076809620810595,1.3038404810405297,1.3038404810405297,1.3038404810405297,0.0,0.8366600265340757,192.43362492038648,7.92464510246358,3.96232255123179,3.96232255123179,3.96232255123179,0.0,1.51657508881031,897.2773818613729,9.959919678390987,4.979959839195494,4.979959839195494,4.979959839195494,0.0,1.140175425099138,482.2637245325424,15.165750888103101,7.582875444051551,7.582875444051551,7.582875444051551,0.0,1.816590212458495,978.4846958435272,8.602325267042627,4.301162633521313,4.301162633521313,4.301162633521313,0.0,1.224744871391589,653.5184006590786,10.237187113655782,5.118593556827891,5.118593556827891,5.118593556827891,0.0,1.0,770.2461944079957,15.53061492665374,7.76530746332687,7.76530746332687,7.76530746332687,0.0,2.588435821108957,1208.86235775625,12.727922061357855,6.363961030678928,6.363961030678928,6.363961030678928,0.0,1.3038404810405297,1046.0657245125662,16.45600194457937,8.228000972289685,8.228000972289685,8.228000972289685,0.0,2.3874672772626644,1215.2557344032573,14.587666023048376,7.293833011524188,7.293833011524188,7.293833011524188,0.0,1.9235384061671346,1251.8471552070564,8.414273587185052,4.207136793592526,4.207136793592526,4.207136793592526,0.0,0.8366600265340756,731.3594875299013,11.454256850621082,5.727128425310541,5.727128425310541,5.727128425310541,0.0,1.9235384061671346,781.302630227238,15.401298646542765,7.700649323271382,7.700649323271382,7.700649323271382,0.0,1.5811388300841898,1010.9637975714065,11.781341180018513,5.890670590009257,5.890670590009257,5.890670590009257,0.0,1.9235384061671346,992.9846423787228,5.176871642217914,2.588435821108957,2.588435821108957,2.588435821108957,0.0,0.8944271909999159,811.969950182887,7.3484692283495345,3.6742346141747673,3.6742346141747673,3.6742346141747673,0.0,1.3038404810405297,1168.2203559260556
0.0,9.633275663033837,4.8166378315169185,4.8166378315169185,4.8166378315169185,0.0,1.4832396974191326,819.8526087047599,14.791889669680478,7.395944834840239,7.395944834840239,7.395944834840239,0.0,1.3038404810405297,670.3332753190758,10.13903348450926,5.06951674225463,5.06951674225463,5.06951674225463,0.0,1.6733200530681511,778.8557632835492,11.610340218959994,5.805170109479997,5.805170109479997,5.805170109479997,0.0,1.9235384061671346,795.3836809993023,3.3466401061363023,1.6733200530681511,1.6733200530681511,1.6733200530681511,0.0,0.8366600265340757,191.52623841134667,7.563068160475615,3.7815340802378077,3.7815340802378077,3.7815340802378077,0.0,1.51657508881031,897.6963295012406,9.959919678390987,4.979959839195494,4.979959839195494,4.979959839195494,0.0,1.140175425099138,477.8177476821052,17.1697408250678,8.5848704125339,8.5848704125339,8.5848704125339,0.0,1.816590212458495,975.3879740903105,8.988882021697693,4.494441010848846,4.494441010848846,4.494441010848846,0.0,1.3038404810405297,657.6132602069396,10.334408546211051,5.167204273105526,5.167204273105526,5.167204273105526,0.0,1.0,770.2125031444244,15.786069808536892,7.893034904268446,7.893034904268446,7.893034904268446,0.0,2.588435821108957,1207.5730619718213,12.727922061357855,6.363961030678928,6.363961030678928,6.363961030678928,0.0,1.3038404810405297,1047.3807808051472,17.297398648351724,8.648699324175862,8.648699324175862,8.648699324175862,0.0,2.3874672772626644,1214.8871552535238,14.587666023048376,7.293833011524188,7.293833011524188,7.293833011524188,0.0,1.9235384061671346,1251.2824221573642,8.899438184514796,4.449719092257398,4.449719092257398,4.449719092257398,0.0,0.8366600265340756,725.1887340547976,10.825894882179487,5.412947441089743,5.412947441089743,5.412947441089743,0.0,1.51657508881031,781.6746126106437,15.073154945133417,7.536577472566709,7.536577472566709,7.536577472566709,0.0,1.5811388300841898,1010.910085022402,12.361229712289955,6.180614856144977,6.180614856144977,6.180614856144977,0.0,2.280350850198276,988.100551563453,6.418722614352485,3.2093613071762426,3.2093613071762426,3.2093613071762426,0.0,0.8366600265340756,809.221106991161,8.049844718999243,4.024922359499621,4.024922359499621,4.024922359499621,0.0,1.140175425099138,1170.9558915689354
0.0,9.208691546577072,4.604345773288536,4.604345773288536,4.604345773288536,0.0,1.224744871391589,817.3691332562051,14.51895313030523,7.259476565152615,7.259476565152615,7.259476565152615,0.0,1.3038404810405297,672.344033958806,10.039920318408907,5.019960159204453,5.019960159204453,5.019960159204453,0.0,1.6733200530681511,777.7134433710144,11.882760622010357,5.941380311005179,5.941380311005179,5.941380311005179,0.0,1.9235384061671346,796.3669380379877,3.0331501776206204,1.5165750888103102,1.5165750888103102,1.5165750888103102,0.0,0.7071067811865476,189.65705892478664,7.92464510246358,3.96232255123179,3.96232255123179,3.96232255123179,0.0,1.51657508881031,896.6522737382647,9.959919678390985,4.979959839195493,4.979959839195493,4.979959839195493,0.0,1.1401754250991378,480.19975010405824,17.435595774162696,8.717797887081348,8.717797887081348,8.717797887081348,0.0,1.816590212458495,974.209782336433,8.988882021697693,4.494441010848846,4.494441010848846,4.494441010848846,0.0,1.3038404810405297,655.1999694749687,11.009087155618309,5.504543577809154,5.504543577809154,5.504543577809154,0.0,1.0,768.5052374577548,15.257784898208522,7.628892449104261,7.628892449104261,7.628892449104261,0.0,2.345207879911715,1208.4680384685398,12.759310326189265,6.3796551630946325,6.3796551630946325,6.3796551630946325,0.0,1.3038404810405297,1048.0154101920448,17.297398648351724,8.648699324175862,8.648699324175862,8.648699324175862,0.0,2.3874672772626644,1213.2789456674834,13.754999091239519,6.877499545619759,6.877499545619759,6.877499545619759,0.0,1.51657508881031,1249.3447482580618,8.786353054595518,4.393176527297759,4.393176527297759,4.393176527297759,0.0,0.8366600265340756,723.5244985485979,11.781341180018513,5.890670590009257,5.890670590009257,5.890670590009257,0.0,1.51657508881031,778.2896633002395,15.073154945133417,7.536577472566709,7.536577472566709,7.536577472566709,0.0,1.5811388300841898,1008.7193365847609,12.083045973594572,6.041522986797286,6.041522986797286,6.041522986797286,0.0,2.280350850198276,991.2914304078291,7.127411872482185,3.5637059362410923,3.5637059362410923,3.5637059362410923,0.0,0.8366600265340756,811.7578456658118,7.155417527999327,3.5777087639996634,3.5777087639996634,3.5777087639996634,0.0,1.140175425099138,1175.1847939792278
0.0,10.256705123966467,5.128352561983234,5.128352561983234,5.128352561983234,0.0,1.224744871391589,817.3758621344284,14.724129855444769,7.362064927722384,7.362064927722384,7.362064927722384,0.0,1.3038404810405297,669.8319192155597,11.189280584559492,5.594640292279746,5.594640292279746,5.594640292279746,0.0,1.816590212458495,794.4914725785293,11.40175425099138,5.70087712549569,5.70087712549569,5.70087712549569,0.0,1.816590212458495,796.6637935791986,2.449489742783178,1.224744871391589,1.224744871391589,1.224744871391589,0.0,0.4472135954999579,187.70535421239322,9.09945053286186,4.54972526643093,4.54972526643093,4.54972526643093,0.0,1.9235384061671346,961.1735015074022,10.714476188783099,5.357238094391549,5.357238094391549,5.357238094391549,0.0,1.1401754250991378,481.6578661249082,17.1697408250678,8.5848704125339,8.5848704125339,8.5848704125339,0.0,1.816590212458495,974.3086266681621,8.988882021697693,4.494441010848846,4.494441010848846,4.494441010848846,0.0,1.3038404810405297,659.4017743379221,10.545141061171254,5.272570530585627,5.272570530585627,5.272570530585627,0.0,1.0,767.6032178150375,15.84929020492716,7.92464510246358,7.92464510246358,7.92464510246358,0.0,2.6832815729997477,1243.87688297516,12.759310326189265,6.3796551630946325,6.3796551630946325,6.3796551630946325,0.0,1.3038404810405297,1046.7849826970198,16.994116628998402,8.497058314499201,8.497058314499201,8.497058314499201,0.0,2.23606797749979,1210.794491232926,15.530614926653742,7.765307463326871,7.765307463326871,7.765307463326871,0.0,2.345207879911715,1346.23058946081,8.648699324175862,4.324349662087931,4.324349662087931,4.324349662087931,0.0,0.8366600265340756,724.2543061660041,11.882760622010357,5.941380311005179,5.941380311005179,5.941380311005179,0.0,1.51657508881031,778.7851436692922,15.0996688705415,7.54983443527075,7.54983443527075,7.54983443527075,0.0,1.5811388300841898,1011.1455384859293,11.713240371477058,5.856620185738529,5.856620185738529,5.856620185738529,0.0,2.1908902300206647,989.2619471100664,7.127411872482185,3.5637059362410923,3.5637059362410923,3.5637059362410923,0.0,0.8366600265340756,715.5050663692047,8.717797887081348,4.358898943540674,4.358898943540674,4.358898943540674,0.0,1.140175425099138,1176.367289582637
0.0,10.256705123966467,5.128352561983234,5.128352561983234,5.128352561983234,0.0,1.224744871391589,816.6111069536098,14.11382301150188,7.05691150575094,7.05691150575094,7.05691150575094,0.0,1.3038404810405297,672.9604000236566,11.045361017187261,5.522680508593631,5.522680508593631,5.522680508593631,0.0,1.6733200530681511,797.1231397971081,10.545141061171254,5.272570530585627,5.272570530585627,5.272570530585627,0.0,1.6431676725154984,798.5945153831198,3.03315017762062,1.51657508881031,1.51657508881031,1.51657508881031,0.0,0.4472135954999579,187.12161820591444,8.294576541331088,4.147288270665544,4.147288270665544,4.147288270665544,0.0,1.51657508881031,964.5199324016068,11.454256850621084,5.727128425310542,5.727128425310541,5.727128425310541,0.0,1.1401754250991378,480.18204881065685,18.72965562950905,9.364827814754525,9.364827814754525,9.364827814754525,0.0,1.4142135623730951,974.5505117745308,8.648699324175862,4.324349662087931,4.324349662087931,4.324349662087931,0.0,1.224744871391589,644.3145970719584,10.545141061171254,5.272570530585627,5.272570530585627,5.272570530585627,0.0,1.0,765.0979022321261,15.786069808536892,7.893034904268446,7.893034904268446,7.893034904268446,0.0,2.588435821108957,1276.613293053147,13.311649033834989,6.6558245169174945,6.6558245169174945,6.6558245169174945,0.0,1.51657508881031,1049.329690802657,16.73320053068151,8.366600265340756,8.366600265340756,8.366600265340756,0.0,2.23606797749979,1214.9268290724342,14.737706741552431,7.368853370776216,7.368853370776216,7.368853370776216,0.0,1.9235384061671346,1348.1076366522072,9.121403400793104,4.560701700396552,4.560701700396552,4.560701700396552,0.0,0.8366600265340756,721.6624557228955,12.280065146407,6.1400325732035,6.1400325732035,6.1400325732035,0.0,1.7888543819998317,778.462715870195,14.926486525636232,7.463243262818116,7.463243262818116,7.463243262818116,0.0,1.5811388300841898,1012.8865681802677,11.189280584559492,5.594640292279746,5.594640292279746,5.594640292279746,0.0,1.9493588689617927,986.0716505406695,7.87400787401181,3.937003937005905,3.937003937005905,3.937003937005905,0.0,0.8366600265340756,715.3891947744248,8.318653737234168,4.159326868617084,4.159326868617084,4.159326868617084,0.0,1.140175425099138,1174.8282853251364
0.0,11.313708498984761,5.656854249492381,5.656854249492381,5.656854249492381,0.0,1.224744871391589,816.9581996650746,13.740451229854134,6.870225614927067,6.870225614927067,6.870225614927067,0.0,1.3038404810405297,672.0885358343795,11.045361017187261,5.522680508593631,5.522680508593631,5.522680508593631,0.0,1.6733200530681511,795.1048987397827,11.436782764396638,5.718391382198319,5.718391382198319,5.718391382198319,0.0,1.5811388300841898,802.2477796790715,3.5777087639996634,1.7888543819998317,1.7888543819998317,1.7888543819998317,0.0,0.4472135954999579,190.18096645037846,9.316651759081692,4.658325879540846,4.658325879540846,4.658325879540846,0.0,1.816590212458495,886.3053649843264,16.88786546606764,8.44393273303382,8.44393273303382,8.44393273303382,0.0,1.9235384061671346,1233.8844354314547,18.08867048735202,9.04433524367601,9.04433524367601,9.04433524367601,0.0,1.30384048104053,972.0944912918703,7.563068160475615,3.7815340802378077,3.7815340802378077,3.7815340802378077,0.0,0.8366600265340756,643.7957750715673,10.89954127475097,5.449770637375485,5.449770637375485,5.449770637375485,0.0,1.0,764.2255557098309,16.211107303327555,8.105553651663778,8.105553651663778,8.105553651663778,0.0,2.588435821108957,1278.1350867572644,13.311649033834989,6.6558245169174945,6.6558245169174945,6.6558245169174945,0.0,1.51657508881031,1051.3088509091892,16.516658257650064,8.258329128825032,8.258329128825032,8.258329128825032,0.0,2.23606797749979,1212.6049232952996,11.610340218959994,5.805170109479997,5.805170109479997,5.805170109479997,0.0,1.7320508075688772,1344.238334522565,8.049844718999244,4.024922359499622,4.024922359499622,4.024922359499622,0.0,0.7071067811865476,722.4634938874075,12.280065146407,6.1400325732035,6.1400325732035,6.1400325732035,0.0,1.7888543819998317,841.0031510047986,14.926486525636232,7.463243262818116,7.463243262818116,7.463243262818116,0.0,1.5811388300841898,1011.9216866931947,11.081516141756055,5.540758070878027,5.540758070878027,5.540758070878027,0.0,1.9493588689617927,989.5816287704617,8.555699854482974,4.277849927241487,4.277849927241487,4.277849927241487,0.0,0.8366600265340756,717.429648118894,8.48528137423857,4.242640687119285,4.242640687119285,4.242640687119285,0.0,1.140175425099138,1172.310837619443
0.0,10.807404868885037,5.403702434442518,5.403702434442518,5.403702434442518,0.0,1.224744871391589,818.4169475273591,12.83744522870497,6.418722614352485,6.418722614352485,6.418722614352485,0.0,1.3038404810405297,670.5798237346543,12.083045973594572,6.041522986797286,6.041522986797286,6.041522986797286,0.0,2.073644135332772,876.30576855342,12.759310326189265,6.3796551630946325,6.3796551630946325,6.3796551630946325,0.0,1.9235384061671343,885.9067106642775,3.5777087639996634,1.7888543819998317,1.7888543819998317,1.7888543819998317,0.0,0.4472135954999579,192.1645128529198,9.316651759081692,4.658325879540846,4.658325879540846,4.658325879540846,0.0,1.816590212458495,891.3025861064244,17.4928556845359,8.74642784226795,8.74642784226795,8.74642784226795,0.0,1.9235384061671346,1235.9171897825518,17.854971296532515,8.927485648266257,8.927485648266257,8.927485648266257,0.0,1.30384048104053,971.8359943941158,7.127411872482185,3.5637059362410923,3.5637059362410923,3.5637059362410923,0.0,0.8366600265340756,642.3415757990448,10.89954127475097,5.449770637375485,5.449770637375485,5.449770637375485,0.0,1.0,765.4854668770662,15.684387141358123,7.842193570679061,7.842193570679061,7.842193570679061,0.0,2.345207879911715,1278.9051958608973,13.564659966250536,6.782329983125268,6.782329983125268,6.782329983125268,0.0,1.51657508881031,1053.3071726709165,16.673332000533065,8.336666000266533,8.336666000266533,8.336666000266533,0.0,1.9235384061671346,1213.5821768631904,11.081516141756055,5.540758070878027,5.540758070878027,5.540758070878027,0.0,1.3038404810405297,1345.689860257556,8.173126696681019,4.08656334834051,4.086563348340509,4.086563348340509,0.0,0.7071067811865476,722.6736469527584,12.521980673998822,6.260990336999411,6.260990336999411,6.260990336999411,0.0,1.7320508075688774,842.5756345871864,15.20526224699857,7.602631123499285,7.602631123499285,7.602631123499285,0.0,1.5811388300841898,1015.2038218998192,11.081516141756055,5.540758070878027,5.540758070878027,5.540758070878027,0.0,1.9493588689617927,994.0486406610091,8.87693640846886,4.43846820423443,4.43846820423443,4.43846820423443,0.0,0.8366600265340756,714.5437005530172,9.011104260855047,4.505552130427524,4.505552130427524,4.505552130427524,0.0,1.140175425099138,1175.8917041972873
0.0,9.486832980505138,4.743416490252569,4.743416490252569,4.743416490252569,0.0,1.224744871391589,818.8242790733552,12.45792920191795,6.228964600958975,6.228964600958975,6.228964600958975,0.0,1.3038404810405297,669.8070617722689,10.99090533122727,5.495452665613635,5.495452665613635,5.495452665613635,0.0,1.7888543819998317,877.8409309208588,14.449913494550755,7.224956747275377,7.224956747275377,7.224956747275377,0.0,1.9235384061671343,889.3502122336284,4.09878030638384,2.04939015319192,2.04939015319192,2.04939015319192,0.0,0.4472135954999579,187.51879905758787,10.526157893552615,5.263078946776307,5.263078946776307,5.263078946776307,0.0,1.816590212458495,895.453628056752,16.161683080669537,8.080841540334768,8.080841540334768,8.080841540334768,0.0,1.5811388300841898,1237.728362767857,18.05547008526779,9.027735042633894,9.027735042633894,9.027735042633894,0.0,1.30384048104053,973.5346424241923,7.127411872482185,3.5637059362410923,3.5637059362410923,3.5637059362410923,0.0,0.8366600265340756,645.7432152179379,10.89954127475097,5.449770637375485,5.449770637375485,5.449770637375485,0.0,1.0,768.2578994061824,15.466091943344964,7.733045971672482,7.733045971672482,7.733045971672482,0.0,2.345207879911715,1276.961236686533,14.6696966567138,7.3348483283569,7.3348483283569,7.3348483283569,0.0,1.6733200530681511,1053.4433064954185,16.52876280911551,8.264381404557755,8.264381404557755,8.264381404557755,0.0,1.9235384061671346,1209.845733967765,12.377398757412642,6.188699378706321,6.188699378706321,6.188699378706321,0.0,2.3874672772626644,1292.3882930450895,8.07465169527454,4.03732584763727,4.03732584763727,4.03732584763727,0.0,0.8366600265340756,723.5576687452079,11.882760622010357,5.941380311005179,5.941380311005179,5.941380311005179,0.0,1.3038404810405297,843.7791772732959,15.05988047761336,7.52994023880668,7.52994023880668,7.52994023880668,0.0,1.5811388300841898,1015.6453613343588,11.045361017187261,5.522680508593631,5.522680508593631,5.522680508593631,0.0,1.9235384061671346,992.8789956485131,10.334408546211051,5.167204273105526,5.167204273105526,5.167204273105526,0.0,0.8366600265340756,714.9404170978166,8.831760866327848,4.415880433163924,4.415880433163924,4.415880433163924,0.0,1.3038404810405297,1180.088217041421
0.0,9.316651759081694,4.658325879540847,4.658325879540847,4.658325879540847,0.0,1.224744871391589,819.7063498595091,12.45792920191795,6.228964600958975,6.228964600958975,6.228964600958975,0.0,1.3038404810405297,672.5083642602522,11.313708498984761,5.656854249492381,5.656854249492381,5.656854249492381,0.0,1.7888543819998317,876.4631766366457,14.601369798755183,7.3006848993775915,7.3006848993775915,7.3006848993775915,0.0,1.5811388300841898,890.8682281909037,4.09878030638384,2.04939015319192,2.04939015319192,2.04939015319192,0.0,0.4472135954999579,184.25607181311562,9.85900603509299,4.929503017546495,4.929503017546495,4.929503017546495,0.0,1.4832396974191326,910.1500975113939,16.334013591276335,8.167006795638168,8.167006795638168,8.167006795638168,0.0,1.5811388300841898,1239.857975737544,18.05547008526779,9.027735042633894,9.027735042633894,9.027735042633894,0.0,1.30384048104053,977.785508176512,7.127411872482185,3.5637059362410923,3.5637059362410923,3.5637059362410923,0.0,0.8366600265340756,648.5964076372918,10.89954127475097,5.449770637375485,5.449770637375485,5.449770637375485,0.0,1.0,766.6529201666161,16.492422502470642,8.246211251235321,8.246211251235321,8.246211251235321,0.0,2.588435821108957,1330.839321631278,14.463747785411636,7.231873892705818,7.231873892705818,7.231873892705818,0.0,1.6733200530681511,1053.779388676776,16.52876280911551,8.264381404557755,8.264381404557755,8.264381404557755,0.0,1.9235384061671346,1209.0784507218711,12.457929201917949,6.2289646009589745,6.2289646009589745,6.2289646009589745,0.0,1.9493588689617927,1294.6896539325553,8.532291603080616,4.266145801540308,4.266145801540308,4.266145801540308,0.0,1.1401754250991378,725.3566708868128,11.882760622010357,5.941380311005179,5.941380311005179,5.941380311005179,0.0,1.3038404810405297,850.4291269706135,13.461054936371074,6.730527468185537,6.730527468185537,6.730527468185537,0.0,1.3038404810405297,1013.0534043178573,12.537942414925983,6.268971207462991,6.268971207462991,6.268971207462991,0.0,1.9235384061671346,995.3510436022057,9.654014708917737,4.8270073544588685,4.8270073544588685,4.8270073544588685,0.0,0.5477225575051662,713.5808994080489,8.831760866327848,4.415880433163924,4.415880433163924,4.415880433163924,0.0,1.3038404810405297,1181.830486998876
0.0,9.757048734120374,4.878524367060187,4.878524367060187,4.878524367060187,0.0,1.224744871391589,823.1438513406998,11.865917579353061,5.932958789676531,5.932958789676531,5.932958789676531,0.0,1.3038404810405297,671.5696538706912,11.696153213770756,5.848076606885378,5.848076606885378,5.848076606885378,0.0,1.7888543819998317,880.2358774783041,14.25482374496437,7.127411872482185,7.127411872482185,7.127411872482185,0.0,1.4832396974191326,892.9380157659322,4.09878030638384,2.04939015319192,2.04939015319192,2.04939015319192,0.0,0.4472135954999579,181.71268530292537,9.633275663033837,4.8166378315169185,4.8166378315169185,4.8166378315169185,0.0,1.4142135623730951,906.9000496195819,16.14930339054908,8.07465169527454,8.07465169527454,8.07465169527454,0.0,1.4832396974191326,1235.228238019193,17.922053453775884,8.961026726887942,8.961026726887942,8.961026726887942,0.0,1.30384048104053,982.9874363388375,6.6932802122726045,3.3466401061363023,3.3466401061363023,3.3466401061363023,0.0,0.8944271909999159,648.2223383994107,11.171392035015154,5.585696017507577,5.585696017507577,5.585696017507577,0.0,0.8366600265340755,765.936224499142,16.492422502470642,8.246211251235321,8.246211251235321,8.246211251235321,0.0,2.588435821108957,1331.7814009814074,14.628738838327795,7.3143694191638975,7.3143694191638975,7.3143694191638975,0.0,1.6733200530681511,1051.1913717301907,16.589153082662175,8.294576541331088,8.294576541331088,8.294576541331088,0.0,1.949358868961793,1217.0853297940946,12.457929201917949,6.2289646009589745,6.2289646009589745,6.2289646009589745,0.0,1.9493588689617927,1294.6146917133299,12.884098726725126,6.442049363362563,6.442049363362563,6.442049363362563,0.0,1.6431676725154984,1089.797366486082,12.537942414925983,6.268971207462991,6.268971207462991,6.268971207462991,0.0,1.51657508881031,853.5668105075314,14.0,7.0,7.0,7.0,0.0,1.6733200530681511,1035.7785477600896,11.575836902790225,5.787918451395113,5.787918451395113,5.787918451395113,0.0,1.7320508075688772,992.4334738409422,10.430723848324238,5.215361924162119,5.215361924162119,5.215361924162119,0.0,0.5477225575051662,714.9074765310544,8.17312669668102,4.08656334834051,4.08656334834051,4.08656334834051,0.0,1.0,1176.5265827851065
0.0,9.757048734120374,4.878524367060187,4.878524367060187,4.878524367060187,0.0,1.224744871391589,822.6317523655405,11.713240371477058,5.856620185738529,5.856620185738529,5.856620185738529,0.0,1.3038404810405297,670.3150005780865,12.409673645990857,6.2048368229954285,6.2048368229954285,6.2048368229954285,0.0,2.1908902300206643,938.5991157038238,14.25482374496437,7.127411872482185,7.127411872482185,7.127411872482185,0.0,1.4832396974191326,892.1180975633215,3.5777087639996634,1.7888543819998317,1.7888543819998317,1.7888543819998317,0.0,0.5477225575051661,181.87138312554833,9.654014708917737,4.8270073544588685,4.8270073544588685,4.8270073544588685,0.0,1.4832396974191326,907.3757766217919,17.34358671094304,8.67179335547152,8.67179335547152,8.67179335547152,0.0,1.4832396974191326,1237.1311571535168,18.110770276274835,9.055385138137417,9.055385138137417,9.055385138137417,0.0,1.30384048104053,983.2212365485196,6.099180272790763,3.0495901363953815,3.0495901363953815,3.0495901363953815,0.0,0.8944271909999159,646.3006266436696,10.353743284435827,5.176871642217914,5.176871642217914,5.176871642217914,0.0,0.8366600265340755,769.4645540894006,16.492422502470642,8.246211251235321,8.246211251235321,8.246211251235321,0.0,2.588435821108957,1330.7868724931127,14.51895313030523,7.259476565152615,7.259476565152615,7.259476565152615,0.0,1.6431676725154982,1047.5944826124276,16.45600194457937,8.228000972289685,8.228000972289685,8.228000972289685,0.0,1.949358868961793,1214.3861412252693,12.11610498468877,6.058052492344385,6.058052492344385,6.058052492344385,0.0,1.5165750888103104,1288.2908444912584,11.966620241321273,5.9833101206606365,5.9833101206606365,5.9833101206606365,0.0,1.5165750888103102,1091.2173477360043,14.449913494550755,7.224956747275377,7.224956747275377,7.224956747275377,0.0,2.345207879911715,959.4319673640231,14.601369798755183,7.3006848993775915,7.3006848993775915,7.3006848993775915,0.0,1.6733200530681511,1035.7941397787497,5.0990195135927845,2.5495097567963922,2.5495097567963922,2.5495097567963922,0.0,0.5477225575051662,699.1732975450363,9.838699100999074,4.919349550499537,4.919349550499537,4.919349550499537,0.0,0.5477225575051662,713.6427677767077,8.318653737234168,4.159326868617084,4.159326868617084,4.159326868617084,0.0,1.0,1175.5155464731208
0.0,9.757048734120374,4.878524367060187,4.878524367060187,4.878524367060187,0.0,1.224744871391589,823.3743377103758,12.601587201618692,6.300793600809346,6.300793600809346,6.300793600809346,0.0,1.3038404810405297,671.6944990097804,12.759310326189265,6.3796551630946325,6.3796551630946325,6.3796551630946325,0.0,2.1908902300206643,938.2581201353922,14.926486525636232,7.463243262818116,7.463243262818116,7.463243262818116,0.0,1.8708286933869707,966.6157457852629,13.311649033834989,6.6558245169174945,6.6558245169174945,6.6558245169174945,0.0,2.5099800796022267,1049.6967657376106,9.654014708917737,4.8270073544588685,4.8270073544588685,4.8270073544588685,0.0,1.4832396974191326,906.7272467506423,17.527121840165314,8.763560920082657,8.763560920082657,8.763560920082657,0.0,1.816590212458495,1229.1056911429546,18.088670487352022,9.044335243676011,9.044335243676011,9.044335243676011,0.0,1.30384048104053,981.9464343842794,9.444575162494075,4.722287581247038,4.722287581247038,4.722287581247038,0.0,2.0736441353327724,911.4928962970583,11.081516141756055,5.540758070878027,5.540758070878027,5.540758070878027,0.0,0.8366600265340755,839.2352471148957,16.407315441594946,8.203657720797473,8.203657720797473,8.203657720797473,0.0,2.345207879911715,1326.596321418087,13.007690033207279,6.5038450166036395,6.5038450166036395,6.5038450166036395,0.0,1.224744871391589,1046.6095260411114,16.55294535724685,8.276472678623424,8.276472678623424,8.276472678623424,0.0,1.816590212458495,1213.5038112836728,12.409673645990857,6.2048368229954285,6.2048368229954285,6.2048368229954285,0.0,1.7888543819998317,1290.4408936483685,12.37739875741264,6.18869937870632,6.18869937870632,6.18869937870632,0.0,1.5165750888103102,1095.5750544805226,14.324803663575986,7.162401831787993,7.162401831787993,7.162401831787993,0.0,1.9235384061671346,959.655771618136,14.601369798755183,7.3006848993775915,7.3006848993775915,7.3006848993775915,0.0,1.6733200530681511,1033.1476177197526,5.0990195135927845,2.5495097567963922,2.5495097567963922,2.5495097567963922,0.0,0.5477225575051662,702.3469940136428,9.444575162494075,4.722287581247038,4.722287581247038,4.722287581247038,0.0,0.5477225575051662,710.9247498856682,7.694153624668538,3.847076812334269,3.847076812334269,3.847076812334269,0.0,1.0,1174.0959074964874
0.0,9.757048734120374,4.878524367060187,4.878524367060187,4.878524367060187,0.0,1.224744871391589,821.3855976336571,13.0843417870369,6.54217089351845,6.54217089351845,6.54217089351845,0.0,1.3038404810405297,672.5074720774484,12.457929201917949,6.2289646009589745,6.2289646009589745,6.2289646009589745,0.0,1.7888543819998317,933.8067251846069,14.7648230602334,7.3824115301167,7.3824115301167,7.3824115301167,0.0,1.8708286933869707,967.7326593641449,12.457929201917949,6.2289646009589745,6.2289646009589745,6.2289646009589745,0.0,2.073644135332772,1049.7719752403375,9.654014708917737,4.8270073544588685,4.8270073544588685,4.8270073544588685,0.0,1.4832396974191326,905.619566926422,16.492422502470642,8.246211251235321,8.246211251235321,8.246211251235321,0.0,1.816590212458495,1228.1949356677871,18.18790807102345,9.093954035511725,9.093954035511725,9.093954035511725,0.0,1.30384048104053,981.744365912023,9.633275663033837,4.8166378315169185,4.8166378315169185,4.8166378315169185,0.0,2.0736441353327724,910.5752028251154,11.081516141756055,5.540758070878027,5.540758070878027,5.540758070878027,0.0,0.8366600265340755,844.1337571735892,16.14930339054908,8.07465169527454,8.07465169527454,8.07465169527454,0.0,2.04939015319192,1328.9750561993253,14.51895313030523,7.259476565152615,7.259476565152615,7.259476565152615,0.0,1.224744871391589,1218.1921851661996,17.34358671094304,8.67179335547152,8.67179335547152,8.67179335547152,0.0,1.816590212458495,1216.7301261989037,12.083045973594574,6.041522986797287,6.041522986797287,6.041522986797287,0.0,1.8708286933869707,1291.4322281869845,12.83744522870497,6.418722614352485,6.418722614352485,6.418722614352485,0.0,1.5165750888103102,1094.6283387524736,14.310835055998654,7.155417527999327,7.155417527999327,7.155417527999327,0.0,1.9235384061671346,958.8815359573882,14.587666023048376,7.293833011524188,7.293833011524188,7.293833011524188,0.0,1.4832396974191326,1033.2138210457697,4.979959839195493,2.4899799195977463,2.4899799195977463,2.4899799195977463,0.0,0.5477225575051662,701.686040904335,9.444575162494075,4.722287581247038,4.722287581247038,4.722287581247038,0.0,0.5477225575051662,711.0469042194053,7.402702209328699,3.7013511046643495,3.7013511046643495,3.7013511046643495,0.0,0.8366600265340756,1168.8039613211447
0.0,9.444575162494075,4.722287581247038,4.722287581247038,4.722287581247038,0.0,1.224744871391589,824.9140561294855,12.837445228704969,6.418722614352484,6.418722614352484,6.418722614352484,0.0,1.224744871391589,669.2961228036511,13.16054710108968,6.58027355054484,6.58027355054484,6.58027355054484,0.0,2.1908902300206643,984.9057315296728,14.170391667134682,7.085195833567341,7.085195833567341,7.085195833567341,0.0,1.4832396974191326,965.0190153566924,12.759310326189265,6.3796551630946325,6.3796551630946325,6.3796551630946325,0.0,2.073644135332772,1053.800977414616,8.87693640846886,4.43846820423443,4.43846820423443,4.43846820423443,0.0,1.51657508881031,902.46900223775,16.407315441594946,8.203657720797473,8.203657720797473,8.203657720797473,0.0,1.5165750888103102,1228.0677098596805,17.776388834631177,8.888194417315589,8.888194417315589,8.888194417315589,0.0,1.30384048104053,985.8700218588656,9.121403400793104,4.560701700396552,4.560701700396552,4.560701700396552,0.0,1.7320508075688774,907.6314229906322,11.40175425099138,5.70087712549569,5.70087712549569,5.70087712549569,0.0,1.140175425099138,843.5441897138526,16.14930339054908,8.07465169527454,8.07465169527454,8.07465169527454,0.0,2.04939015319192,1325.2158314780277,14.51895313030523,7.259476565152615,7.259476565152615,7.259476565152615,0.0,1.224744871391589,1218.383026802327,17.23948955160796,8.61974477580398,8.61974477580398,8.61974477580398,0.0,1.816590212458495,1216.4313790756962,14.601369798755185,7.300684899377592,7.300684899377592,7.300684899377592,0.0,2.701851217221259,1409.899535427968,12.884098726725126,6.442049363362563,6.442049363362563,6.442049363362563,0.0,1.5165750888103102,1094.8430481123767,14.042791745233567,7.021395872616783,7.021395872616783,7.021395872616783,0.0,1.9235384061671346,962.5611668875906,14.24078649513432,7.12039324756716,7.12039324756716,7.12039324756716,0.0,1.4832396974191326,1032.9579855928314,5.0199601592044525,2.5099800796022262,2.5099800796022262,2.5099800796022262,0.0,0.44721359549995787,705.8808681356933,9.444575162494075,4.722287581247038,4.722287581247038,4.722287581247038,0.0,0.5477225575051662,712.9563100218695,7.615773105863909,3.8078865529319543,3.8078865529319543,3.8078865529319543,0.0,0.8366600265340756,1167.0754902747294
0.0,9.20869154657707,4.604345773288535,4.604345773288535,4.604345773288535,0.0,1.224744871391589,822.510790202779,12.837445228704969,6.418722614352484,6.418722614352484,6.418722614352484,0.0,1.224744871391589,673.9089701139168,11.832159566199232,5.916079783099616,5.916079783099616,5.916079783099616,0.0,1.7320508075688772,981.06330071,14.805404418657398,7.402702209328699,7.402702209328699,7.402702209328699,0.0,1.4832396974191326,959.3369064098389,11.916375287812984,5.958187643906492,5.958187643906492,5.958187643906492,0.0,1.6431676725154984,1053.2211543640776,9.528903399657276,4.764451699828638,4.764451699828638,4.764451699828638,0.0,1.4832396974191326,904.3227852929506,16.211107303327555,8.105553651663778,8.105553651663778,8.105553651663778,0.0,1.5165750888103102,1226.217150426465,18.18790807102345,9.093954035511725,9.093954035511725,9.093954035511725,0.0,1.30384048104053,983.9805892394423,9.121403400793104,4.560701700396552,4.560701700396552,4.560701700396552,0.0,1.7320508075688774,904.0355081521964,11.366617790706258,5.683308895353129,5.683308895353129,5.683308895353129,0.0,1.140175425099138,842.0334316403358,16.34625339336204,8.17312669668102,8.17312669668102,8.17312669668102,0.0,2.3021728866442674,1326.3823732242524,15.257784898208522,7.628892449104261,7.628892449104261,7.628892449104261,0.0,1.1401754250991378,1249.3172935647692,16.816658407662327,8.408329203831164,8.408329203831164,8.408329203831164,0.0,1.816590212458495,1218.2780881227407,13.754999091239519,6.877499545619759,6.877499545619759,6.877499545619759,0.0,2.280350850198276,1410.778614808149,12.884098726725126,6.442049363362563,6.442049363362563,6.442049363362563,0.0,1.5165750888103102,1093.639657291194,15.594870951694341,7.797435475847171,7.797435475847171,7.797435475847171,0.0,2.345207879911715,1034.5320198041238,14.324803663575986,7.162401831787993,7.162401831787993,7.162401831787993,0.0,1.4832396974191326,1030.4702809882485,5.727128425310541,2.8635642126552705,2.8635642126552705,2.8635642126552705,0.0,0.7071067811865475,706.343967200117,9.423375191511797,4.711687595755898,4.711687595755898,4.711687595755898,0.0,0.5477225575051662,711.877798501962,9.85900603509299,4.929503017546495,4.929503017546495,4.929503017546495,0.0,1.3038404810405297,1226.071490574673
0.0,9.797958971132712,4.898979485566356,4.898979485566356,4.898979485566356,0.0,1.224744871391589,820.2991527485567,12.569805089976535,6.284902544988268,6.284902544988268,6.284902544988268,0.0,1.224744871391589,671.9186706737654,13.520355024924458,6.760177512462229,6.760177512462229,6.760177512462229,0.0,2.04939015319192,831.9516211895977,15.773395322504282,7.886697661252141,7.886697661252141,7.886697661252141,0.0,2.280350850198276,1059.4735485136002,12.727922061357855,6.363961030678928,6.363961030678928,6.363961030678928,0.0,2.073644135332772,1081.9548511837265,9.38083151964686,4.69041575982343,4.69041575982343,4.69041575982343,0.0,1.4832396974191326,907.6004076684849,15.556349186104045,7.7781745930520225,7.7781745930520225,7.7781745930520225,0.0,1.5165750888103102,1227.3089260654792,17.81010948871455,8.905054744357274,8.905054744357274,8.905054744357274,0.0,1.1401754250991378,983.7081884380144,9.939818911831342,4.969909455915671,4.969909455915671,4.969909455915671,0.0,2.16794833886788,986.0570470312557,10.89954127475097,5.449770637375485,5.449770637375485,5.449770637375485,0.0,1.140175425099138,841.1229398845333,16.61324772583615,8.306623862918075,8.306623862918075,8.306623862918075,0.0,2.0736441353327724,1329.6564217872224,15.006665185843255,7.503332592921628,7.503332592921628,7.503332592921628,0.0,1.1401754250991378,1252.746582513798,16.816658407662327,8.408329203831164,8.408329203831164,8.408329203831164,0.0,1.816590212458495,1219.7218945317002,14.7648230602334,7.3824115301167,7.3824115301167,7.3824115301167,0.0,2.3452078799117144,1408.8123721773597,13.160547101089682,6.580273550544841,6.58027355054484,6.58027355054484,0.0,1.5165750888103102,1091.1985153948845,15.84929020492716,7.92464510246358,7.92464510246358,7.92464510246358,0.0,1.9235384061671346,1038.3706948869465,14.324803663575986,7.162401831787993,7.162401831787993,7.162401831787993,0.0,1.4832396974191326,1031.555960673002,5.830951894845301,2.9154759474226504,2.9154759474226504,2.9154759474226504,0.0,0.7071067811865475,704.5440369487204,9.316651759081692,4.658325879540846,4.658325879540846,4.658325879540846,0.0,0.5477225575051662,718.0412940771582,9.528903399657276,4.764451699828638,4.764451699828638,4.764451699828638,0.0,1.3038404810405297,1226.1249120705443
0.0,9.797958971132712,4.898979485566356,4.898979485566356,4.898979485566356,0.0,1.224744871391589,818.5094990285696,12.361229712289955,6.180614856144977,6.180614856144977,6.180614856144977,0.0,1.224744871391589,668.4110262405909,14.042791745233567,7.021395872616783,7.021395872616783,7.021395872616783,0.0,1.816590212458495,828.0430544361809,15.466091943344964,7.733045971672482,7.733045971672482,7.733045971672482,0.0,2.280350850198276,1055.874376997567,12.759310326189265,6.3796551630946325,6.3796551630946325,6.3796551630946325,0.0,2.073644135332772,1081.4578123995407,8.648699324175862,4.324349662087931,4.324349662087931,4.324349662087931,0.0,1.4832396974191326,907.6410634165909,15.556349186104045,7.7781745930520225,7.7781745930520225,7.7781745930520225,0.0,1.5165750888103102,1228.6629725030375,17.469974241537965,8.734987120768983,8.734987120768983,8.734987120768983,0.0,1.1401754250991378,986.3556660758836,9.121403400793104,4.560701700396552,4.560701700396552,4.560701700396552,0.0,1.7320508075688774,988.0950359150683,10.89954127475097,5.449770637375485,5.449770637375485,5.449770637375485,0.0,1.140175425099138,838.8565431586023,16.61324772583615,8.306623862918075,8.306623862918075,8.306623862918075,0.0,2.0736441353327724,1326.2754992836142,15.006665185843255,7.503332592921628,7.503332592921628,7.503332592921628,0.0,1.1401754250991378,1253.2473020118575,17.458522274236156,8.729261137118078,8.729261137118078,8.729261137118078,0.0,1.816590212458495,1218.4605040788151,15.006665185843255,7.503332592921628,7.503332592921628,7.503332592921628,0.0,2.3452078799117144,1408.2428057689483,13.813037319865606,6.906518659932803,6.906518659932803,6.906518659932803,0.0,1.5165750888103102,1092.4233153864852,15.84929020492716,7.92464510246358,7.92464510246358,7.92464510246358,0.0,1.9235384061671346,1042.1169320186675,13.66747965061591,6.833739825307955,6.833739825307955,6.833739825307955,0.0,1.4832396974191326,1033.7785062575058,5.830951894845301,2.9154759474226504,2.9154759474226504,2.9154759474226504,0.0,0.7071067811865475,706.4414342321662,8.555699854482976,4.277849927241488,4.277849927241488,4.277849927241488,0.0,0.5477225575051662,719.4218512110957,9.316651759081692,4.658325879540846,4.658325879540846,4.658325879540846,0.0,1.0,1223.9908087890203
0.0,10.430723848324238,5.215361924162119,5.215361924162119,5.215361924162119,0.0,1.224744871391589,819.8626714273556,13.160547101089682,6.580273550544841,6.580273550544841,6.580273550544841,0.0,1.224744871391589,668.6511048371938,13.069047402163633,6.534523701081817,6.534523701081817,6.534523701081817,0.0,1.5165750888103102,827.6462408541466,15.466091943344964,7.733045971672482,7.733045971672482,7.733045971672482,0.0,2.280350850198276,1056.8435078099312,12.759310326189265,6.3796551630946325,6.3796551630946325,6.3796551630946325,0.0,2.073644135332772,1083.0497218502944,10.13903348450926,5.06951674225463,5.06951674225463,5.06951674225463,0.0,1.4832396974191326,908.8636861488086,15.556349186104045,7.7781745930520225,7.7781745930520225,7.7781745930520225,0.0,1.5165750888103102,1228.7574211373048,16.911534525287763,8.455767262643882,8.455767262643882,8.455767262643882,0.0,1.1401754250991378,985.1677522127894,8.87693640846886,4.43846820423443,4.43846820423443,4.43846820423443,0.0,1.3038404810405297,986.5818263073774,10.545141061171254,5.272570530585627,5.272570530585627,5.272570530585627,0.0,0.8366600265340756,836.2886463416803,17.052858997833766,8.526429498916883,8.526429498916883,8.526429498916883,0.0,2.0736441353327724,1329.6328440588402,15.594870951694341,7.797435475847171,7.797435475847171,7.797435475847171,0.0,1.1401754250991378,1255.203051302856,17.35511451993331,8.677557259966655,8.677557259966655,8.677557259966655,0.0,1.816590212458495,1218.4987894946796,15.270887335056859,7.635443667528429,7.635443667528429,7.635443667528429,0.0,2.3452078799117144,1407.315707295275,13.813037319865606,6.906518659932803,6.906518659932803,6.906518659932803,0.0,1.5165750888103102,1093.4188584435517,15.84929020492716,7.92464510246358,7.92464510246358,7.92464510246358,0.0,1.9235384061671346,1043.0854231557453,13.813037319865606,6.906518659932803,6.906518659932803,6.906518659932803,0.0,1.4142135623730951,1032.6348338110622,6.06630035524124,3.03315017762062,3.03315017762062,3.03315017762062,0.0,0.7071067811865475,708.8121754033292,9.316651759081692,4.658325879540846,4.658325879540846,4.658325879540846,0.0,0.5477225575051662,716.0218572082839,9.757048734120374,4.878524367060187,4.878524367060187,4.878524367060187,0.0,1.3038404810405297,1223.334500453576
0.0,10.158740079360236,5.079370039680118,5.079370039680118,5.079370039680118,0.0,1.0954451150103321,817.0843285732508,13.145341380123986,6.572670690061993,6.572670690061993,6.572670690061993,0.0,1.224744871391589,668.411026240591,14.184498581197715,7.092249290598858,7.092249290598858,7.092249290598858,0.0,2.16794833886788,897.8741559929209,15.466091943344964,7.733045971672482,7.733045971672482,7.733045971672482,0.0,2.280350850198276,1097.6578701945339,13.0843417870369,6.54217089351845,6.54217089351845,6.54217089351845,0.0,2.280350850198276,1087.3421724553868,10.99090533122727,5.495452665613635,5.495452665613635,5.495452665613635,0.0,1.4832396974191326,1054.1393171682764,15.556349186104045,7.7781745930520225,7.7781745930520225,7.7781745930520225,0.0,1.5165750888103102,1230.5228563500964,16.88786546606764,8.44393273303382,8.44393273303382,8.44393273303382,0.0,0.8944271909999157,985.6848887956029,8.87693640846886,4.43846820423443,4.43846820423443,4.43846820423443,0.0,1.3038404810405297,987.9645742636727,10.237187113655782,5.118593556827891,5.118593556827891,5.118593556827891,0.0,0.8366600265340756,834.8129730664228,16.946976131451887,8.473488065725943,8.473488065725943,8.473488065725943,0.0,2.0736441353327724,1332.3493535856128,16.0,8.0,8.0,8.0,0.0,1.1401754250991378,1251.3889483290159,18.05547008526779,9.027735042633894,9.027735042633894,9.027735042633894,0.0,1.9235384061671346,1217.0162283223672,14.449913494550756,7.224956747275378,7.224956747275378,7.224956747275378,0.0,1.9235384061671346,1410.1832150468958,13.038404810405298,6.519202405202649,6.519202405202649,6.519202405202649,0.0,1.1401754250991378,1094.8646035012732,15.323185047502363,7.661592523751182,7.661592523751182,7.661592523751182,0.0,1.6733200530681511,1044.3403659727035,13.16054710108968,6.58027355054484,6.58027355054484,6.58027355054484,0.0,1.4142135623730951,1031.690990558704,6.572670690061994,3.286335345030997,3.286335345030997,3.286335345030997,0.0,0.7071067811865475,705.8663471224563,10.059821071967432,5.029910535983716,5.029910535983716,5.029910535983716,0.0,0.5477225575051662,712.6283744000094,9.757048734120374,4.878524367060187,4.878524367060187,4.878524367060187,0.0,1.3038404810405297,1223.2431074810927
0.0,10.954451150103322,5.477225575051661,5.477225575051661,5.477225575051661,0.0,1.1401754250991378,814.4069621509875,13.145341380123986,6.572670690061993,6.572670690061993,6.572670690061993,0.0,1.224744871391589,670.791100119851,13.19090595827292,6.59545297913646,6.59545297913646,6.59545297913646,0.0,1.6733200530681511,898.3160357023579,14.791889669680478,7.395944834840239,7.395944834840239,7.395944834840239,0.0,1.8708286933869707,1096.0070711450726,12.884098726725126,6.442049363362563,6.442049363362563,6.442049363362563,0.0,1.9235384061671346,1086.3299222611886,11.366617790706258,5.683308895353129,5.683308895353129,5.683308895353129,0.0,1.4142135623730951,1060.6496594069126,14.926486525636232,7.463243262818116,7.463243262818116,7.463243262818116,0.0,1.3038404810405297,1228.8808729897296,16.93517050401324,8.46758525200662,8.46758525200662,8.46758525200662,0.0,0.8944271909999157,989.4032544923227,9.486832980505138,4.743416490252569,4.743416490252569,4.743416490252569,0.0,1.3038404810405297,986.1595712662328,9.695359714832659,4.847679857416329,4.847679857416329,4.847679857416329,0.0,0.7071067811865475,839.39174406233,16.946976131451887,8.473488065725943,8.473488065725943,8.473488065725943,0.0,2.0736441353327724,1325.5099773294805,15.323185047502363,7.661592523751182,7.661592523751182,7.661592523751182,0.0,1.1401754250991378,1247.1014393384364,18.05547008526779,9.027735042633894,9.027735042633894,9.027735042633894,0.0,1.9235384061671346,1220.2488680592987,15.270887335056859,7.635443667528429,7.635443667528429,7.635443667528429,0.0,2.3452078799117144,1439.7524787268123,13.6088206689632,6.8044103344816,6.8044103344816,6.8044103344816,0.0,1.1401754250991378,1098.3886834813986,18.94201678808252,9.47100839404126,9.47100839404126,9.47100839404126,0.0,2.302172886644268,1282.6497183564966,13.084341787036903,6.542170893518452,6.542170893518452,6.542170893518452,0.0,1.4142135623730951,1026.6360114470951,5.89915248150105,2.949576240750525,2.949576240750525,2.949576240750525,0.0,0.4472135954999579,705.1657252022393,11.081516141756055,5.540758070878027,5.540758070878027,5.540758070878027,0.0,0.5477225575051662,712.4834734925436,10.237187113655782,5.118593556827891,5.118593556827891,5.118593556827891,0.0,1.3038404810405297,1223.1114013040676
0.0,10.545141061171254,5.272570530585627,5.272570530585627,5.272570530585627,0.0,1.1401754250991378,814.9069272008921,13.038404810405298,6.519202405202649,6.519202405202649,6.519202405202649,0.0,1.224744871391589,674.9018447152149,13.682105101189656,6.841052550594828,6.841052550594828,6.841052550594828,0.0,1.6733200530681511,899.2117103330005,14.518953130305228,7.259476565152614,7.259476565152614,7.259476565152614,0.0,1.9235384061671346,1095.1035110892487,12.884098726725126,6.442049363362563,6.442049363362563,6.442049363362563,0.0,1.9235384061671346,1083.1847949449807,11.523888232710346,5.761944116355173,5.761944116355173,5.761944116355173,0.0,1.4142135623730951,1063.2997225617996,15.53061492665374,7.76530746332687,7.76530746332687,7.76530746332687,0.0,1.3038404810405297,1228.7417548044828,16.52876280911551,8.264381404557755,8.264381404557755,8.264381404557755,0.0,0.8944271909999157,990.0558065078958,9.444575162494075,4.722287581247038,4.722287581247038,4.722287581247038,0.0,1.3038404810405297,987.5495936913751,9.633275663033837,4.8166378315169185,4.8166378315169185,4.8166378315169185,0.0,0.7071067811865475,838.2173345857267,16.45600194457937,8.228000972289685,8.228000972289685,8.228000972289685,0.0,1.9235384061671346,1321.9339998653488,15.323185047502363,7.661592523751182,7.661592523751182,7.661592523751182,0.0,1.1401754250991378,1247.1745266802077,18.05547008526779,9.027735042633894,9.027735042633894,9.027735042633894,0.0,1.9235384061671346,1218.1834016271932,14.449913494550756,7.224956747275378,7.224956747275378,7.224956747275378,0.0,1.9235384061671346,1438.9962473891305,13.386560424545209,6.6932802122726045,6.6932802122726045,6.6932802122726045,0.0,1.1401754250991378,1094.6139502125852,19.05780679931455,9.528903399657276,9.528903399657276,9.528903399657276,0.0,2.16794833886788,1283.3091209837169,13.038404810405298,6.519202405202649,6.519202405202649,6.519202405202649,0.0,1.4142135623730951,1022.9547888347754,5.291502622129181,2.6457513110645907,2.6457513110645907,2.6457513110645907,0.0,0.4472135954999579,704.0417601250653,10.677078252031311,5.338539126015656,5.338539126015656,5.338539126015656,0.0,0.5477225575051662,711.7888029464921,11.260550608207398,5.630275304103699,5.630275304103699,5.630275304103699,0.0,1.3038404810405297,1222.7056064319
0.0,10.449880382090505,5.224940191045253,5.224940191045253,5.224940191045253,0.0,1.1401754250991378,818.2077975673417,13.221195104830729,6.610597552415364,6.610597552415364,6.610597552415364,0.0,1.224744871391589,676.920083909467,13.682105101189656,6.841052550594828,6.841052550594828,6.841052550594828,0.0,1.6733200530681511,897.1905037393118,15.231546211727817,7.615773105863909,7.615773105863909,7.615773105863909,0.0,2.345207879911715,1158.7271033336538,13.461054936371072,6.730527468185536,6.730527468185536,6.730527468185536,0.0,1.9235384061671346,1083.139649352751,11.523888232710346,5.761944116355173,5.761944116355173,5.761944116355173,0.0,1.4142135623730951,1061.9252327730046,21.194338866782328,10.597169433391164,10.597169433391164,10.597169433391164,0.0,2.16794833886788,1723.1365297039001,17.204650534085253,8.602325267042627,8.602325267042627,8.602325267042627,0.0,1.4142135623730951,984.5289228864738,11.081516141756055,5.540758070878027,5.540758070878027,5.540758070878027,0.0,2.16794833886788,1107.9101046565106,10.059821071967432,5.029910535983716,5.029910535983716,5.029910535983716,0.0,0.7071067811865475,836.365769266055,17.401149387324963,8.700574693662482,8.700574693662482,8.700574693662482,0.0,1.9235384061671346,1318.963494566851,15.13935269422045,7.569676347110225,7.569676347110225,7.569676347110225,0.0,1.1401754250991378,1247.5021042066421,18.132843130629016,9.066421565314508,9.066421565314508,9.066421565314508,0.0,1.9235384061671346,1218.9295713863046,13.638181696985855,6.819090848492928,6.819090848492928,6.819090848492928,0.0,1.9235384061671346,1439.8231488623874,13.813037319865606,6.906518659932803,6.906518659932803,6.906518659932803,0.0,1.1401754250991378,1093.1793997327247,19.05780679931455,9.528903399657276,9.528903399657276,9.528903399657276,0.0,2.16794833886788,1286.7317902344685,12.441864811996632,6.220932405998316,6.220932405998316,6.220932405998316,0.0,1.4142135623730951,1019.8101784155716,5.403702434442518,2.701851217221259,2.701851217221259,2.701851217221259,0.0,0.4472135954999579,705.3866315716509,9.736529155710468,4.868264577855234,4.868264577855234,4.868264577855234,0.0,0.5477225575051662,708.398546017706,10.73312629199899,5.366563145999495,5.366563145999495,5.366563145999495,0.0,1.3038404810405297,1224.4934871202868
0.0,10.295630140987,5.1478150704935,5.1478150704935,5.1478150704935,0.0,0.894427190999916,816.3291615518829,12.93058390019569,6.465291950097845,6.465291950097845,6.465291950097845,0.0,1.0954451150103321,677.9109823568284,14.24078649513432,7.12039324756716,7.12039324756716,7.12039324756716,0.0,1.6733200530681511,895.7941727874769,14.518953130305228,7.259476565152614,7.259476565152614,7.259476565152614,0.0,1.9235384061671346,1160.4385808822456,12.617448236470002,6.308724118235001,6.308724118235001,6.308724118235001,0.0,1.9235384061671346,1083.4559058863447,11.523888232710346,5.761944116355173,5.761944116355173,5.761944116355173,0.0,1.4142135623730951,1061.3641222502295,21.194338866782328,10.597169433391164,10.597169433391164,10.597169433391164,0.0,2.16794833886788,1719.3747991639286,17.91089054179049,8.955445270895245,8.955445270895245,8.955445270895245,0.0,1.4142135623730951,986.9026294422364,10.89954127475097,5.449770637375485,5.449770637375485,5.449770637375485,0.0,1.7320508075688774,1107.8284163172561,10.059821071967432,5.029910535983716,5.029910535983716,5.029910535983716,0.0,0.7071067811865475,834.9914370818422,17.92205345377588,8.96102672688794,8.96102672688794,8.96102672688794,0.0,1.9235384061671346,1321.151126858695,15.388307249337075,7.694153624668537,7.694153624668537,7.694153624668537,0.0,1.1401754250991378,1248.6137513258454,18.89973544788392,9.44986772394196,9.44986772394196,9.44986772394196,0.0,1.9235384061671346,1218.8470781849542,13.754999091239519,6.877499545619759,6.877499545619759,6.877499545619759,0.0,1.9235384061671346,1438.8826567861606,13.371611720357423,6.685805860178712,6.685805860178712,6.685805860178712,0.0,1.1401754250991378,1094.353005204445,18.568791021496256,9.284395510748128,9.284395510748128,9.284395510748128,0.0,2.16794833886788,1287.3033830453487,12.441864811996632,6.220932405998316,6.220932405998316,6.220932405998316,0.0,1.4142135623730951,1022.9058118908114,5.403702434442518,2.701851217221259,2.701851217221259,2.701851217221259,0.0,0.4472135954999579,704.1297465666395,10.0,5.0,5.0,5.0,0.0,0.5477225575051662,704.277289141145,10.353743284435827,5.176871642217914,5.176871642217914,5.176871642217914,0.0,1.3038404810405297,1225.4641161617096
0.0,11.366617790706258,5.683308895353129,5.683308895353129,5.683308895353129,0.0,0.894427190999916,815.0317171742458,13.682105101189656,6.841052550594828,6.841052550594828,6.841052550594828,0.0,1.0954451150103321,679.4845104930649,14.042791745233567,7.021395872616783,7.021395872616783,7.021395872616783,0.0,2.0,949.0523167876469,14.805404418657398,7.402702209328699,7.402702209328699,7.402702209328699,0.0,1.9235384061671346,1159.054485345706,12.915107432770352,6.457553716385176,6.457553716385176,6.457553716385176,0.0,1.9235384061671346,1083.7015271743414,11.627553482998906,5.813776741499453,5.813776741499453,5.813776741499453,0.0,1.4832396974191326,927.9831356226254,20.861447696648476,10.430723848324238,10.430723848324238,10.430723848324238,0.0,2.16794833886788,1718.6342542844884,17.584083712266615,8.792041856133308,8.792041856133308,8.792041856133308,0.0,1.30384048104053,983.4834518180771,10.954451150103322,5.477225575051661,5.477225575051661,5.477225575051661,0.0,1.7320508075688774,1108.140424314536,10.620734437881403,5.310367218940701,5.310367218940701,5.310367218940701,0.0,0.8366600265340755,837.3289078970103,17.92205345377588,8.96102672688794,8.96102672688794,8.96102672688794,0.0,1.9235384061671346,1322.0403927263342,15.658863304850707,7.829431652425353,7.829431652425353,7.829431652425353,0.0,1.1401754250991378,1251.042285456411,19.00526242912736,9.50263121456368,9.50263121456368,9.50263121456368,0.0,1.9235384061671346,1213.6986858359862,13.19090595827292,6.59545297913646,6.59545297913646,6.59545297913646,0.0,1.5165750888103104,1434.0767064561085,14.184498581197715,7.092249290598858,7.092249290598858,7.092249290598858,0.0,1.1401754250991378,1095.7451802312435,18.547236990991408,9.273618495495704,9.273618495495704,9.273618495495704,0.0,2.16794833886788,1286.028848821052,12.77497553813705,6.387487769068525,6.387487769068525,6.387487769068525,0.0,0.894427190999916,1196.4941286943283,5.477225575051661,2.7386127875258306,2.7386127875258306,2.7386127875258306,0.0,0.4472135954999579,703.5251950001507,9.633275663033837,4.8166378315169185,4.8166378315169185,4.8166378315169185,0.0,0.5477225575051662,703.2947461768786,11.627553482998906,5.813776741499453,5.813776741499453,5.813776741499453,0.0,1.3038404810405297,1229.8933693617507
0.0,11.575836902790225,5.787918451395113,5.787918451395113,5.787918451395113,0.0,0.894427190999916,818.1300630095437,13.145341380123986,6.572670690061993,6.572670690061993,6.572670690061993,0.0,1.0954451150103321,677.9286098107971,14.042791745233567,7.021395872616783,7.021395872616783,7.021395872616783,0.0,2.0,948.1952857929637,14.099645385611653,7.049822692805827,7.049822692805827,7.049822692805827,0.0,1.5165750888103102,1153.1854577647084,14.099645385611653,7.049822692805827,7.049822692805827,7.049822692805827,0.0,1.9235384061671346,1189.9173500710037,11.627553482998906,5.813776741499453,5.813776741499453,5.813776741499453,0.0,1.4832396974191326,929.2461998846162,20.06987792688336,10.03493896344168,10.03493896344168,10.03493896344168,0.0,2.16794833886788,1719.0430477448783,17.62952069683121,8.814760348415605,8.814760348415605,8.814760348415605,0.0,1.30384048104053,982.6272436687271,11.523888232710346,5.761944116355173,5.761944116355173,5.761944116355173,0.0,1.7320508075688774,1139.7336092262963,10.099504938362077,5.049752469181039,5.049752469181039,5.049752469181039,0.0,0.8366600265340755,835.422049026718,17.798876369029593,8.899438184514796,8.899438184514796,8.899438184514796,0.0,1.5811388300841898,1324.0752622113291,15.388307249337075,7.694153624668537,7.694153624668537,7.694153624668537,0.0,1.1401754250991378,1255.1719802481252,18.88915032498815,9.444575162494075,9.444575162494075,9.444575162494075,0.0,1.9235384061671346,1211.306732417516,12.457929201917949,6.2289646009589745,6.2289646009589745,6.2289646009589745,0.0,1.5165750888103104,1433.2809564073611,14.352700094407323,7.176350047203662,7.176350047203662,7.176350047203662,0.0,1.1401754250991378,1096.1027324115198,19.748417658131498,9.874208829065749,9.874208829065749,9.874208829065749,0.0,2.5099800796022267,1364.6528129894432,11.865917579353061,5.932958789676531,5.932958789676531,5.932958789676531,0.0,0.894427190999916,1194.4491198874903,5.215361924162119,2.6076809620810595,2.6076809620810595,2.6076809620810595,0.0,0.5477225575051662,700.8867240859967,9.85900603509299,4.929503017546495,4.929503017546495,4.929503017546495,0.0,0.5477225575051662,704.231638028284,11.610340218959994,5.805170109479997,5.805170109479997,5.805170109479997,0.0,1.3038404810405297,1231.7295969489408
0.0,10.73312629199899,5.366563145999495,5.366563145999495,5.366563145999495,0.0,0.894427190999916,816.8376215625723,12.884098726725126,6.442049363362563,6.442049363362563,6.442049363362563,0.0,1.0954451150103321,677.712475907003,14.51895313030523,7.259476565152615,7.259476565152615,7.259476565152615,0.0,2.0,945.1708840204506,15.748015748023622,7.874007874011811,7.874007874011811,7.874007874011811,0.0,1.9235384061671346,1234.1721111741263,14.449913494550755,7.224956747275377,7.224956747275377,7.224956747275377,0.0,1.9235384061671346,1186.4982090167687,11.781341180018513,5.890670590009257,5.890670590009257,5.890670590009257,0.0,1.5811388300841898,929.2011084797521,20.32732151563506,10.16366075781753,10.16366075781753,10.16366075781753,0.0,2.16794833886788,1719.1969637013672,18.0,9.0,9.0,9.0,0.0,1.30384048104053,984.9971065947352,10.392304845413264,5.196152422706631,5.196152422706632,5.196152422706632,0.0,1.6733200530681511,1256.8125158511114,8.87693640846886,4.43846820423443,4.43846820423443,4.43846820423443,0.0,0.8366600265340756,684.8326072844371,17.92205345377588,8.96102672688794,8.96102672688794,8.96102672688794,0.0,1.6431676725154984,1318.624927718265,15.582040944625966,7.791020472312983,7.791020472312983,7.791020472312983,0.0,1.3038404810405297,1254.4207826722259,19.0473095212946,9.5236547606473,9.5236547606473,9.5236547606473,0.0,1.5811388300841898,1210.5879976275992,13.446189051177289,6.723094525588645,6.723094525588644,6.723094525588644,0.0,1.5165750888103104,1431.8988441925637,14.791889669680476,7.395944834840238,7.395944834840238,7.395944834840238,0.0,1.1401754250991378,1095.8219289647384,19.204166214652485,9.602083107326242,9.602083107326242,9.602083107326242,0.0,2.16794833886788,1359.6677167602384,15.974980438172688,7.987490219086344,7.987490219086344,7.987490219086344,0.0,1.4142135623730951,1393.906309620557,13.446189051177289,6.723094525588644,6.723094525588644,6.723094525588644,0.0,1.9493588689617927,1189.0297725456667,9.85900603509299,4.929503017546495,4.929503017546495,4.929503017546495,0.0,0.5477225575051662,704.346008720146,11.045361017187261,5.522680508593631,5.522680508593631,5.522680508593631,0.0,1.3038404810405297,1232.9759527257618
0.0,9.423375191511797,4.711687595755898,4.711687595755898,4.711687595755898,0.0,0.894427190999916,815.256278724672,13.682105101189656,6.841052550594828,6.841052550594828,6.841052550594828,0.0,1.0954451150103321,677.8445987097632,14.310835055998654,7.155417527999327,7.155417527999327,7.155417527999327,0.0,1.6431676725154984,944.7530365127175,15.748015748023622,7.874007874011811,7.874007874011811,7.874007874011811,0.0,1.9235384061671346,1230.4835228478275,14.872793954062566,7.436396977031283,7.436396977031283,7.436396977031283,0.0,1.9235384061671346,1188.3544084152672,11.781341180018513,5.890670590009257,5.890670590009257,5.890670590009257,0.0,1.6431676725154984,925.0288103621422,20.83266665599966,10.41633332799983,10.41633332799983,10.41633332799983,0.0,2.16794833886788,1719.582158548989,17.45852227423616,8.72926113711808,8.72926113711808,8.72926113711808,0.0,1.1401754250991378,988.8972140723221,10.392304845413264,5.196152422706631,5.196152422706632,5.196152422706632,0.0,1.6733200530681511,1257.7363396197154,8.48528137423857,4.242640687119285,4.242640687119285,4.242640687119285,0.0,0.8366600265340756,689.3436733589422,17.72004514666935,8.860022573334675,8.860022573334675,8.860022573334675,0.0,1.6431676725154984,1319.2582385568035,15.582040944625966,7.791020472312983,7.791020472312983,7.791020472312983,0.0,1.3038404810405297,1253.5145790935183,19.0473095212946,9.5236547606473,9.5236547606473,9.5236547606473,0.0,1.5811388300841898,1209.9064013385498,12.93058390019569,6.465291950097845,6.465291950097845,6.465291950097845,0.0,1.5165750888103104,1434.2076906780271,14.926486525636232,7.463243262818116,7.463243262818116,7.463243262818116,0.0,1.1401754250991378,1093.7591142477397,18.793615937333612,9.396807968666806,9.396807968666806,9.396807968666806,0.0,2.0,1360.2129612674628,16.0,8.0,8.0,8.0,0.0,1.6431676725154984,1395.3337235227996,12.915107432770352,6.457553716385176,6.457553716385176,6.457553716385176,0.0,1.51657508881031,1192.6412704581373,9.695359714832659,4.847679857416329,4.847679857416329,4.847679857416329,0.0,0.44721359549995804,705.6342537037159,10.059821071967434,5.029910535983717,5.029910535983717,5.029910535983717,0.0,0.8366600265340756,1230.5215560891243
0.0,9.423375191511797,4.711687595755898,4.711687595755898,4.711687595755898,0.0,0.894427190999916,817.2133748293649,13.038404810405298,6.519202405202649,6.519202405202649,6.519202405202649,0.0,0.8944271909999157,679.3693399028249,14.310835055998654,7.155417527999327,7.155417527999327,7.155417527999327,0.0,1.6431676725154984,942.3140665404502,16.16168308066954,8.08084154033477,8.08084154033477,8.08084154033477,0.0,1.949358868961793,1229.8765385192125,15.006665185843255,7.503332592921628,7.503332592921628,7.503332592921628,0.0,1.9235384061671346,1188.296974665845,10.039920318408907,5.019960159204453,5.019960159204453,5.019960159204453,0.0,1.140175425099138,929.5817338997147,20.83266665599966,10.41633332799983,10.41633332799983,10.41633332799983,0.0,2.16794833886788,1720.149179577167,16.75708805252273,8.378544026261364,8.378544026261364,8.378544026261364,0.0,1.1401754250991378,989.7486044445833,9.316651759081692,4.658325879540846,4.658325879540846,4.658325879540846,0.0,1.4142135623730951,1258.8476079335417,9.01110426085505,4.505552130427525,4.505552130427525,4.505552130427525,0.0,0.8366600265340756,686.5549504591748,16.649324310613927,8.324662155306964,8.324662155306966,8.324662155306966,0.0,1.6431676725154984,1320.6541182308106,14.805404418657398,7.402702209328699,7.402702209328699,7.402702209328699,0.0,1.0,1254.3317742925913,19.0473095212946,9.5236547606473,9.5236547606473,9.5236547606473,0.0,1.5811388300841898,1211.5095129630638,12.116104984688768,6.058052492344384,6.058052492344384,6.058052492344384,0.0,1.1401754250991378,1431.5304747018135,15.722595205626837,7.861297602813418,7.861297602813418,7.861297602813418,0.0,1.1401754250991378,1096.0155108391486,18.24280680158621,9.121403400793104,9.121403400793104,9.121403400793104,0.0,1.6431676725154984,1356.3947434283282,16.284962388657824,8.142481194328912,8.142481194328912,8.142481194328912,0.0,1.6431676725154984,1394.7350285986224,13.371611720357423,6.685805860178712,6.685805860178712,6.685805860178712,0.0,1.51657508881031,1209.0350284421042,9.633275663033837,4.8166378315169185,4.8166378315169185,4.8166378315169185,0.0,0.44721359549995804,703.7235252569009,9.633275663033837,4.8166378315169185,4.8166378315169185,4.8166378315169185,0.0,0.8366600265340756,1229.4318606575966
0.0,8.899438184514795,4.449719092257397,4.449719092257397,4.449719092257397,0.0,0.8366600265340756,817.0782092309157,12.521980673998822,6.260990336999411,6.260990336999411,6.260990336999411,0.0,0.8944271909999157,679.9340409186763,13.971399357258385,6.985699678629192,6.985699678629192,6.985699678629192,0.0,1.51657508881031,940.7729269063816,16.099689437998485,8.049844718999243,8.049844718999243,8.049844718999243,0.0,2.073644135332772,1226.953218342085,15.323185047502363,7.661592523751182,7.661592523751182,7.661592523751182,0.0,1.9235384061671346,1183.8704320997292,9.939818911831342,4.969909455915671,4.969909455915671,4.969909455915671,0.0,1.140175425099138,930.9805046293934,21.13764414498456,10.56882207249228,10.56882207249228,10.56882207249228,0.0,2.16794833886788,1722.6036108170679,16.75708805252273,8.378544026261364,8.378544026261364,8.378544026261364,0.0,1.1401754250991378,991.7546067450355,9.939818911831342,4.969909455915671,4.969909455915671,4.969909455915671,0.0,1.4142135623730951,1259.6196648195041,8.786353054595518,4.393176527297759,4.393176527297759,4.393176527297759,0.0,0.8366600265340756,685.8286958125914,16.88786546606764,8.44393273303382,8.44393273303382,8.44393273303382,0.0,1.6431676725154984,1319.7643729090432,15.362291495737216,7.681145747868608,7.681145747868608,7.681145747868608,0.0,1.0,1254.2062430079034,18.471599822430107,9.235799911215054,9.235799911215054,9.235799911215054,0.0,1.5811388300841898,1209.108431862089,12.521980673998822,6.260990336999411,6.260990336999411,6.260990336999411,0.0,1.1401754250991378,1437.7823896542898,15.899685531481433,7.9498427657407165,7.9498427657407165,7.9498427657407165,0.0,1.1401754250991378,1098.1116974151582,18.920887928424502,9.460443964212251,9.460443964212251,9.460443964212251,0.0,2.0,1383.8301196317416,16.284962388657824,8.142481194328912,8.142481194328912,8.142481194328912,0.0,1.6431676725154984,1396.4758143269078,13.92838827718412,6.96419413859206,6.96419413859206,6.96419413859206,0.0,1.9235384061671346,1206.901818707719,9.633275663033837,4.8166378315169185,4.8166378315169185,4.8166378315169185,0.0,0.44721359549995804,704.1131301147565,9.633275663033837,4.8166378315169185,4.8166378315169185,4.8166378315169185,0.0,0.8366600265340756,1229.3669915855069
0.0,9.528903399657276,4.764451699828638,4.764451699828638,4.764451699828638,0.0,0.8366600265340756,816.6778434609329,12.521980673998822,6.260990336999411,6.260990336999411,6.260990336999411,0.0,0.8944271909999157,679.4017221055595,14.51895313030523,7.259476565152615,7.259476565152615,7.259476565152615,0.0,1.51657508881031,941.4823418418425,16.087262041752165,8.043631020876083,8.043631020876083,8.043631020876083,0.0,2.073644135332772,1225.277233935243,15.453155017665487,7.726577508832744,7.726577508832744,7.726577508832744,0.0,1.9493588689617927,1183.1340583382764,9.939818911831342,4.969909455915671,4.969909455915671,4.969909455915671,0.0,1.140175425099138,930.1835840305934,21.69792616818483,10.848963084092414,10.848963084092414,10.848963084092414,0.0,2.16794833886788,1719.3887576694224,21.166010488516726,10.583005244258363,10.583005244258363,10.583005244258363,0.0,1.4832396974191326,1293.894779338722,9.23038460737146,4.61519230368573,4.61519230368573,4.61519230368573,0.0,1.4142135623730951,1257.1508660459174,18.729655629509047,9.364827814754523,9.364827814754523,9.364827814754523,0.0,2.701851217221259,1316.3019030602363,17.1697408250678,8.5848704125339,8.5848704125339,8.5848704125339,0.0,1.3416407864998738,1318.033497298153,14.656056768449009,7.328028384224504,7.328028384224504,7.328028384224504,0.0,1.0,1255.228385593634,17.458522274236156,8.729261137118078,8.729261137118078,8.729261137118078,0.0,1.5811388300841898,1209.5653351514336,18.077610461562667,9.038805230781334,9.038805230781334,9.038805230781334,0.0,2.0,1583.650371767708,15.899685531481433,7.9498427657407165,7.9498427657407165,7.9498427657407165,0.0,1.1401754250991378,1100.5364600957116,18.35211159512714,9.17605579756357,9.17605579756357,9.17605579756357,0.0,1.6431676725154984,1384.7148803995717,15.709869509324385,7.854934754662192,7.854934754662192,7.854934754662192,0.0,1.6431676725154984,1395.137986007119,14.2828568570857,7.14142842854285,7.14142842854285,7.14142842854285,0.0,1.9235384061671346,1218.5453623070418,9.20869154657707,4.604345773288535,4.604345773288535,4.604345773288535,0.0,0.44721359549995804,700.4090233570666,9.633275663033837,4.8166378315169185,4.8166378315169185,4.8166378315169185,0.0,0.8366600265340756,1228.5784468238078
0.0,10.198039027185569,5.0990195135927845,5.0990195135927845,5.0990195135927845,0.0,0.8366600265340756,816.4219497294276,12.617448236470004,6.308724118235002,6.308724118235002,6.308724118235002,0.0,0.8944271909999157,676.6743677722691,14.51895313030523,7.259476565152615,7.259476565152615,7.259476565152615,0.0,1.3038404810405297,942.5151457668996,17.401149387324963,8.700574693662482,8.700574693662482,8.700574693662482,0.0,2.5099800796022267,1342.4229959293755,15.786069808536892,7.893034904268446,7.893034904268447,7.893034904268447,0.0,1.9493588689617927,1183.7117470060014,9.939818911831342,4.969909455915671,4.969909455915671,4.969909455915671,0.0,1.140175425099138,927.9771010105799,20.861447696648476,10.430723848324238,10.430723848324238,10.430723848324238,0.0,1.8165902124584952,1716.0190267010444,19.62651268055535,9.813256340277675,9.813256340277675,9.813256340277675,0.0,1.6733200530681511,1240.0927384675713,9.23038460737146,4.61519230368573,4.61519230368573,4.61519230368573,0.0,1.4142135623730951,1254.9710355223342,17.944358444926362,8.972179222463181,8.972179222463181,8.972179222463181,0.0,2.280350850198276,1313.103461270284,16.64932431061393,8.324662155306966,8.324662155306966,8.324662155306966,0.0,1.140175425099138,1321.9202699104058,14.805404418657398,7.402702209328699,7.402702209328699,7.402702209328699,0.0,1.0,1252.0046725152426,22.873565528793275,11.436782764396638,11.436782764396638,11.436782764396638,0.0,2.588435821108957,1671.6862145749722,18.2208671582886,9.1104335791443,9.1104335791443,9.1104335791443,0.0,2.0,1577.7422793346193,15.165750888103101,7.582875444051551,7.582875444051551,7.582875444051551,0.0,1.1401754250991378,1096.1026411791918,18.35211159512714,9.17605579756357,9.17605579756357,9.17605579756357,0.0,1.6431676725154984,1383.6590981885674,15.709869509324385,7.854934754662192,7.854934754662192,7.854934754662192,0.0,1.6431676725154984,1395.7499776106035,13.971399357258385,6.985699678629192,6.985699678629192,6.985699678629192,0.0,1.9235384061671346,1220.528574020289,24.75479751482528,12.37739875741264,12.37739875741264,12.37739875741264,0.0,3.0495901363953815,1958.6502240063182,10.13903348450926,5.06951674225463,5.06951674225463,5.06951674225463,0.0,1.224744871391589,1228.0726770024646
0.0,10.198039027185569,5.0990195135927845,5.0990195135927845,5.0990195135927845,0.0,0.8366600265340756,814.942513309988,12.214745187681975,6.107372593840988,6.107372593840988,6.107372593840988,0.0,0.8944271909999157,677.6704213701526,15.12613632095123,7.563068160475615,7.563068160475615,7.563068160475615,0.0,1.3038404810405297,942.9637850946344,17.28583234906552,8.64291617453276,8.64291617453276,8.64291617453276,0.0,2.073644135332772,1349.15751489587,15.962455951387932,7.981227975693966,7.981227975693966,7.981227975693966,0.0,1.9493588689617927,1183.0743002871798,9.695359714832659,4.847679857416329,4.847679857416329,4.847679857416329,0.0,1.140175425099138,927.7881223641527,19.46278500112458,9.73139250056229,9.73139250056229,9.73139250056229,0.0,1.9235384061671343,1717.2643943202222,20.248456731316587,10.124228365658293,10.124228365658293,10.124228365658293,0.0,1.6733200530681511,1237.10941310783,9.316651759081692,4.658325879540846,4.658325879540846,4.658325879540846,0.0,1.3038404810405297,1250.6795352927145,17.944358444926362,8.972179222463181,8.972179222463181,8.972179222463181,0.0,2.280350850198276,1310.1437707366317,16.39512122553536,8.19756061276768,8.19756061276768,8.19756061276768,0.0,1.140175425099138,1326.1948197757372,15.362291495737216,7.681145747868608,7.681145747868608,7.681145747868608,0.0,1.0,1250.5124149723586,23.605084198112916,11.802542099056458,11.802542099056458,11.802542099056458,0.0,2.588435821108957,1672.9775850261713,18.253766734567417,9.126883367283709,9.126883367283709,9.126883367283709,0.0,2.0,1580.0823712705612,15.165750888103101,7.582875444051551,7.582875444051551,7.582875444051551,0.0,1.1401754250991378,1096.769483528786,18.740330840195966,9.370165420097983,9.370165420097983,9.370165420097983,0.0,1.6431676725154984,1384.5097688351643,15.582040944625964,7.791020472312982,7.791020472312982,7.791020472312982,0.0,1.6431676725154984,1395.241090277949,14.669696656713798,7.334848328356899,7.334848328356899,7.334848328356899,0.0,1.9235384061671346,1293.1881146994817,24.75479751482528,12.37739875741264,12.37739875741264,12.37739875741264,0.0,3.0495901363953815,1956.0011503064102,10.677078252031311,5.338539126015656,5.338539126015656,5.338539126015656,0.0,1.224744871391589,1226.5711149378988
0.0,10.99090533122727,5.495452665613635,5.495452665613635,5.495452665613635,0.0,0.8366600265340756,815.8770127905309,12.377398757412642,6.188699378706321,6.188699378706321,6.188699378706321,0.0,0.8944271909999157,681.5846975981782,14.463747785411636,7.231873892705818,7.231873892705818,7.231873892705818,0.0,1.0,944.397162215135,17.00588133558505,8.502940667792526,8.502940667792526,8.502940667792526,0.0,2.073644135332772,1351.791662942186,16.211107303327555,8.105553651663778,8.105553651663778,8.105553651663778,0.0,1.9493588689617927,1185.5202233618793,9.695359714832659,4.847679857416329,4.847679857416329,4.847679857416329,0.0,1.140175425099138,928.797986647258,19.8292712927127,9.91463564635635,9.91463564635635,9.91463564635635,0.0,1.9235384061671343,1716.6792653259374,20.248456731316587,10.124228365658293,10.124228365658293,10.124228365658293,0.0,1.6733200530681511,1237.748076144738,9.797958971132712,4.898979485566356,4.898979485566356,4.898979485566356,0.0,1.3038404810405297,1253.68317369262,17.944358444926362,8.972179222463181,8.972179222463181,8.972179222463181,0.0,2.280350850198276,1310.7105706447935,16.673332000533065,8.336666000266533,8.336666000266533,8.336666000266533,0.0,1.140175425099138,1329.3146730552553,15.388307249337076,7.694153624668538,7.694153624668538,7.694153624668538,0.0,1.0,1247.0771026684758,23.605084198112916,11.802542099056458,11.802542099056458,11.802542099056458,0.0,2.588435821108957,1672.8809879964563,16.637307474468336,8.318653737234168,8.318653737234168,8.318653737234168,0.0,1.6431676725154984,1581.0481333596395,15.165750888103101,7.582875444051551,7.582875444051551,7.582875444051551,0.0,1.1401754250991378,1093.5843817465573,18.740330840195966,9.370165420097983,9.370165420097983,9.370165420097983,0.0,1.6431676725154984,1386.0630577286158,16.186414056238647,8.093207028119323,8.093207028119323,8.093207028119323,0.0,1.816590212458495,1394.6993224347677,15.006665185843255,7.503332592921628,7.503332592921628,7.503332592921628,0.0,1.9235384061671346,1291.3536308850491,24.673872821265817,12.336936410632909,12.336936410632909,12.336936410632909,0.0,2.7748873851023212,1956.1584291667177,11.081516141756055,5.540758070878027,5.540758070878027,5.540758070878027,0.0,1.224744871391589,1228.3648887850875
0.0,11.224972160321824,5.612486080160912,5.612486080160912,5.612486080160912,0.0,0.8366600265340756,813.7367510442182,12.617448236470002,6.308724118235001,6.308724118235001,6.308724118235001,0.0,0.8944271909999157,681.5543265213713,15.006665185843255,7.503332592921628,7.503332592921628,7.503332592921628,0.0,1.0,947.4511596910945,16.93517050401324,8.46758525200662,8.46758525200662,8.46758525200662,0.0,2.073644135332772,1354.0071270122621,15.594870951694343,7.797435475847172,7.797435475847172,7.797435475847172,0.0,1.9493588689617927,1183.8592821784184,9.09945053286186,4.54972526643093,4.54972526643093,4.54972526643093,0.0,1.140175425099138,933.208711918186,19.71801207018598,9.85900603509299,9.85900603509299,9.85900603509299,0.0,1.8708286933869707,1720.036831001011,20.268201696253172,10.134100848126586,10.134100848126586,10.134100848126586,0.0,1.6733200530681511,1235.5475709174457,9.797958971132712,4.898979485566356,4.898979485566356,4.898979485566356,0.0,1.3038404810405297,1257.6408469829532,18.568791021496256,9.284395510748128,9.284395510748128,9.284395510748128,0.0,2.280350850198276,1306.9027125230095,16.994116628998402,8.497058314499201,8.497058314499201,8.497058314499201,0.0,1.140175425099138,1329.1361856484082,15.388307249337076,7.694153624668538,7.694153624668538,7.694153624668538,0.0,1.0,1246.0656884771365,23.605084198112916,11.802542099056458,11.802542099056458,11.802542099056458,0.0,2.701851217221259,1669.3705999567621,17.064583206161235,8.532291603080617,8.532291603080617,8.532291603080617,0.0,1.949358868961793,1579.8002088871872,15.53061492665374,7.76530746332687,7.76530746332687,7.76530746332687,0.0,1.1401754250991378,1097.8165602686088,18.49324200890693,9.246621004453464,9.246621004453464,9.246621004453464,0.0,1.3416407864998738,1388.9374355960026,16.186414056238647,8.093207028119323,8.093207028119323,8.093207028119323,0.0,1.816590212458495,1391.187262736401,15.006665185843255,7.503332592921628,7.503332592921628,7.503332592921628,0.0,1.9235384061671346,1289.572526072109,24.779023386727733,12.389511693363866,12.389511693363866,12.389511693363866,0.0,2.7748873851023212,1956.2371277531772,11.541230437002806,5.770615218501403,5.770615218501403,5.770615218501403,0.0,1.224744871391589,1230.89000320906
0.0,11.224972160321824,5.612486080160912,5.612486080160912,5.612486080160912,0.0,0.8366600265340756,814.880543392711,13.19090595827292,6.59545297913646,6.59545297913646,6.59545297913646,0.0,0.8944271909999157,687.2316203435345,15.388307249337076,7.694153624668538,7.694153624668538,7.694153624668538,0.0,1.0,951.780804597361,16.93517050401324,8.46758525200662,8.46758525200662,8.46758525200662,0.0,2.073644135332772,1350.3026697744474,15.594870951694343,7.797435475847172,7.797435475847172,7.797435475847172,0.0,1.9493588689617927,1185.7888513559233,8.555699854482976,4.277849927241488,4.277849927241488,4.277849927241488,0.0,1.140175425099138,931.0147689483771,19.71801207018598,9.85900603509299,9.85900603509299,9.85900603509299,0.0,1.8708286933869707,1722.331617314157,20.268201696253172,10.134100848126586,10.134100848126586,10.134100848126586,0.0,1.6733200530681511,1230.634389248082,10.039920318408907,5.019960159204453,5.019960159204453,5.019960159204453,0.0,1.3038404810405297,1258.5643805542886,19.3183850256692,9.6591925128346,9.6591925128346,9.6591925128346,0.0,2.280350850198276,1308.8048746852985,16.994116628998402,8.497058314499201,8.497058314499201,8.497058314499201,0.0,1.140175425099138,1330.2279128029152,16.037456157383563,8.018728078691781,8.018728078691781,8.018728078691781,0.0,1.0,1250.6705001718078,23.77393530739074,11.88696765369537,11.88696765369537,11.88696765369537,0.0,2.701851217221259,1705.1404047760993,16.34625339336204,8.17312669668102,8.17312669668102,8.17312669668102,0.0,1.949358868961793,1577.992078560599,18.363006289820845,9.181503144910423,9.181503144910423,9.181503144910423,0.0,1.0,1452.1128399680238,17.69745744450315,8.848728722251575,8.848728722251575,8.848728722251575,0.0,1.3416407864998738,1387.4194751408097,14.926486525636232,7.463243262818116,7.463243262818116,7.463243262818116,0.0,1.3038404810405297,1390.106218963141,14.310835055998654,7.155417527999327,7.155417527999327,7.155417527999327,0.0,1.9235384061671346,1292.6444600121101,23.933240482642546,11.966620241321273,11.966620241321273,11.966620241321273,0.0,2.345207879911715,1958.3196112994428,17.052858997833766,8.526429498916883,8.526429498916883,8.526429498916883,0.0,1.8165902124584952,1634.0074357235953
0.0,11.224972160321824,5.612486080160912,5.612486080160912,5.612486080160912,0.0,0.8366600265340756,819.8088191767639,13.19090595827292,6.59545297913646,6.59545297913646,6.59545297913646,0.0,0.8944271909999157,686.8039749448164,15.388307249337076,7.694153624668538,7.694153624668538,7.694153624668538,0.0,1.0,953.043808017239,17.69745744450315,8.848728722251575,8.848728722251575,8.848728722251575,0.0,2.5099800796022267,1440.472248951711,15.594870951694343,7.797435475847172,7.797435475847172,7.797435475847172,0.0,1.9493588689617927,1188.6158757142696,7.92464510246358,3.96232255123179,3.96232255123179,3.96232255123179,0.0,1.0,930.8938177901924,19.3597520645281,9.67987603226405,9.67987603226405,9.67987603226405,0.0,1.8708286933869707,1723.6639753733905,19.72815247305231,9.864076236526156,9.864076236526156,9.864076236526156,0.0,1.6733200530681511,1230.7975869329612,10.13903348450926,5.06951674225463,5.06951674225463,5.06951674225463,0.0,0.894427190999916,1259.3230324265494,21.494185260204677,10.747092630102339,10.747092630102339,10.747092630102339,0.0,2.701851217221259,1424.0646754975703,15.466091943344964,7.733045971672482,7.733045971672482,7.733045971672482,0.0,1.3038404810405297,1330.2512168759704,16.334013591276335,8.167006795638168,8.167006795638168,8.167006795638168,0.0,1.0,1249.7443738621112,23.194827009486403,11.597413504743201,11.597413504743201,11.597413504743201,0.0,2.3874672772626644,1705.0121113939338,17.26267650163207,8.631338250816034,8.631338250816034,8.631338250816034,0.0,1.949358868961793,1577.5153881975286,19.057806799314555,9.528903399657278,9.528903399657278,9.528903399657278,0.0,1.30384048104053,1452.726505574948,17.69745744450315,8.848728722251575,8.848728722251575,8.848728722251575,0.0,1.3416407864998738,1386.5126036210418,15.556349186104045,7.7781745930520225,7.7781745930520225,7.7781745930520225,0.0,1.3038404810405297,1387.711497394181,13.754999091239519,6.877499545619759,6.877499545619759,6.877499545619759,0.0,1.5811388300841898,1291.6562236136983,26.38181191654584,13.19090595827292,13.19090595827292,13.19090595827292,0.0,2.345207879911715,2180.103896606765,17.401149387324963,8.700574693662482,8.700574693662482,8.700574693662482,0.0,1.8165902124584952,1635.1872369854163
0.0,11.171392035015154,5.585696017507577,5.585696017507577,5.585696017507577,0.0,0.8366600265340756,819.7403857319706,13.957077057894322,6.978538528947161,6.978538528947161,6.978538528947161,0.0,0.8944271909999157,684.5606620307656,16.161683080669537,8.080841540334768,8.080841540334768,8.080841540334768,0.0,2.345207879911715,1012.7049422215732,16.911534525287763,8.455767262643882,8.455767262643882,8.455767262643882,0.0,2.073644135332772,1444.308485054353,15.594870951694343,7.797435475847172,7.797435475847172,7.797435475847172,0.0,1.9493588689617927,1187.685438152712,8.294576541331088,4.147288270665544,4.147288270665544,4.147288270665544,0.0,1.0,931.9858904511376,19.524343778985248,9.762171889492624,9.762171889492624,9.762171889492624,0.0,1.8708286933869707,1719.4815497701625,19.493588689617926,9.746794344808963,9.746794344808963,9.746794344808963,0.0,1.6733200530681511,1230.4074528382864,10.353743284435827,5.176871642217914,5.176871642217914,5.176871642217914,0.0,1.1401754250991378,1258.525526161468,20.765355763867856,10.382677881933928,10.382677881933928,10.382677881933928,0.0,2.280350850198276,1424.5103720226118,15.466091943344964,7.733045971672482,7.733045971672482,7.733045971672482,0.0,1.3038404810405297,1330.2477964650045,16.75708805252273,8.378544026261364,8.378544026261364,8.378544026261364,0.0,1.0,1252.3816111712915,23.605084198112916,11.802542099056458,11.802542099056458,11.802542099056458,0.0,2.4083189157584592,1723.7516352421542,17.26267650163207,8.631338250816034,8.631338250816034,8.631338250816034,0.0,1.949358868961793,1576.3810770242073,18.676188047886004,9.338094023943002,9.338094023943002,9.338094023943002,0.0,1.1401754250991383,1455.298354290281,17.28583234906552,8.64291617453276,8.64291617453276,8.64291617453276,0.0,1.3416407864998738,1387.7269904415639,15.556349186104045,7.7781745930520225,7.7781745930520225,7.7781745930520225,0.0,1.3038404810405297,1387.7808544579364,13.754999091239519,6.877499545619759,6.877499545619759,6.877499545619759,0.0,1.5811388300841898,1291.4558451608013,26.39696952303427,13.198484761517134,13.198484761517134,13.198484761517134,0.0,2.04939015319192,2181.1307847077856,17.401149387324963,8.700574693662482,8.700574693662482,8.700574693662482,0.0,1.8165902124584952,1632.9578071707795
0.0,11.454256850621084,5.727128425310542,5.727128425310542,5.727128425310542,0.0,0.8366600265340756,818.4578180944941,13.535139452550904,6.767569726275452,6.767569726275452,6.767569726275452,0.0,0.8944271909999157,685.4792484094613,16.186414056238647,8.093207028119323,8.093207028119323,8.093207028119323,0.0,2.3874672772626644,1010.9032100057849,16.88786546606764,8.44393273303382,8.44393273303382,8.44393273303382,0.0,2.073644135332772,1443.5612214242942,15.899685531481433,7.9498427657407165,7.9498427657407165,7.9498427657407165,0.0,1.9493588689617927,1185.8816129782938,8.294576541331088,4.147288270665544,4.147288270665544,4.147288270665544,0.0,1.0,933.3443630300662,19.493588689617926,9.746794344808963,9.746794344808963,9.746794344808963,0.0,1.8708286933869707,1724.5432728696603,19.493588689617926,9.746794344808963,9.746794344808963,9.746794344808963,0.0,1.6733200530681511,1228.7760170185613,10.059821071967434,5.029910535983717,5.029910535983717,5.029910535983717,0.0,1.1401754250991378,1254.5982225397897,20.75572210259137,10.377861051295685,10.377861051295685,10.377861051295685,0.0,2.280350850198276,1424.8485884472077,15.466091943344964,7.733045971672482,7.733045971672482,7.733045971672482,0.0,1.3038404810405297,1332.8755755883592,16.88786546606764,8.44393273303382,8.44393273303382,8.44393273303382,0.0,1.0,1251.2577672086595,23.706539182259394,11.853269591129697,11.853269591129697,11.853269591129697,0.0,2.4083189157584592,1724.70959874409,17.26267650163207,8.631338250816034,8.631338250816034,8.631338250816034,0.0,1.949358868961793,1576.0622449636942,18.76166303929372,9.38083151964686,9.38083151964686,9.38083151964686,0.0,1.1401754250991383,1455.4108354688033,20.346989949375804,10.173494974687902,10.173494974687902,10.173494974687902,0.0,2.0,1631.0859879233835,16.88786546606764,8.44393273303382,8.44393273303382,8.44393273303382,0.0,1.3038404810405297,1382.9597969572362,13.813037319865606,6.906518659932803,6.906518659932803,6.906518659932803,0.0,1.5811388300841898,1294.24773517283,26.39696952303427,13.198484761517134,13.198484761517134,13.198484761517134,0.0,2.04939015319192,2180.1863452466628,17.401149387324963,8.700574693662482,8.700574693662482,8.700574693662482,0.0,1.8165902124584952,1631.0862944675857
0.0,10.917875251164944,5.458937625582472,5.458937625582472,5.458937625582472,0.0,0.8366600265340756,819.7505718204776,13.535139452550904,6.767569726275452,6.767569726275452,6.767569726275452,0.0,0.8944271909999157,681.1736195713983,15.20526224699857,7.602631123499285,7.602631123499285,7.602631123499285,0.0,1.949358868961793,1015.0617222612623,16.14930339054908,8.07465169527454,8.07465169527454,8.07465169527454,0.0,1.6431676725154982,1446.8071053184665,16.024980499208105,8.012490249604053,8.012490249604053,8.012490249604053,0.0,1.9493588689617927,1189.8515453618572,8.438009243891594,4.219004621945797,4.219004621945797,4.219004621945797,0.0,1.0,932.1471450366621,26.922109872742144,13.461054936371072,13.461054936371072,13.461054936371072,0.0,2.7748873851023217,2237.3196687107543,19.62651268055535,9.813256340277675,9.813256340277675,9.813256340277675,0.0,1.6733200530681511,1230.3449922684288,11.7983049630021,5.89915248150105,5.89915248150105,5.89915248150105,0.0,1.5811388300841898,1490.9045911794624,20.851858430365386,10.425929215182693,10.425929215182693,10.425929215182693,0.0,2.280350850198276,1430.1758633119216,15.84929020492716,7.92464510246358,7.92464510246358,7.92464510246358,0.0,1.3038404810405297,1333.366153762724,16.88786546606764,8.44393273303382,8.44393273303382,8.44393273303382,0.0,1.0,1251.5031761845435,23.52020408074726,11.76010204037363,11.76010204037363,11.76010204037363,0.0,2.16794833886788,1723.4752101495396,16.57709262808168,8.28854631404084,8.28854631404084,8.28854631404084,0.0,1.6733200530681511,1574.6916206038563,18.18790807102345,9.093954035511725,9.093954035511725,9.093954035511725,0.0,0.8944271909999157,1455.656484202231,20.346989949375804,10.173494974687902,10.173494974687902,10.173494974687902,0.0,2.0,1630.1614337236665,17.584083712266615,8.792041856133308,8.792041856133308,8.792041856133308,0.0,1.3038404810405297,1381.0893164455367,13.564659966250536,6.782329983125268,6.782329983125268,6.782329983125268,0.0,1.4832396974191326,1293.6005179343429,26.39696952303427,13.198484761517134,13.198484761517134,13.198484761517134,0.0,2.04939015319192,2180.2199889002027,16.39512122553536,8.19756061276768,8.19756061276768,8.19756061276768,0.0,1.8165902124584952,1631.3951697856655
0.0,10.526157893552615,5.263078946776307,5.263078946776307,5.263078946776307,0.0,0.7071067811865476,815.9237096689861,13.535139452550904,6.767569726275452,6.767569726275452,6.767569726275452,0.0,0.8944271909999157,680.8767876789456,15.84929020492716,7.92464510246358,7.92464510246358,7.92464510246358,0.0,2.3874672772626644,1053.6708689149566,17.75387281693772,8.87693640846886,8.87693640846886,8.87693640846886,0.0,2.5099800796022267,1528.4987078829997,16.34625339336204,8.17312669668102,8.17312669668102,8.17312669668102,0.0,1.9493588689617927,1192.296397713253,8.438009243891594,4.219004621945797,4.219004621945797,4.219004621945797,0.0,1.0,930.4559634931683,27.618834153526464,13.809417076763232,13.809417076763232,13.809417076763232,0.0,2.7748873851023217,2239.818921252341,18.994736112934024,9.497368056467012,9.497368056467012,9.497368056467012,0.0,1.3038404810405297,1230.6602699364273,12.214745187681975,6.107372593840988,6.107372593840988,6.107372593840988,0.0,1.5811388300841898,1489.528885251978,21.633307652783937,10.816653826391969,10.816653826391969,10.816653826391969,0.0,2.701851217221259,1511.2094494146072,14.966629547095765,7.483314773547883,7.483314773547883,7.483314773547883,0.0,1.3038404810405297,1330.30034202807,15.899685531481433,7.9498427657407165,7.9498427657407165,7.9498427657407165,0.0,1.0,1252.4364255322503,24.535688292770594,12.267844146385297,12.267844146385297,12.267844146385297,0.0,2.4083189157584592,1772.6719944761355,16.57709262808168,8.28854631404084,8.28854631404084,8.28854631404084,0.0,1.6733200530681511,1571.7818869041594,18.708286933869708,9.354143466934854,9.354143466934854,9.354143466934854,0.0,0.8944271909999159,1543.339820000767,20.079840636817814,10.039920318408907,10.039920318408907,10.039920318408907,0.0,1.816590212458495,1627.9742012697868,16.55294535724685,8.276472678623424,8.276472678623424,8.276472678623424,0.0,1.3038404810405297,1385.6491980295734,13.564659966250536,6.782329983125268,6.782329983125268,6.782329983125268,0.0,1.4832396974191326,1290.434306735527,26.472627372438875,13.236313686219438,13.236313686219438,13.236313686219438,0.0,2.3021728866442674,2181.273183257888,16.97056274847714,8.48528137423857,8.48528137423857,8.48528137423857,0.0,1.8165902124584952,1629.9691101367537
0.0,10.807404868885037,5.403702434442518,5.403702434442518,5.403702434442518,0.0,0.7071067811865476,821.0172348982694,13.386560424545209,6.6932802122726045,6.6932802122726045,6.6932802122726045,0.0,0.8944271909999159,681.0203374349404,15.556349186104045,7.7781745930520225,7.7781745930520225,7.7781745930520225,0.0,1.949358868961793,1051.7757840908869,17.75387281693772,8.87693640846886,8.87693640846886,8.87693640846886,0.0,2.5099800796022267,1524.6552069238473,17.146428199482248,8.573214099741124,8.573214099741124,8.573214099741124,0.0,2.280350850198276,1191.6506199385792,8.07465169527454,4.03732584763727,4.03732584763727,4.03732584763727,0.0,1.0,929.8996182384419,27.459060435491963,13.729530217745982,13.729530217745982,13.729530217745982,0.0,2.7748873851023217,2240.419157211436,20.513410247932935,10.256705123966467,10.256705123966467,10.256705123966467,0.0,1.3038404810405297,1229.4668763329903,11.865917579353061,5.932958789676531,5.932958789676531,5.932958789676531,0.0,1.5811388300841898,1493.096513960166,21.004761364985796,10.502380682492898,10.502380682492898,10.502380682492898,0.0,2.280350850198276,1510.5842247289622,15.257784898208522,7.628892449104261,7.628892449104261,7.628892449104261,0.0,1.3038404810405297,1329.7814858088527,15.517731793016656,7.758865896508328,7.758865896508328,7.758865896508328,0.0,1.0,1252.9807261087458,24.560130292814,12.280065146407,12.280065146407,12.280065146407,0.0,2.4083189157584592,1776.7736772025862,22.045407685048602,11.022703842524301,11.022703842524301,11.022703842524301,0.0,3.03315017762062,1921.0168401135895,18.40652058374966,9.20326029187483,9.20326029187483,9.20326029187483,0.0,0.8944271909999159,1544.6481152676813,20.21880312976018,10.10940156488009,10.10940156488009,10.10940156488009,0.0,1.6733200530681511,1623.364192040714,16.14930339054908,8.07465169527454,8.07465169527454,8.07465169527454,0.0,1.3038404810405297,1383.1461600279272,13.371611720357423,6.685805860178712,6.685805860178712,6.685805860178712,0.0,1.4832396974191326,1291.611474089635,26.780589986032794,13.390294993016397,13.390294993016397,13.390294993016397,0.0,2.5099800796022267,2182.384544483396,16.97056274847714,8.48528137423857,8.48528137423857,8.48528137423857,0.0,1.8165902124584952,1629.8796888114164
0.0,11.454256850621082,5.727128425310541,5.727128425310541,5.727128425310541,0.0,0.7071067811865476,820.4877817493689,12.884098726725126,6.442049363362563,6.442049363362563,6.442049363362563,0.0,0.8944271909999159,680.2229046422945,15.84929020492716,7.92464510246358,7.92464510246358,7.92464510246358,0.0,2.073644135332772,1054.8062855330356,18.077610461562667,9.038805230781334,9.038805230781334,9.038805230781334,0.0,2.6076809620810595,1523.2597611701033,17.75387281693772,8.87693640846886,8.87693640846886,8.87693640846886,0.0,2.280350850198276,1192.9301320697705,9.528903399657276,4.764451699828638,4.764451699828638,4.764451699828638,0.0,1.0,928.0024245657983,27.459060435491963,13.729530217745982,13.729530217745982,13.729530217745982,0.0,2.7748873851023217,2239.3482980545923,21.288494545176274,10.644247272588137,10.644247272588137,10.644247272588137,0.0,1.3038404810405297,1231.7841937612288,11.865917579353061,5.932958789676531,5.932958789676531,5.932958789676531,0.0,1.5811388300841898,1491.062943004084,20.396078054371138,10.198039027185569,10.198039027185569,10.198039027185569,0.0,1.8708286933869707,1510.6184826090273,15.257784898208522,7.628892449104261,7.628892449104261,7.628892449104261,0.0,1.3038404810405297,1325.2898550883124,15.912259424732868,7.956129712366434,7.956129712366434,7.956129712366434,0.0,1.0,1257.2439301901602,24.560130292814,12.280065146407,12.280065146407,12.280065146407,0.0,2.4083189157584592,1780.1051373444209,22.199099080818574,11.099549540409287,11.099549540409287,11.099549540409287,0.0,3.03315017762062,1918.2434152109058,15.006665185843257,7.503332592921628,7.503332592921629,7.503332592921629,0.0,0.44721359549995804,1470.016088347335,20.659138413786767,10.329569206893384,10.329569206893384,10.329569206893384,0.0,1.6733200530681511,1626.5636476941195,16.14930339054908,8.07465169527454,8.07465169527454,8.07465169527454,0.0,1.3038404810405297,1382.2196641634064,13.069047402163633,6.534523701081817,6.534523701081817,6.534523701081817,0.0,1.4832396974191326,1294.5423129430726,26.660832695172893,13.330416347586446,13.330416347586446,13.330416347586446,0.0,2.5099800796022267,2184.2242787772507,16.649324310613927,8.324662155306964,8.324662155306964,8.324662155306964,0.0,1.8165902124584952,1632.6005941442015
0.0,11.454256850621082,5.727128425310541,5.727128425310541,5.727128425310541,0.0,0.7071067811865476,819.6671275584986,15.658863304850707,7.829431652425353,7.829431652425353,7.829431652425353,0.0,0.8366600265340756,907.7105816283073,13.754999091239519,6.877499545619759,6.877499545619759,6.877499545619759,0.0,2.5099800796022262,974.8225479542418,18.297540818372287,9.148770409186143,9.148770409186143,9.148770409186143,0.0,2.6076809620810595,1520.2613919981,17.977764043395386,8.988882021697693,8.988882021697693,8.988882021697693,0.0,2.280350850198276,1192.6963989213684,9.654014708917737,4.8270073544588685,4.8270073544588685,4.8270073544588685,0.0,1.0,926.8443774442395,27.589853207293437,13.794926603646719,13.794926603646719,13.794926603646719,0.0,2.701851217221259,2268.37380076565,21.241468875762806,10.620734437881403,10.620734437881403,10.620734437881403,0.0,1.3038404810405297,1232.1200022725059,12.617448236470002,6.308724118235001,6.308724118235001,6.308724118235001,0.0,1.5811388300841898,1525.0155736909705,25.043961347997644,12.521980673998822,12.521980673998822,12.521980673998822,0.0,2.7748873851023217,1922.8787533279367,15.257784898208522,7.628892449104261,7.628892449104261,7.628892449104261,0.0,1.3038404810405297,1330.342324366176,16.186414056238647,8.093207028119323,8.093207028119323,8.093207028119323,0.0,1.0,1257.7119304514847,24.560130292814,12.280065146407,12.280065146407,12.280065146407,0.0,2.4083189157584592,1782.137284274138,21.568495543268657,10.784247771634329,10.784247771634329,10.784247771634329,0.0,2.6457513110645907,1917.5164406074855,15.033296378372908,7.516648189186454,7.516648189186454,7.516648189186454,0.0,0.44721359549995804,1469.567385321272,21.881499034572563,10.940749517286282,10.940749517286282,10.940749517286282,0.0,2.4899799195977463,1685.0629661825697,15.722595205626838,7.861297602813419,7.861297602813419,7.861297602813419,0.0,1.3038404810405297,1385.7087356295335,12.328828005937952,6.164414002968976,6.164414002968976,6.164414002968976,0.0,1.4832396974191326,1294.5267475027313,26.780589986032794,13.390294993016397,13.390294993016397,13.390294993016397,0.0,2.588435821108957,2188.948446172271,17.11139970896595,8.555699854482976,8.555699854482976,8.555699854482976,0.0,1.816590212458495,1631.362988424097
0.0,12.409673645990857,6.2048368229954285,6.2048368229954285,6.2048368229954285,0.0,0.7071067811865476,820.8079556144664,16.45600194457937,8.228000972289685,8.228000972289685,8.228000972289685,0.0,0.8366600265340756,906.7522814969918,13.386560424545209,6.6932802122726045,6.6932802122726045,6.6932802122726045,0.0,2.5099800796022262,975.3242025090939,18.417383093154143,9.20869154657707,9.208691546577072,9.208691546577072,0.0,2.6076809620810595,1613.1614302356722,18.76166303929372,9.38083151964686,9.38083151964686,9.38083151964686,0.0,2.280350850198276,1191.6932071636556,9.20869154657707,4.604345773288535,4.604345773288535,4.604345773288535,0.0,1.0,926.4967889852614,27.589853207293437,13.794926603646719,13.794926603646719,13.794926603646719,0.0,2.701851217221259,2265.657410113012,20.909328061896204,10.454664030948102,10.454664030948102,10.454664030948102,0.0,1.0,1233.7368844287669,12.617448236470002,6.308724118235001,6.308724118235001,6.308724118235001,0.0,1.5811388300841898,1523.3047955022002,24.511221919765646,12.255610959882823,12.255610959882823,12.255610959882823,0.0,2.449489742783178,1924.1409771635758,14.939879517586478,7.469939758793239,7.469939758793239,7.469939758793239,0.0,1.3038404810405297,1329.539506746603,15.453155017665486,7.726577508832743,7.726577508832743,7.726577508832743,0.0,1.0,1253.8160550894218,24.058262613912916,12.029131306956458,12.029131306956458,12.029131306956458,0.0,2.16794833886788,1779.881091533926,22.46775467197379,11.233877335986895,11.233877335986895,11.233877335986895,0.0,2.6457513110645907,1939.396504070274,15.033296378372908,7.516648189186454,7.516648189186454,7.516648189186454,0.0,0.44721359549995804,1471.4896533785075,20.851858430365386,10.425929215182693,10.425929215182693,10.425929215182693,0.0,2.0736441353327724,1684.8315939582803,15.722595205626838,7.861297602813419,7.861297602813419,7.861297602813419,0.0,1.3038404810405297,1383.2867743168804,12.537942414925983,6.268971207462991,6.268971207462991,6.268971207462991,0.0,1.7888543819998317,1366.6904550775205,26.720778431774775,13.360389215887388,13.360389215887388,13.360389215887388,0.0,2.345207879911715,2187.291772946627,18.41738309315414,9.20869154657707,9.20869154657707,9.20869154657707,0.0,1.816590212458495,1673.013598271096
0.0,12.759310326189265,6.3796551630946325,6.3796551630946325,6.3796551630946325,0.0,0.7071067811865476,819.4643372350014,16.45600194457937,8.228000972289685,8.228000972289685,8.228000972289685,0.0,0.8366600265340756,907.0793791063712,12.837445228704972,6.418722614352485,6.418722614352486,6.418722614352486,0.0,2.16794833886788,971.350194317168,18.41738309315414,9.20869154657707,9.20869154657707,9.20869154657707,0.0,2.16794833886788,1615.4681055347394,18.846750383023593,9.423375191511797,9.423375191511797,9.423375191511797,0.0,2.280350850198276,1150.8583753008013,9.20869154657707,4.604345773288535,4.604345773288535,4.604345773288535,0.0,1.0,927.0884531693835,27.589853207293437,13.794926603646719,13.794926603646719,13.794926603646719,0.0,2.701851217221259,2263.4849679200433,15.033296378372908,7.516648189186454,7.516648189186454,7.516648189186454,0.0,1.4832396974191326,1175.6654711268848,12.617448236470002,6.308724118235001,6.308724118235001,6.308724118235001,0.0,1.5811388300841898,1524.3929283488558,24.714368290530913,12.357184145265457,12.357184145265457,12.357184145265457,0.0,2.449489742783178,1922.9594899529216,18.19890106572372,9.09945053286186,9.09945053286186,9.09945053286186,0.0,1.5165750888103102,1776.4684911362767,15.912259424732868,7.956129712366434,7.956129712366434,7.956129712366434,0.0,1.0,1251.7455012900987,23.77393530739074,11.88696765369537,11.88696765369537,11.88696765369537,0.0,1.9235384061671346,1784.6592671992041,20.851858430365386,10.425929215182693,10.425929215182693,10.425929215182693,0.0,2.6457513110645907,1465.2660850507666,15.139352694220449,7.569676347110224,7.569676347110224,7.569676347110224,0.0,0.547722557505166,1471.9017630263236,20.851858430365386,10.425929215182693,10.425929215182693,10.425929215182693,0.0,2.0736441353327724,1685.575717670375,15.388307249337076,7.694153624668538,7.694153624668538,7.694153624668538,0.0,1.3038404810405297,1383.5370251641261,12.116104984688768,6.058052492344384,6.058052492344384,6.058052492344384,0.0,1.5811388300841898,1367.982931180064,26.58571044753177,13.292855223765885,13.292855223765885,13.292855223765885,0.0,2.04939015319192,2188.4379132157255,17.515707236649053,8.757853618324527,8.757853618324527,8.757853618324527,0.0,1.816590212458495,1668.5498793862891
0.0,13.160547101089682,6.580273550544841,6.580273550544841,6.580273550544841,0.0,0.7071067811865476,822.0127736233786,16.45600194457937,8.228000972289685,8.228000972289685,8.228000972289685,0.0,0.8366600265340756,913.6829318751664,13.221195104830729,6.610597552415364,6.610597552415364,6.610597552415364,0.0,2.0,998.5201550294316,23.5966099260042,11.7983049630021,11.7983049630021,11.7983049630021,0.0,3.03315017762062,2019.9046512150023,19.05780679931455,9.528903399657276,9.528903399657276,9.528903399657276,0.0,2.280350850198276,1153.371926136578,9.528903399657276,4.764451699828638,4.764451699828638,4.764451699828638,0.0,1.0,932.2330717154375,25.628109567426154,12.814054783713077,12.814054783713077,12.814054783713077,0.0,2.3874672772626644,2266.7325162003567,15.582040944625964,7.791020472312982,7.791020472312982,7.791020472312982,0.0,1.4832396974191326,1173.9480397360012,12.049896265113654,6.024948132556827,6.024948132556827,6.024948132556827,0.0,1.5811388300841898,1525.4727791737223,25.84569596664017,12.922847983320086,12.922847983320086,12.922847983320086,0.0,2.6832815729997477,1987.5415215788573,18.579558659989747,9.289779329994873,9.289779329994873,9.289779329994873,0.0,1.5165750888103102,1773.847287677268,15.912259424732868,7.956129712366434,7.956129712366434,7.956129712366434,0.0,1.0,1252.0352231466973,25.907527863538043,12.953763931769021,12.953763931769021,12.953763931769021,0.0,2.3874672772626644,2116.4556928979164,20.851858430365386,10.425929215182693,10.425929215182693,10.425929215182693,0.0,2.6457513110645907,1464.4153440878717,15.323185047502363,7.661592523751182,7.661592523751182,7.661592523751182,0.0,0.547722557505166,1469.2292196931016,21.194338866782328,10.597169433391164,10.597169433391164,10.597169433391164,0.0,2.0736441353327724,1689.2746372333895,15.388307249337076,7.694153624668538,7.694153624668538,7.694153624668538,0.0,1.3038404810405297,1385.212005434547,11.610340218959994,5.805170109479997,5.805170109479997,5.805170109479997,0.0,1.3038404810405297,1366.2084394410685,26.58571044753177,13.292855223765885,13.292855223765885,13.292855223765885,0.0,2.04939015319192,2191.3181649409107,17.435595774162696,8.717797887081348,8.717797887081348,8.717797887081348,0.0,1.816590212458495,1670.388038750278
0.0,13.754999091239519,6.877499545619759,6.877499545619759,6.877499545619759,0.0,0.7071067811865476,823.7309633612178,16.037456157383563,8.018728078691781,8.018728078691781,8.018728078691781,0.0,0.8366600265340756,912.1574973654494,14.184498581197715,7.092249290598858,7.092249290598858,7.092249290598858,0.0,2.0,998.0409310243743,24.108089928486663,12.054044964243332,12.054044964243332,12.054044964243332,0.0,3.03315017762062,2017.771716522957,19.28730152198591,9.643650760992955,9.643650760992955,9.643650760992955,0.0,2.280350850198276,1152.8862910105229,10.430723848324238,5.215361924162119,5.215361924162119,5.215361924162119,0.0,1.0,933.0009110392122,26.48018126826174,13.24009063413087,13.24009063413087,13.24009063413087,0.0,2.3874672772626644,2270.4634328700386,15.658863304850707,7.829431652425353,7.829431652425353,7.829431652425353,0.0,1.4832396974191326,1170.0710662177746,12.116104984688768,6.058052492344384,6.058052492344384,6.058052492344384,0.0,1.5811388300841898,1525.7301530742584,25.51862065237853,12.759310326189265,12.759310326189265,12.759310326189265,0.0,2.588435821108957,1986.0397025235925,18.94201678808252,9.47100839404126,9.47100839404126,9.47100839404126,0.0,1.5165750888103102,1773.6173488100526,16.34625339336204,8.17312669668102,8.17312669668102,8.17312669668102,0.0,1.0,1251.2160085293026,25.80697580112788,12.90348790056394,12.90348790056394,12.90348790056394,0.0,2.3874672772626644,2116.9263803921003,20.659138413786767,10.329569206893384,10.329569206893384,10.329569206893384,0.0,2.588435821108957,1465.6549730410634,15.323185047502363,7.661592523751182,7.661592523751182,7.661592523751182,0.0,0.547722557505166,1472.0815874128716,21.335416564951338,10.667708282475669,10.66770828247567,10.66770828247567,0.0,2.0736441353327724,1686.542676602048,14.696938456699069,7.3484692283495345,7.3484692283495345,7.3484692283495345,0.0,1.3038404810405297,1384.8885514726446,13.007690033207279,6.5038450166036395,6.5038450166036395,6.5038450166036395,0.0,1.3038404810405297,1364.700773063458,26.780589986032794,13.390294993016397,13.390294993016397,13.390294993016397,0.0,2.04939015319192,2190.332006797143,16.52876280911551,8.264381404557755,8.264381404557755,8.264381404557755,0.0,1.816590212458495,1671.1393418862474
0.0,15.192103211866355,7.5960516059331775,7.5960516059331775,7.5960516059331775,0.0,0.7071067811865476,822.804472520659,15.96245595138793,7.981227975693965,7.981227975693965,7.981227975693965,0.0,0.8366600265340756,909.5651158658187,11.40175425099138,5.70087712549569,5.70087712549569,5.70087712549569,0.0,1.7888543819998317,853.4223456179244,23.562682360037027,11.781341180018513,11.781341180018513,11.781341180018513,0.0,2.7386127875258306,2019.0310299745272,19.66723163030323,9.833615815151616,9.833615815151616,9.833615815151616,0.0,2.280350850198276,1148.9788074633927,18.40652058374966,9.20326029187483,9.20326029187483,9.20326029187483,0.0,2.4899799195977463,1538.3101767849032,26.48018126826174,13.24009063413087,13.24009063413087,13.24009063413087,0.0,2.3874672772626644,2267.8477021175827,14.449913494550755,7.224956747275377,7.224956747275377,7.224956747275377,0.0,1.51657508881031,1169.9834614215706,12.24744871391589,6.123724356957945,6.123724356957945,6.123724356957945,0.0,1.5811388300841898,1525.573236524553,25.37715508089904,12.68857754044952,12.68857754044952,12.68857754044952,0.0,2.4083189157584592,1995.0740086523106,18.94201678808252,9.47100839404126,9.47100839404126,9.47100839404126,0.0,1.5165750888103102,1770.3669958514251,16.099689437998485,8.049844718999243,8.049844718999243,8.049844718999243,0.0,0.894427190999916,1238.197601354485,25.80697580112788,12.90348790056394,12.90348790056394,12.90348790056394,0.0,2.3874672772626644,2117.2683580500607,20.523157651784484,10.261578825892242,10.261578825892242,10.261578825892242,0.0,2.588435821108957,1463.4828321507566,15.323185047502363,7.661592523751182,7.661592523751182,7.661592523751182,0.0,0.547722557505166,1475.1673803334995,20.8806130178211,10.44030650891055,10.44030650891055,10.44030650891055,0.0,1.7888543819998317,1684.5012021367036,14.38054240979804,7.19027120489902,7.19027120489902,7.19027120489902,0.0,1.3038404810405297,1383.9002131656746,13.221195104830729,6.610597552415364,6.610597552415364,6.610597552415364,0.0,1.51657508881031,1366.8699645540537,27.114571728131722,13.557285864065861,13.557285864065861,13.557285864065861,0.0,2.04939015319192,2190.116252622221,16.468151080191124,8.234075540095562,8.234075540095562,8.234075540095562,0.0,1.816590212458495,1668.8859457734072
0.0,15.270887335056859,7.635443667528429,7.635443667528429,7.635443667528429,0.0,0.44721359549995787,820.4756547271833,25.298221281347036,12.649110640673518,12.649110640673518,12.649110640673518,0.0,1.4832396974191326,1776.0263793085958,12.214745187681975,6.107372593840988,6.107372593840988,6.107372593840988,0.0,1.9493588689617927,928.3572588179617,24.108089928486663,12.054044964243332,12.054044964243332,12.054044964243332,0.0,3.03315017762062,2086.2415248479742,24.0249869927124,12.0124934963562,12.0124934963562,12.0124934963562,0.0,3.03315017762062,1698.299944061708,18.253766734567417,9.126883367283709,9.126883367283709,9.126883367283709,0.0,2.4899799195977463,1539.9234721245077,26.48018126826174,13.24009063413087,13.24009063413087,13.24009063413087,0.0,2.3874672772626644,2269.605097808868,14.449913494550755,7.224956747275377,7.224956747275377,7.224956747275377,0.0,1.51657508881031,1173.7045198856483,12.24744871391589,6.123724356957945,6.123724356957945,6.123724356957945,0.0,1.5811388300841898,1527.4227640047793,25.37715508089904,12.68857754044952,12.68857754044952,12.68857754044952,0.0,2.4083189157584592,1989.13805453518,18.72965562950905,9.364827814754525,9.364827814754525,9.364827814754525,0.0,1.5165750888103102,1774.5108621814632,16.06237840420901,8.031189202104505,8.031189202104505,8.031189202104505,0.0,0.894427190999916,1235.7795919985083,25.80697580112788,12.90348790056394,12.90348790056394,12.90348790056394,0.0,2.3874672772626644,2115.346141887894,20.09975124224178,10.04987562112089,10.04987562112089,10.04987562112089,0.0,2.1908902300206643,1459.9232171590395,14.071247279470288,7.035623639735144,7.035623639735144,7.035623639735144,0.0,0.547722557505166,1474.2260003133847,21.23205124334434,10.61602562167217,10.61602562167217,10.61602562167217,0.0,1.7888543819998317,1682.254885562827,13.971399357258385,6.985699678629192,6.985699678629192,6.985699678629192,0.0,1.0,1380.708694837546,13.221195104830729,6.610597552415364,6.610597552415364,6.610597552415364,0.0,1.51657508881031,1368.7962960207044,27.114571728131722,13.557285864065861,13.557285864065861,13.557285864065861,0.0,2.04939015319192,2185.183905304082,15.836666315863324,7.918333157931662,7.918333157931662,7.918333157931662,0.0,1.4832396974191324,1667.050239194968
0.0,14.99333185119305,7.496665925596525,7.496665925596525,7.496665925596525,0.0,0.8944271909999157,821.0715559559958,25.51078203426935,12.755391017134675,12.755391017134675,12.755391017134675,0.0,1.4832396974191326,1774.361941656775,12.165525060596439,6.082762530298219,6.082762530298219,6.082762530298219,0.0,1.9493588689617927,927.0074433358128,23.03909720453473,11.519548602267365,11.519548602267365,11.519548602267365,0.0,2.4899799195977463,2086.7505121599947,23.83275057562597,11.916375287812984,11.916375287812984,11.916375287812984,0.0,3.1144823004794873,1738.574042139132,17.469974241537965,8.734987120768983,8.734987120768983,8.734987120768983,0.0,2.073644135332772,1538.1598421490532,26.884940022250372,13.442470011125186,13.442470011125186,13.442470011125186,0.0,2.3874672772626644,2271.4212070859953,14.872793954062566,7.436396977031283,7.436396977031283,7.436396977031283,0.0,1.51657508881031,1173.6663495218731,11.366617790706258,5.683308895353129,5.683308895353129,5.683308895353129,0.0,1.3416407864998738,1526.821535085224,25.37715508089904,12.68857754044952,12.68857754044952,12.68857754044952,0.0,2.4083189157584592,1988.6218846226147,17.58408371226661,8.792041856133306,8.792041856133306,8.792041856133306,0.0,1.5165750888103102,1774.9999154929558,16.06237840420901,8.031189202104505,8.031189202104505,8.031189202104505,0.0,0.894427190999916,1236.057320677322,25.43226297441893,12.716131487209465,12.716131487209465,12.716131487209465,0.0,2.3874672772626644,2109.8907554657894,20.659138413786767,10.329569206893384,10.329569206893384,10.329569206893384,0.0,2.1908902300206643,1456.4910573017605,14.071247279470288,7.035623639735144,7.035623639735144,7.035623639735144,0.0,0.547722557505166,1472.6139005183945,21.614809737770074,10.807404868885037,10.807404868885037,10.807404868885037,0.0,1.7888543819998317,1683.5118948198733,21.651789764358973,10.825894882179487,10.825894882179487,10.825894882179487,0.0,1.8708286933869707,1901.2084840963655,13.221195104830729,6.610597552415364,6.610597552415364,6.610597552415364,0.0,1.51657508881031,1373.5995413511173,26.758176320519304,13.379088160259652,13.379088160259652,13.379088160259652,0.0,2.04939015319192,2182.198822289115,14.926486525636232,7.463243262818116,7.463243262818116,7.463243262818116,0.0,1.51657508881031,786.8155438220574
0.0,19.969977466186585,9.984988733093292,9.984988733093292,9.984988733093292,0.0,1.4142135623730951,1229.9112569612491,24.843510218968657,12.421755109484328,12.421755109484328,12.421755109484328,0.0,1.4832396974191326,1772.2503209197057,13.221195104830729,6.610597552415364,6.610597552415364,6.610597552415364,0.0,2.588435821108957,1022.7166274193454,22.86482013924448,11.43241006962224,11.43241006962224,11.43241006962224,0.0,2.4899799195977463,2082.469015375739,23.047776465420693,11.523888232710346,11.523888232710346,11.523888232710346,0.0,2.701851217221259,1737.9803508670632,16.69730517179344,8.34865258589672,8.34865258589672,8.34865258589672,0.0,2.073644135332772,1537.3721085020372,26.457513110645905,13.228756555322953,13.228756555322953,13.228756555322953,0.0,2.3874672772626644,2271.2646917521524,15.336231610144651,7.6681158050723255,7.6681158050723255,7.6681158050723255,0.0,1.51657508881031,1171.0711763167942,12.0,6.0,6.0,6.0,0.0,1.3416407864998738,1531.6302752296326,26.115129714401192,13.057564857200596,13.057564857200596,13.057564857200596,0.0,2.701851217221259,2034.3912357263046,16.492422502470642,8.246211251235321,8.246211251235321,8.246211251235321,0.0,1.3038404810405297,1769.564720489194,16.06237840420901,8.031189202104505,8.031189202104505,8.031189202104505,0.0,0.894427190999916,1238.8859915262585,24.437675830569486,12.218837915284743,12.218837915284743,12.218837915284743,0.0,2.1213203435596424,2107.4929418624397,21.419617176784463,10.709808588392232,10.709808588392232,10.709808588392232,0.0,2.1908902300206643,1460.7014753193068,14.071247279470288,7.035623639735144,7.035623639735144,7.035623639735144,0.0,0.547722557505166,1471.3379285534645,21.419617176784463,10.709808588392232,10.709808588392232,10.709808588392232,0.0,1.4142135623730951,1682.218475704033,21.651789764358973,10.825894882179487,10.825894882179487,10.825894882179487,0.0,1.8708286933869707,1901.5726912216635,13.92838827718412,6.96419413859206,6.96419413859206,6.96419413859206,0.0,1.816590212458495,1377.5257892322743,25.51078203426935,12.755391017134675,12.755391017134675,12.755391017134675,0.0,1.5165750888103102,2179.958669332976,14.491376746189438,7.245688373094719,7.245688373094719,7.245688373094719,0.0,1.51657508881031,790.4166622737656
0.0,19.339079605813716,9.669539802906858,9.669539802906858,9.669539802906858,0.0,1.4142135623730951,1230.8750139636436,25.274493071078595,12.637246535539298,12.637246535539298,12.637246535539298,0.0,1.4832396974191326,1771.1152418744525,12.521980673998822,6.260990336999411,6.260990336999411,6.260990336999411,0.0,2.1908902300206643,1016.5408501383504,23.731835158706122,11.865917579353061,11.865917579353061,11.865917579353061,0.0,2.4899799195977463,2081.8427654364295,23.13438998547401,11.567194992737004,11.567194992737004,11.567194992737004,0.0,2.7928480087537886,1766.3978034406632,18.253766734567417,9.126883367283709,9.126883367283709,9.126883367283709,0.0,2.4899799195977463,1610.3107464089037,23.638950907347812,11.819475453673906,11.819475453673906,11.819475453673906,0.0,1.5811388300841898,2160.698104780027,14.656056768449009,7.328028384224504,7.328028384224504,7.328028384224504,0.0,1.51657508881031,1167.7408959182683,11.436782764396638,5.718391382198319,5.718391382198319,5.718391382198319,0.0,1.3416407864998738,1530.9829195650748,25.083859352181037,12.541929676090518,12.541929676090518,12.541929676090518,0.0,2.16794833886788,2033.985668582746,16.649324310613927,8.324662155306964,8.324662155306964,8.324662155306964,0.0,1.5811388300841898,1766.089522079784,16.06237840420901,8.031189202104505,8.031189202104505,8.031189202104505,0.0,0.894427190999916,1238.7176030072392,24.437675830569486,12.218837915284743,12.218837915284743,12.218837915284743,0.0,2.1213203435596424,2105.1708244225692,21.023796041628636,10.511898020814318,10.511898020814318,10.511898020814318,0.0,2.1908902300206643,1496.3371277890553,14.071247279470288,7.035623639735144,7.035623639735144,7.035623639735144,0.0,0.547722557505166,1467.554019448688,20.5621010599598,10.2810505299799,10.2810505299799,10.2810505299799,0.0,1.3038404810405297,1685.5431468817403,21.93627133311402,10.96813566655701,10.96813566655701,10.96813566655701,0.0,1.8708286933869707,1902.5382256343762,14.184498581197715,7.092249290598858,7.092249290598858,7.092249290598858,0.0,1.7888543819998317,1378.555149422757,25.51078203426935,12.755391017134675,12.755391017134675,12.755391017134675,0.0,1.5165750888103102,2181.5610695096298,14.491376746189438,7.245688373094719,7.245688373094719,7.245688373094719,0.0,1.51657508881031,793.8055807312014
0.0,18.72965562950905,9.364827814754525,9.364827814754525,9.364827814754525,0.0,1.4142135623730951,1230.0088211065804,26.660832695172893,13.330416347586446,13.330416347586446,13.330416347586446,0.0,1.816590212458495,1771.5091588812065,12.77497553813705,6.387487769068525,6.387487769068525,6.387487769068525,0.0,2.4899799195977463,1010.3740396506632,23.731835158706122,11.865917579353061,11.865917579353061,11.865917579353061,0.0,2.4899799195977463,2124.1544906150307,23.874672772626646,11.937336386313323,11.937336386313323,11.937336386313323,0.0,2.588435821108957,1762.6689138916588,18.525657883055057,9.262828941527529,9.262828941527529,9.262828941527529,0.0,2.701851217221259,1609.2739978014931,18.601075237738275,9.300537618869138,9.300537618869138,9.300537618869138,0.0,1.3038404810405297,1852.2430456071363,14.926486525636232,7.463243262818116,7.463243262818116,7.463243262818116,0.0,1.51657508881031,1166.8164808572083,11.436782764396638,5.718391382198319,5.718391382198319,5.718391382198319,0.0,1.3416407864998738,1531.436678416708,24.60081299469593,12.300406497347964,12.300406497347964,12.300406497347964,0.0,2.16794833886788,2033.1253527512758,15.974980438172688,7.987490219086344,7.987490219086344,7.987490219086344,0.0,1.5811388300841898,1694.9054545903143,16.06237840420901,8.031189202104505,8.031189202104505,8.031189202104505,0.0,0.894427190999916,1239.456453450463,25.45584412271571,12.727922061357855,12.727922061357855,12.727922061357855,0.0,2.1213203435596424,2105.6671626826496,21.023796041628636,10.511898020814318,10.511898020814318,10.511898020814318,0.0,2.1908902300206643,1498.2497455364376,13.520355024924458,6.760177512462229,6.760177512462229,6.760177512462229,0.0,0.547722557505166,1466.2250168374567,20.717142660125695,10.358571330062848,10.358571330062848,10.358571330062848,0.0,1.3038404810405297,1687.9932760529587,22.063544592834578,11.031772296417289,11.031772296417289,11.031772296417289,0.0,1.8708286933869707,1900.8252155314017,15.12613632095123,7.563068160475615,7.563068160475615,7.563068160475615,0.0,1.7888543819998317,1381.1695406430017,26.015380066414558,13.007690033207279,13.007690033207279,13.007690033207279,0.0,1.5165750888103102,2181.3073373552843,14.38054240979804,7.19027120489902,7.19027120489902,7.19027120489902,0.0,1.51657508881031,798.3144743771091
0.0,25.907527863538043,12.953763931769021,12.953763931769021,12.953763931769021,0.0,2.1908902300206647,1922.000702393212,26.630809225406576,13.315404612703288,13.315404612703288,13.315404612703288,0.0,1.816590212458495,1768.4970172437386,13.0843417870369,6.54217089351845,6.54217089351845,6.54217089351845,0.0,2.4899799195977463,1010.7044572969885,24.99599967994879,12.497999839974394,12.497999839974394,12.497999839974394,0.0,2.4899799195977463,2129.1971491620966,23.689660191737662,11.844830095868831,11.844830095868831,11.844830095868831,0.0,2.345207879911715,1762.8696208171493,18.676188047886004,9.338094023943002,9.338094023943002,9.338094023943002,0.0,2.701851217221259,1610.0610236882328,17.28583234906552,8.64291617453276,8.64291617453276,8.64291617453276,0.0,0.8366600265340756,1852.215349250729,15.401298646542765,7.700649323271382,7.700649323271382,7.700649323271382,0.0,1.51657508881031,1167.214333359559,11.436782764396638,5.718391382198319,5.718391382198319,5.718391382198319,0.0,1.3416407864998738,1531.4219536104347,24.058262613912916,12.029131306956458,12.029131306956458,12.029131306956458,0.0,1.8708286933869707,2035.458007427321,12.409673645990857,6.2048368229954285,6.2048368229954285,6.2048368229954285,0.0,1.5811388300841898,1518.2077262351158,15.594870951694343,7.797435475847172,7.797435475847172,7.797435475847172,0.0,0.894427190999916,1242.3883450837745,25.78371579117331,12.891857895586655,12.891857895586655,12.891857895586655,0.0,2.1213203435596424,2106.5931738235554,21.023796041628636,10.511898020814318,10.511898020814318,10.511898020814318,0.0,2.1908902300206643,1494.529022802836,13.16054710108968,6.58027355054484,6.58027355054484,6.58027355054484,0.0,0.547722557505166,1468.5956897662472,20.717142660125695,10.358571330062848,10.358571330062848,10.358571330062848,0.0,1.3038404810405297,1687.035032238513,22.44994432064365,11.224972160321824,11.224972160321824,11.224972160321824,0.0,1.8708286933869707,1903.5392036940032,13.564659966250536,6.782329983125268,6.782329983125268,6.782329983125268,0.0,1.5811388300841898,1377.2841754699718,26.55560204551951,13.277801022759755,13.277801022759755,13.277801022759755,0.0,1.5165750888103102,2185.5164835800256,15.20526224699857,7.602631123499285,7.602631123499285,7.602631123499285,0.0,1.51657508881031,798.3108417151805
0.0,27.202941017470888,13.601470508735444,13.601470508735444,13.601470508735444,0.0,2.8809720581775866,1991.8640264837356,26.1686835740738,13.0843417870369,13.0843417870369,13.0843417870369,0.0,1.816590212458495,1767.2960136887086,13.114877048604,6.557438524302,6.557438524302,6.557438524302,0.0,2.345207879911715,1050.1182314387272,25.51862065237853,12.759310326189265,12.759310326189265,12.759310326189265,0.0,2.4899799195977463,2128.0396377887328,25.791471458604295,12.895735729302148,12.895735729302148,12.895735729302148,0.0,2.8809720581775866,1832.8605238806363,18.676188047886004,9.338094023943002,9.338094023943002,9.338094023943002,0.0,2.701851217221259,1611.51677000272,17.28583234906552,8.64291617453276,8.64291617453276,8.64291617453276,0.0,0.8366600265340756,1852.0131479014938,15.336231610144651,7.6681158050723255,7.6681158050723255,7.6681158050723255,0.0,1.51657508881031,1167.008440415064,11.781341180018513,5.890670590009257,5.890670590009257,5.890670590009257,0.0,1.788854381999832,1532.0122388545074,24.182638400306942,12.091319200153471,12.091319200153471,12.091319200153471,0.0,1.8708286933869707,2029.7113095216275,11.882760622010359,5.9413803110051795,5.9413803110051795,5.9413803110051795,0.0,1.5811388300841898,1518.120285089426,15.006665185843257,7.503332592921629,7.503332592921629,7.503332592921629,0.0,0.894427190999916,1245.2832207975825,25.78371579117331,12.891857895586655,12.891857895586655,12.891857895586655,0.0,2.1213203435596424,2108.7739803022987,21.46625258399798,10.73312629199899,10.73312629199899,10.73312629199899,0.0,2.3874672772626644,1490.8717919391997,13.371611720357425,6.6858058601787125,6.6858058601787125,6.6858058601787125,0.0,0.547722557505166,1467.8594278744813,21.587033144922902,10.793516572461451,10.793516572461451,10.793516572461451,0.0,1.5165750888103102,1691.1281146027936,24.0249869927124,12.0124934963562,12.0124934963562,12.0124934963562,0.0,1.8708286933869707,1904.0653087538778,13.16054710108968,6.58027355054484,6.58027355054484,6.58027355054484,0.0,1.5811388300841898,1378.2694584151534,26.94438717061496,13.47219358530748,13.47219358530748,13.47219358530748,0.0,1.5165750888103102,2185.5871751087852,14.926486525636232,7.463243262818116,7.463243262818116,7.463243262818116,0.0,1.51657508881031,796.0812144498826
0.0,26.442390209661458,13.221195104830729,13.221195104830729,13.221195104830729,0.0,2.701851217221259,1995.1649806469638,26.17632518135424,13.08816259067712,13.08816259067712,13.08816259067712,0.0,1.816590212458495,1769.5984007678126,13.461054936371074,6.730527468185537,6.730527468185537,6.730527468185537,0.0,2.4083189157584592,1049.1212036747709,26.58571044753177,13.292855223765885,13.292855223765885,13.292855223765885,0.0,2.8284271247461903,2288.183886841265,25.353500744473138,12.67675037223657,12.676750372236569,12.676750372236569,0.0,2.588435821108957,1835.5841849394976,18.676188047886004,9.338094023943002,9.338094023943002,9.338094023943002,0.0,2.701851217221259,1611.537681843028,16.994116628998402,8.497058314499201,8.497058314499201,8.497058314499201,0.0,0.8366600265340756,1852.7660942493524,20.21880312976018,10.10940156488009,10.10940156488009,10.10940156488009,0.0,2.5099800796022267,1437.4966782570316,12.441864811996632,6.220932405998316,6.220932405998316,6.220932405998316,0.0,1.788854381999832,1530.237988026699,24.795160818191924,12.397580409095962,12.397580409095962,12.397580409095962,0.0,1.8708286933869707,2034.8435566401658,12.915107432770352,6.457553716385176,6.457553716385176,6.457553716385176,0.0,1.5811388300841898,1517.6393510976184,15.362291495737216,7.681145747868608,7.681145747868608,7.681145747868608,0.0,0.894427190999916,1242.73621497082,25.67489045740994,12.83744522870497,12.83744522870497,12.83744522870497,0.0,1.9235384061671346,2106.222566586922,21.46625258399798,10.73312629199899,10.73312629199899,10.73312629199899,0.0,2.3874672772626644,1490.5055182722406,19.929877069364977,9.964938534682489,9.964938534682489,9.964938534682489,0.0,2.073644135332772,1916.615428300628,21.587033144922902,10.793516572461451,10.793516572461451,10.793516572461451,0.0,1.5165750888103102,1687.1284183487633,23.383755044902433,11.691877522451216,11.691877522451216,11.691877522451216,0.0,1.4832396974191326,1903.9829831172337,13.885243966167826,6.942621983083913,6.942621983083913,6.942621983083913,0.0,1.5811388300841898,1375.8740131276556,26.43482551483932,13.21741275741966,13.21741275741966,13.21741275741966,0.0,1.5165750888103102,2182.8054654503685,14.926486525636232,7.463243262818116,7.463243262818116,7.463243262818116,0.0,1.51657508881031,794.4291661312543
0.0,26.442390209661458,13.221195104830729,13.221195104830729,13.221195104830729,0.0,2.701851217221259,1992.2027507259395,26.17632518135424,13.08816259067712,13.08816259067712,13.08816259067712,0.0,1.816590212458495,1765.4675867882706,14.184498581197715,7.092249290598858,7.092249290598858,7.092249290598858,0.0,2.4083189157584592,1049.689620792737,26.023066690918657,13.011533345459329,13.011533345459329,13.011533345459329,0.0,2.4899799195977463,2291.6348531125113,25.353500744473138,12.67675037223657,12.676750372236569,12.676750372236569,0.0,2.588435821108957,1836.3367610544642,18.547236990991408,9.273618495495704,9.273618495495704,9.273618495495704,0.0,2.701851217221259,1616.6780137058831,16.994116628998402,8.497058314499201,8.497058314499201,8.497058314499201,0.0,0.8366600265340756,1854.992937991948,19.979989989987484,9.989994994993742,9.989994994993742,9.989994994993742,0.0,2.3874672772626644,1440.0643388404562,12.441864811996632,6.220932405998316,6.220932405998316,6.220932405998316,0.0,1.788854381999832,1528.9403193061526,25.41653005427767,12.708265027138834,12.708265027138834,12.708265027138834,0.0,1.8708286933869707,2038.7778692147901,13.564659966250536,6.782329983125268,6.782329983125268,6.782329983125268,0.0,1.5811388300841898,1519.2003488677851,15.962455951387932,7.981227975693966,7.981227975693966,7.981227975693966,0.0,0.894427190999916,1246.4572997098617,26.053790511171304,13.026895255585652,13.026895255585652,13.026895255585652,0.0,1.9235384061671346,2107.252903663915,21.46625258399798,10.73312629199899,10.73312629199899,10.73312629199899,0.0,2.3874672772626644,1490.0255031374463,19.91983935678197,9.959919678390985,9.959919678390985,9.959919678390985,0.0,2.073644135332772,1920.7956164048271,20.813457185196313,10.406728592598157,10.406728592598157,10.406728592598157,0.0,1.5165750888103102,1686.4702784217693,23.383755044902433,11.691877522451216,11.691877522451216,11.691877522451216,0.0,1.4832396974191326,1902.98336829306,13.885243966167826,6.942621983083913,6.942621983083913,6.942621983083913,0.0,1.5811388300841898,1380.1245233673662,27.371518043396865,13.685759021698432,13.685759021698432,13.685759021698432,0.0,1.5165750888103102,2183.2673221573214,14.491376746189438,7.245688373094719,7.245688373094719,7.245688373094719,0.0,1.51657508881031,794.6469656394593
0.0,25.946097972527582,12.973048986263791,12.973048986263791,12.973048986263791,0.0,2.3874672772626644,1993.1017284624486,26.17632518135424,13.08816259067712,13.08816259067712,13.08816259067712,0.0,1.816590212458495,1765.014022607186,13.885243966167826,6.942621983083913,6.942621983083913,6.942621983083913,0.0,2.4083189157584592,1044.6010243150254,26.023066690918657,13.011533345459329,13.011533345459329,13.011533345459329,0.0,2.4899799195977463,2290.2512525921693,26.023066690918654,13.011533345459327,13.011533345459329,13.011533345459329,0.0,2.701851217221259,2044.2594747242827,18.72965562950905,9.364827814754525,9.364827814754525,9.364827814754525,0.0,2.7928480087537886,1615.9782486159893,17.81010948871455,8.905054744357274,8.905054744357274,8.905054744357274,0.0,0.8366600265340756,1853.6793142288664,19.979989989987484,9.989994994993742,9.989994994993742,9.989994994993742,0.0,2.3874672772626644,1440.7594525110705,12.441864811996632,6.220932405998316,6.220932405998316,6.220932405998316,0.0,1.788854381999832,1530.0289866535209,25.41653005427767,12.708265027138834,12.708265027138834,12.708265027138834,0.0,1.8708286933869707,2039.9285036490862,14.394443372357264,7.197221686178632,7.197221686178632,7.197221686178632,0.0,1.5811388300841898,1521.5709973576652,15.962455951387932,7.981227975693966,7.981227975693966,7.981227975693966,0.0,0.894427190999916,1245.7221600340904,25.612496949731394,12.806248474865697,12.806248474865697,12.806248474865697,0.0,1.9235384061671346,2105.1139399091917,21.419617176784463,10.709808588392232,10.709808588392232,10.709808588392232,0.0,2.3874672772626644,1490.9121369148486,18.568791021496256,9.284395510748128,9.284395510748128,9.284395510748128,0.0,1.6431676725154984,1920.4802003665645,20.813457185196313,10.406728592598157,10.406728592598157,10.406728592598157,0.0,1.5165750888103102,1686.0189797270966,24.26520142096496,12.13260071048248,12.13260071048248,12.13260071048248,0.0,1.51657508881031,1902.1394007800795,13.784048752090222,6.892024376045111,6.892024376045111,6.892024376045111,0.0,1.5811388300841898,1379.9870651567717,27.371518043396865,13.685759021698432,13.685759021698432,13.685759021698432,0.0,1.5165750888103102,2184.9770708179067,14.042791745233567,7.021395872616783,7.021395872616783,7.021395872616783,0.0,1.51657508881031,791.5108969559421
0.0,25.58906016249913,12.794530081249565,12.794530081249565,12.794530081249565,0.0,2.3874672772626644,1991.9799948794666,24.875690945177784,12.437845472588892,12.437845472588892,12.437845472588892,0.0,1.816590212458495,1764.9612743626983,14.310835055998655,7.155417527999328,7.155417527999327,7.155417527999327,0.0,2.3021728866442674,1044.7359953595933,26.343879744638983,13.171939872319491,13.171939872319491,13.171939872319491,0.0,2.1908902300206647,2322.1204318467207,28.121166405396487,14.060583202698243,14.060583202698243,14.060583202698243,0.0,3.1304951684997055,2063.5609513653817,19.00526242912736,9.50263121456368,9.50263121456368,9.50263121456368,0.0,2.7928480087537886,1613.6894992531866,18.24280680158621,9.121403400793104,9.121403400793104,9.121403400793104,0.0,0.8366600265340756,1850.7001918193016,19.3597520645281,9.67987603226405,9.67987603226405,9.67987603226405,0.0,2.0,1436.6515583118962,13.007690033207279,6.5038450166036395,6.5038450166036395,6.5038450166036395,0.0,1.8708286933869709,1529.7517772501524,25.55777768116782,12.77888884058391,12.77888884058391,12.77888884058391,0.0,1.6431676725154984,1968.9692227152764,15.165750888103101,7.582875444051551,7.582875444051551,7.582875444051551,0.0,1.3038404810405297,1522.4977175680756,16.589153082662175,8.294576541331088,8.294576541331088,8.294576541331088,0.0,0.894427190999916,1249.199623759149,25.612496949731394,12.806248474865697,12.806248474865697,12.806248474865697,0.0,1.9235384061671346,2102.9876842245176,21.052315787105226,10.526157893552613,10.526157893552613,10.526157893552613,0.0,2.3874672772626644,1493.474572933868,20.620378270051205,10.310189135025603,10.310189135025603,10.310189135025603,0.0,2.5099800796022262,1992.5493218487716,21.05231578710523,10.526157893552615,10.526157893552615,10.526157893552615,0.0,1.5165750888103102,1682.0203030879263,24.166091947189145,12.083045973594572,12.083045973594572,12.083045973594572,0.0,1.51657508881031,1898.8354852382552,14.184498581197715,7.092249290598858,7.092249290598858,7.092249290598858,0.0,1.3038404810405297,1384.390190661578,27.371518043396865,13.685759021698432,13.685759021698432,13.685759021698432,0.0,1.5165750888103102,2184.539493806418,14.449913494550755,7.224956747275377,7.224956747275377,7.224956747275377,0.0,1.9235384061671346,792.7132520653355
0.0,25.163465580082566,12.581732790041283,12.581732790041283,12.581732790041283,0.0,2.3874672772626644,1994.4823137847075,24.875690945177784,12.437845472588892,12.437845472588892,12.437845472588892,0.0,1.816590212458495,1764.7745748395175,14.310835055998655,7.155417527999328,7.155417527999327,7.155417527999327,0.0,2.3021728866442674,1045.0084688652048,27.09243436828813,13.546217184144066,13.546217184144066,13.546217184144066,0.0,2.4899799195977463,2335.7388980791497,28.5657137141714,14.2828568570857,14.2828568570857,14.2828568570857,0.0,3.1304951684997055,2066.069384120485,18.89973544788392,9.44986772394196,9.44986772394196,9.44986772394196,0.0,2.7928480087537886,1614.8313224606463,17.88854381999832,8.94427190999916,8.94427190999916,8.94427190999916,0.0,0.8366600265340756,1850.9569687056478,19.473058311420935,9.736529155710468,9.736529155710468,9.736529155710468,0.0,2.16794833886788,1436.1743626732793,14.099645385611653,7.049822692805827,7.049822692805827,7.049822692805827,0.0,1.8708286933869709,1530.915804347189,24.915858403835898,12.457929201917949,12.457929201917949,12.457929201917949,0.0,1.3416407864998738,1968.9234875941727,14.463747785411636,7.231873892705818,7.231873892705818,7.231873892705818,0.0,1.3038404810405297,1518.8331705621918,15.836666315863322,7.918333157931661,7.918333157931661,7.918333157931661,0.0,0.894427190999916,1251.8678844031426,26.015380066414558,13.007690033207279,13.007690033207279,13.007690033207279,0.0,1.9235384061671346,2100.011238065168,21.052315787105226,10.526157893552613,10.526157893552613,10.526157893552613,0.0,2.3874672772626644,1495.3190295050752,19.91983935678197,9.959919678390985,9.959919678390985,9.959919678390985,0.0,2.073644135332772,1992.3687660671656,21.51278689523977,10.756393447619885,10.756393447619885,10.756393447619885,0.0,1.5165750888103102,1681.9120963950522,24.166091947189145,12.083045973594572,12.083045973594572,12.083045973594572,0.0,1.51657508881031,1901.5642245267447,13.341664064126334,6.670832032063167,6.670832032063167,6.670832032063167,0.0,1.3038404810405297,1384.8892735522215,26.343879744638983,13.171939872319491,13.171939872319491,13.171939872319491,0.0,1.5165750888103102,2185.2395063241925,14.926486525636232,7.463243262818116,7.463243262818116,7.463243262818116,0.0,1.7320508075688774,794.444774669706
0.0,25.163465580082566,12.581732790041283,12.581732790041283,12.581732790041283,0.0,2.3874672772626644,1993.8639121063402,24.38852189043034,12.19426094521517,12.19426094521517,12.19426094521517,0.0,1.816590212458495,1761.0625485768528,13.535139452550904,6.767569726275452,6.767569726275452,6.767569726275452,0.0,2.04939015319192,1044.7821303984865,26.023066690918657,13.011533345459329,13.011533345459329,13.011533345459329,0.0,1.9493588689617927,2334.535114321479,28.192197502145874,14.096098751072937,14.096098751072937,14.096098751072937,0.0,2.949576240750525,2066.6947766905496,18.077610461562667,9.038805230781334,9.038805230781334,9.038805230781334,0.0,2.3874672772626644,1612.3900582675396,18.088670487352022,9.044335243676011,9.044335243676011,9.044335243676011,0.0,0.8366600265340756,1848.3147729756422,19.979989989987484,9.989994994993742,9.989994994993742,9.989994994993742,0.0,2.16794833886788,1437.7247650367576,15.192103211866355,7.5960516059331775,7.5960516059331775,7.5960516059331775,0.0,1.8708286933869709,1533.441456332781,24.955961211702505,12.477980605851252,12.477980605851252,12.477980605851252,0.0,1.3416407864998738,1969.403158319799,14.832396974191326,7.416198487095663,7.416198487095663,7.416198487095663,0.0,1.3038404810405297,1516.4160708723712,15.297058540778355,7.648529270389178,7.648529270389178,7.648529270389178,0.0,0.894427190999916,1249.918717357253,25.65151067676132,12.82575533838066,12.82575533838066,12.82575533838066,0.0,1.6733200530681511,2098.2327087337094,21.6794833886788,10.8397416943394,10.8397416943394,10.8397416943394,0.0,2.3874672772626644,1499.291832833088,20.415680248279752,10.207840124139876,10.207840124139876,10.207840124139876,0.0,2.16794833886788,1993.7561285172267,22.333830840229805,11.166915420114902,11.166915420114902,11.166915420114902,0.0,1.5165750888103102,1682.1918142708935,24.72245942457991,12.361229712289955,12.361229712289955,12.361229712289955,0.0,1.51657508881031,1906.6036032694367,13.341664064126334,6.670832032063167,6.670832032063167,6.670832032063167,0.0,1.3038404810405297,1385.4164355889532,25.907527863538043,12.953763931769021,12.953763931769021,12.953763931769021,0.0,1.5165750888103102,2184.359700232542,14.926486525636232,7.463243262818116,7.463243262818116,7.463243262818116,0.0,1.7320508075688774,796.0953460484491
0.0,25.282404948896772,12.641202474448386,12.641202474448386,12.641202474448386,0.0,2.5495097567963922,1992.330595056955,24.38852189043034,12.19426094521517,12.19426094521517,12.19426094521517,0.0,1.816590212458495,1760.7669635701368,12.96148139681572,6.48074069840786,6.48074069840786,6.48074069840786,0.0,2.0,1039.8861956964329,26.55560204551951,13.277801022759755,13.277801022759755,13.277801022759755,0.0,2.16794833886788,2334.210508930161,27.84241368847177,13.921206844235885,13.921206844235885,13.921206844235885,0.0,2.5099800796022262,2087.2401155593,18.740330840195966,9.370165420097983,9.370165420097983,9.370165420097983,0.0,2.3874672772626644,1610.1064250539466,17.69745744450315,8.848728722251575,8.848728722251575,8.848728722251575,0.0,0.8366600265340756,1846.5338339710975,19.979989989987484,9.989994994993742,9.989994994993742,9.989994994993742,0.0,2.16794833886788,1435.9562319235222,15.556349186104047,7.778174593052023,7.778174593052023,7.778174593052023,0.0,1.8708286933869709,1533.1801264039395,24.955961211702505,12.477980605851252,12.477980605851252,12.477980605851252,0.0,1.3416407864998738,1970.1744339017293,14.38054240979804,7.19027120489902,7.19027120489902,7.19027120489902,0.0,1.3038404810405297,1511.8114961859499,14.99333185119305,7.496665925596525,7.496665925596525,7.496665925596525,0.0,0.5477225575051661,1248.769914756117,24.803225596683994,12.401612798341997,12.401612798341997,12.401612798341997,0.0,1.6733200530681511,2094.3406360952845,21.6794833886788,10.8397416943394,10.8397416943394,10.8397416943394,0.0,2.3874672772626644,1500.4594962877206,20.415680248279752,10.207840124139876,10.207840124139876,10.207840124139876,0.0,2.16794833886788,1994.5837410347053,22.333830840229805,11.166915420114902,11.166915420114902,11.166915420114902,0.0,1.5165750888103102,1687.0173976577717,24.108089928486663,12.054044964243332,12.054044964243332,12.054044964243332,0.0,1.1401754250991378,1910.237236575604,13.341664064126334,6.670832032063167,6.670832032063167,6.670832032063167,0.0,1.3038404810405297,1386.5181931731008,25.907527863538043,12.953763931769021,12.953763931769021,12.953763931769021,0.0,1.5165750888103102,2178.8716575328617,15.658863304850707,7.829431652425353,7.829431652425353,7.829431652425353,0.0,1.7320508075688774,799.4158492299237
0.0,24.915858403835898,12.457929201917949,12.457929201917949,12.457929201917949,0.0,2.3874672772626644,1996.2137410608113,24.190907382733705,12.095453691366853,12.095453691366853,12.095453691366853,0.0,1.816590212458495,1760.7784358061635,12.96148139681572,6.48074069840786,6.48074069840786,6.48074069840786,0.0,2.0,1040.5507195711318,26.884940022250372,13.442470011125186,13.442470011125186,13.442470011125186,0.0,2.16794833886788,2332.51677378749,27.84241368847177,13.921206844235885,13.921206844235885,13.921206844235885,0.0,2.5099800796022262,2107.703774252919,18.740330840195966,9.370165420097983,9.370165420097983,9.370165420097983,0.0,2.3874672772626644,1610.8633709908484,17.11139970896595,8.555699854482976,8.555699854482976,8.555699854482976,0.0,0.8366600265340756,1847.179552723557,19.979989989987484,9.989994994993742,9.989994994993742,9.989994994993742,0.0,2.16794833886788,1436.3050859758173,14.99333185119305,7.496665925596525,7.496665925596525,7.496665925596525,0.0,1.8708286933869709,1535.7668442833372,24.714368290530913,12.357184145265457,12.357184145265457,12.357184145265457,0.0,1.3416407864998738,1966.3734894470074,15.658863304850707,7.829431652425353,7.829431652425353,7.829431652425353,0.0,1.3038404810405297,1513.1552464965384,14.99333185119305,7.496665925596525,7.496665925596525,7.496665925596525,0.0,0.5477225575051661,1248.5444725759671,24.355697485393435,12.177848742696717,12.177848742696717,12.177848742696717,0.0,1.6733200530681511,2093.9194588140203,21.6794833886788,10.8397416943394,10.8397416943394,10.8397416943394,0.0,2.3874672772626644,1501.5169995707674,19.256167843057455,9.628083921528727,9.628083921528727,9.628083921528727,0.0,1.7320508075688772,1995.5536324539114,24.795160818191924,12.397580409095962,12.397580409095962,12.397580409095962,0.0,1.7888543819998317,1956.543712775158,23.807561823924768,11.903780911962384,11.903780911962384,11.903780911962384,0.0,1.1401754250991378,1909.659210435202,14.099645385611653,7.049822692805827,7.049822692805827,7.049822692805827,0.0,1.3038404810405297,1384.6908319188078,24.915858403835898,12.457929201917949,12.457929201917949,12.457929201917949,0.0,1.3038404810405297,2173.4103846259686,15.658863304850707,7.829431652425353,7.829431652425353,7.829431652425353,0.0,1.7320508075688774,795.9206618752902
0.0,25.059928172283335,12.529964086141668,12.529964086141668,12.529964086141668,0.0,2.3874672772626644,1994.0831727889386,24.190907382733705,12.095453691366853,12.095453691366853,12.095453691366853,0.0,1.816590212458495,1762.882355689114,12.296340919151518,6.148170459575759,6.148170459575759,6.148170459575759,0.0,1.7888543819998317,1037.204560344776,27.09243436828813,13.546217184144066,13.546217184144066,13.546217184144066,0.0,2.345207879911715,2331.121618448939,27.84241368847177,13.921206844235885,13.921206844235885,13.921206844235885,0.0,2.5099800796022262,2151.45643692825,18.740330840195966,9.370165420097983,9.370165420097983,9.370165420097983,0.0,2.3874672772626644,1611.1752542786896,16.52876280911551,8.264381404557755,8.264381404557755,8.264381404557755,0.0,0.7071067811865476,1848.1369808539625,18.633303518163384,9.316651759081692,9.316651759081692,9.316651759081692,0.0,1.816590212458495,1436.5094152145332,14.99333185119305,7.496665925596525,7.496665925596525,7.496665925596525,0.0,1.51657508881031,1353.1723097965018,24.232209969377536,12.116104984688768,12.116104984688768,12.116104984688768,0.0,1.140175425099138,1965.8622026988567,15.658863304850707,7.829431652425353,7.829431652425353,7.829431652425353,0.0,1.3038404810405297,1510.6709767517214,14.6696966567138,7.3348483283569,7.3348483283569,7.3348483283569,0.0,0.5477225575051661,1247.4280339963502,23.933240482642546,11.966620241321273,11.966620241321273,11.966620241321273,0.0,1.6733200530681511,2095.482521998215,21.6794833886788,10.8397416943394,10.8397416943394,10.8397416943394,0.0,2.3874672772626644,1509.0657043349702,20.620378270051205,10.310189135025603,10.310189135025603,10.310189135025603,0.0,2.16794833886788,2070.2035407176754,25.25866188063018,12.62933094031509,12.62933094031509,12.62933094031509,0.0,1.7888543819998317,1953.5771036741805,23.807561823924768,11.903780911962384,11.903780911962384,11.903780911962384,0.0,1.1401754250991378,1914.670258817429,14.310835055998654,7.155417527999327,7.155417527999327,7.155417527999327,0.0,1.3038404810405297,1384.0194362797079,24.915858403835898,12.457929201917949,12.457929201917949,12.457929201917949,0.0,1.3038404810405297,2169.2604039165053,16.186414056238647,8.093207028119323,8.093207028119323,8.093207028119323,0.0,1.7320508075688774,795.8617970477035
0.0,25.58906016249913,12.794530081249565,12.794530081249565,12.794530081249565,0.0,2.3874672772626644,2050.580966458043,26.855167100578615,13.427583550289308,13.427583550289308,13.427583550289308,0.0,1.8708286933869707,1849.9260796042636,12.680693987317888,6.340346993658944,6.340346993658944,6.340346993658944,0.0,1.51657508881031,1039.494925432539,26.548069609672186,13.274034804836093,13.274034804836093,13.274034804836093,0.0,2.345207879911715,2327.855493796812,28.340783334269364,14.170391667134682,14.170391667134682,14.170391667134682,0.0,2.5099800796022262,2149.422643409155,18.24280680158621,9.121403400793104,9.121403400793104,9.121403400793104,0.0,2.3874672772626644,1609.2234773330895,16.52876280911551,8.264381404557755,8.264381404557755,8.264381404557755,0.0,0.7071067811865476,1848.5406406135626,18.633303518163384,9.316651759081692,9.316651759081692,9.316651759081692,0.0,1.816590212458495,1439.5414895028207,15.849290204927161,7.924645102463581,7.924645102463581,7.924645102463581,0.0,1.6431676725154984,1356.3481116586552,23.689660191737662,11.844830095868831,11.844830095868831,11.844830095868831,0.0,1.140175425099138,1965.9166309892187,15.25778489820852,7.62889244910426,7.62889244910426,7.62889244910426,0.0,1.3038404810405297,1511.223080818977,14.587666023048374,7.293833011524187,7.293833011524187,7.293833011524187,0.0,0.5477225575051661,1249.2626625333842,23.29806858947754,11.64903429473877,11.64903429473877,11.64903429473877,0.0,1.6733200530681511,2097.3499231172655,21.6794833886788,10.8397416943394,10.8397416943394,10.8397416943394,0.0,2.3874672772626644,1508.3102134508008,20.620378270051205,10.310189135025603,10.310189135025603,10.310189135025603,0.0,2.16794833886788,2069.316602166039,24.355697485393435,12.177848742696717,12.177848742696717,12.177848742696717,0.0,1.7888543819998317,1950.7815869543163,22.829805080201627,11.414902540100814,11.414902540100814,11.414902540100814,0.0,1.1401754250991378,1916.3498636731238,14.310835055998654,7.155417527999327,7.155417527999327,7.155417527999327,0.0,1.3038404810405297,1385.1764147573406,29.899832775452108,14.949916387726054,14.949916387726054,14.949916387726054,0.0,1.7888543819998317,2210.8692408190946,17.052858997833766,8.526429498916883,8.526429498916883,8.526429498916883,0.0,1.7320508075688774,794.1387158425158
0.0,25.083859352181037,12.541929676090518,12.541929676090518,12.541929676090518,0.0,2.3874672772626644,2050.764077118575,26.855167100578615,13.427583550289308,13.427583550289308,13.427583550289308,0.0,1.8708286933869707,1844.8870426126366,12.033287165193059,6.016643582596529,6.016643582596529,6.016643582596529,0.0,1.51657508881031,1040.2489125204602,26.023066690918654,13.011533345459327,13.011533345459327,13.011533345459327,0.0,2.04939015319192,2327.3598346624444,28.085583490467133,14.042791745233567,14.042791745233567,14.042791745233567,0.0,2.5099800796022262,2154.2505193222073,19.05780679931455,9.528903399657276,9.528903399657276,9.528903399657276,0.0,2.3874672772626644,1611.8666818319684,17.146428199482248,8.573214099741124,8.573214099741124,8.573214099741124,0.0,0.7071067811865476,1846.4510554033106,18.633303518163384,9.316651759081692,9.316651759081692,9.316651759081692,0.0,1.816590212458495,1437.106398287893,15.849290204927161,7.924645102463581,7.924645102463581,7.924645102463581,0.0,1.6431676725154984,1355.6672526840796,26.099808428415717,13.049904214207858,13.049904214207858,13.049904214207858,0.0,1.51657508881031,2133.7441739815017,15.25778489820852,7.62889244910426,7.62889244910426,7.62889244910426,0.0,1.3038404810405297,1505.9404702709867,14.560219778561036,7.280109889280518,7.280109889280518,7.280109889280518,0.0,0.5477225575051661,1241.5013894474705,22.91724241700995,11.458621208504974,11.458621208504974,11.458621208504974,0.0,1.6733200530681511,2097.799728286759,21.707141681944215,10.853570840972107,10.853570840972107,10.853570840972107,0.0,2.3874672772626644,1508.623445396498,19.91983935678197,9.959919678390985,9.959919678390985,9.959919678390985,0.0,1.7320508075688772,2073.2683135571237,24.551985663078252,12.275992831539126,12.275992831539126,12.275992831539126,0.0,1.5811388300841898,1949.310980833997,22.829805080201627,11.414902540100814,11.414902540100814,11.414902540100814,0.0,1.1401754250991378,1915.1533097901067,14.791889669680478,7.395944834840239,7.395944834840239,7.395944834840239,0.0,1.3038404810405297,1383.2419166581094,30.01999333777408,15.00999666888704,15.00999666888704,15.00999666888704,0.0,1.7888543819998317,2216.663258142743,17.00588133558505,8.502940667792526,8.502940667792526,8.502940667792526,0.0,1.7320508075688774,788.6395247513276
0.0,25.822470834527046,12.911235417263523,12.911235417263523,12.911235417263523,0.0,2.3874672772626644,2051.6240396329927,26.922109872742144,13.461054936371072,13.461054936371072,13.461054936371072,0.0,1.9235384061671343,1847.3888870511266,11.713240371477058,5.856620185738529,5.856620185738529,5.856620185738529,0.0,1.51657508881031,1035.1240505369392,25.179356624028344,12.589678312014172,12.589678312014172,12.589678312014172,0.0,2.04939015319192,2323.147799861214,26.359059163786558,13.179529581893279,13.179529581893279,13.179529581893279,0.0,2.0,2159.1112291866766,20.0,10.0,10.0,10.0,0.0,2.5495097567963922,1612.2101910110853,17.146428199482248,8.573214099741124,8.573214099741124,8.573214099741124,0.0,0.7071067811865476,1844.7958694663212,19.099738218101315,9.549869109050658,9.549869109050658,9.549869109050658,0.0,1.816590212458495,1434.093616191077,15.849290204927161,7.924645102463581,7.924645102463581,7.924645102463581,0.0,1.6431676725154984,1359.2582536074592,25.88435821108957,12.942179105544785,12.942179105544785,12.942179105544785,0.0,1.51657508881031,2137.409132571488,15.25778489820852,7.62889244910426,7.62889244910426,7.62889244910426,0.0,1.3038404810405297,1508.1810236175231,14.601369798755183,7.3006848993775915,7.300684899377593,7.300684899377593,0.0,0.5477225575051661,1241.485924205345,22.698017534577772,11.349008767288886,11.349008767288886,11.349008767288886,0.0,1.6733200530681511,2094.036604264596,21.004761364985796,10.502380682492898,10.502380682492898,10.502380682492898,0.0,2.0,1502.859507738498,20.591260281973998,10.295630140986999,10.295630140986999,10.295630140986999,0.0,1.7320508075688772,2071.30133008213,24.331050121192877,12.165525060596439,12.165525060596439,12.165525060596439,0.0,1.5811388300841898,1971.719883756311,22.154006409676786,11.077003204838393,11.077003204838393,11.077003204838393,0.0,1.1401754250991378,1914.8847746013337,14.532721699667961,7.266360849833981,7.266360849833981,7.266360849833981,0.0,1.3038404810405297,1384.5828613701674,29.37345740630476,14.68672870315238,14.68672870315238,14.68672870315238,0.0,1.7888543819998317,2217.6446514263735,16.911534525287763,8.455767262643882,8.455767262643882,8.455767262643882,0.0,1.7320508075688774,788.4648375165502
0.0,26.0,13.0,13.0,13.0,0.0,2.3874672772626644,2051.693276296435,31.04834939252005,15.524174696260024,15.524174696260024,15.524174696260024,0.0,2.3021728866442674,2230.1725717979766,11.713240371477058,5.856620185738529,5.856620185738529,5.856620185738529,0.0,1.51657508881031,1037.37254638823,25.43226297441893,12.716131487209465,12.716131487209465,12.716131487209465,0.0,2.04939015319192,2322.594519066985,20.851858430365386,10.425929215182693,10.425929215182693,10.425929215182693,0.0,1.6733200530681513,1431.1356679225069,20.0,10.0,10.0,10.0,0.0,2.5495097567963922,1613.1834365626248,23.13438998547401,11.567194992737004,11.567194992737004,11.567194992737004,0.0,1.9235384061671346,2184.350200860659,19.099738218101315,9.549869109050658,9.549869109050658,9.549869109050658,0.0,1.816590212458495,1432.2046990566678,15.323185047502363,7.661592523751182,7.661592523751182,7.661592523751182,0.0,1.4142135623730951,1358.7502713891174,27.618834153526464,13.809417076763232,13.809417076763232,13.809417076763232,0.0,1.6431676725154984,2231.358039401118,15.25778489820852,7.62889244910426,7.62889244910426,7.62889244910426,0.0,1.3038404810405297,1507.8129194299934,14.601369798755183,7.3006848993775915,7.300684899377593,7.300684899377593,0.0,0.5477225575051661,1243.8407052352,22.512218904408336,11.256109452204168,11.256109452204168,11.256109452204168,0.0,1.6733200530681511,2092.4509074288935,21.004761364985796,10.502380682492898,10.502380682492898,10.502380682492898,0.0,2.0,1507.4742783875286,22.22611077089287,11.113055385446435,11.113055385446435,11.113055385446435,0.0,2.6832815729997477,2153.7220108454108,23.731835158706122,11.865917579353061,11.865917579353061,11.865917579353061,0.0,1.5811388300841898,1977.1734370054642,22.154006409676786,11.077003204838393,11.077003204838393,11.077003204838393,0.0,1.1401754250991378,1914.5948657614226,14.805404418657398,7.402702209328699,7.402702209328699,7.402702209328699,0.0,1.3038404810405297,1385.4491329529208,29.37345740630476,14.68672870315238,14.68672870315238,14.68672870315238,0.0,1.7888543819998317,2219.7502562225327,16.994116628998402,8.497058314499201,8.497058314499201,8.497058314499201,0.0,1.7320508075688774,786.3101805267435
0.0,26.735743864721623,13.367871932360812,13.367871932360812,13.367871932360812,0.0,2.3874672772626644,2050.32126750907,31.04834939252005,15.524174696260024,15.524174696260024,15.524174696260024,0.0,2.3021728866442674,2227.4777664434723,11.081516141756055,5.540758070878027,5.540758070878027,5.540758070878027,0.0,1.30384048104053,1036.5517353224584,26.023066690918657,13.011533345459329,13.011533345459329,13.011533345459329,0.0,2.04939015319192,2323.3784668021694,20.659138413786767,10.329569206893384,10.329569206893384,10.329569206893384,0.0,1.6733200530681513,1434.3686067395647,20.0,10.0,10.0,10.0,0.0,2.5495097567963922,1617.314038769218,23.13438998547401,11.567194992737004,11.567194992737004,11.567194992737004,0.0,1.9235384061671346,2185.1564703700283,19.099738218101315,9.549869109050658,9.549869109050658,9.549869109050658,0.0,1.816590212458495,1429.7880961876833,14.832396974191326,7.416198487095663,7.416198487095663,7.416198487095663,0.0,1.4142135623730951,1356.2327602590935,27.22498852157701,13.612494260788505,13.612494260788505,13.612494260788505,0.0,1.6431676725154984,2237.382913137579,16.34625339336204,8.17312669668102,8.17312669668102,8.17312669668102,0.0,1.3038404810405297,1508.845021862749,14.601369798755183,7.3006848993775915,7.300684899377593,7.300684899377593,0.0,0.5477225575051661,1244.5102249479512,22.512218904408336,11.256109452204168,11.256109452204168,11.256109452204168,0.0,1.6733200530681511,2096.7930989966558,21.004761364985796,10.502380682492898,10.502380682492898,10.502380682492898,0.0,2.0,1509.877246666099,23.55419283269966,11.77709641634983,11.77709641634983,11.77709641634983,0.0,2.8284271247461903,2159.1587019022013,23.731835158706122,11.865917579353061,11.865917579353061,11.865917579353061,0.0,1.5811388300841898,1976.958573162321,22.135943621178654,11.067971810589327,11.067971810589327,11.067971810589327,0.0,1.1401754250991378,1911.0013867080263,14.805404418657398,7.402702209328699,7.402702209328699,7.402702209328699,0.0,1.3038404810405297,1382.9827186194339,29.37345740630476,14.68672870315238,14.68672870315238,14.68672870315238,0.0,1.7888543819998317,2220.2369918546988,16.57709262808168,8.28854631404084,8.28854631404084,8.28854631404084,0.0,1.6733200530681511,781.9225025538017
0.0,26.735743864721623,13.367871932360812,13.367871932360812,13.367871932360812,0.0,2.3874672772626644,2053.3254734698053,30.83504499753487,15.417522498767434,15.417522498767434,15.417522498767434,0.0,2.3021728866442674,2228.623745722907,11.081516141756055,5.540758070878027,5.540758070878027,5.540758070878027,0.0,1.30384048104053,1040.5624921166436,25.234896472940004,12.617448236470002,12.617448236470002,12.617448236470002,0.0,2.04939015319192,2327.4469489120474,20.659138413786767,10.329569206893384,10.329569206893384,10.329569206893384,0.0,1.6733200530681513,1434.2931360081175,19.204166214652485,9.602083107326242,9.602083107326242,9.602083107326242,0.0,2.16794833886788,1618.110997428792,23.85791273351464,11.92895636675732,11.92895636675732,11.92895636675732,0.0,1.9235384061671346,2183.671495440649,18.81488772222678,9.40744386111339,9.40744386111339,9.40744386111339,0.0,1.6733200530681511,1430.1214983350192,16.099689437998485,8.049844718999243,8.049844718999243,8.049844718999243,0.0,1.4142135623730951,1352.4047840790863,26.698314553544385,13.349157276772193,13.349157276772193,13.349157276772193,0.0,1.3416407864998738,2228.944884917525,16.34625339336204,8.17312669668102,8.17312669668102,8.17312669668102,0.0,1.3038404810405297,1515.5069448867596,14.99333185119305,7.496665925596525,7.496665925596525,7.496665925596525,0.0,0.5477225575051661,1240.901768876167,22.733235581412515,11.366617790706258,11.366617790706258,11.366617790706258,0.0,1.51657508881031,2099.7958948431155,21.419617176784463,10.709808588392232,10.709808588392232,10.709808588392232,0.0,2.0,1508.9368111355757,22.847319317591726,11.423659658795863,11.423659658795863,11.423659658795863,0.0,2.3874672772626644,2159.386649027913,23.731835158706122,11.865917579353061,11.865917579353061,11.865917579353061,0.0,1.5811388300841898,1984.183408861187,22.135943621178654,11.067971810589327,11.067971810589327,11.067971810589327,0.0,1.1401754250991378,1910.0528003173106,14.324803663575986,7.162401831787993,7.162401831787993,7.162401831787993,0.0,1.3038404810405297,1377.3316594052428,29.37345740630476,14.68672870315238,14.68672870315238,14.68672870315238,0.0,1.7888543819998317,2220.0348420689256,16.57709262808168,8.28854631404084,8.28854631404084,8.28854631404084,0.0,1.6733200530681511,783.2057201016858
0.0,26.17632518135424,13.08816259067712,13.08816259067712,13.08816259067712,0.0,2.073644135332772,2052.9144404967296,31.68595903550972,15.84297951775486,15.84297951775486,15.84297951775486,0.0,2.1908902300206643,2226.0744147489772,10.825894882179487,5.412947441089743,5.412947441089743,5.412947441089743,0.0,0.8944271909999159,977.8679358686428,24.803225596683994,12.401612798341997,12.401612798341997,12.401612798341997,0.0,1.816590212458495,2334.063902295736,20.32732151563506,10.16366075781753,10.16366075781753,10.16366075781753,0.0,1.4832396974191326,1435.6239758376842,18.41738309315414,9.20869154657707,9.20869154657707,9.20869154657707,0.0,2.16794833886788,1621.6346074254827,23.832750575625973,11.916375287812986,11.916375287812986,11.916375287812986,0.0,1.9235384061671346,2186.1959427279157,19.266551326067674,9.633275663033837,9.633275663033837,9.633275663033837,0.0,1.6733200530681511,1428.9449954424417,16.099689437998485,8.049844718999243,8.049844718999243,8.049844718999243,0.0,1.4142135623730951,1352.2690190934643,26.780589986032794,13.390294993016397,13.390294993016397,13.390294993016397,0.0,1.5165750888103102,2227.9965888663296,17.91089054179049,8.955445270895245,8.955445270895245,8.955445270895245,0.0,1.3038404810405297,1969.3408288054152,15.257784898208522,7.628892449104261,7.628892449104261,7.628892449104261,0.0,0.5477225575051661,1239.7345280341274,25.96150997149434,12.98075498574717,12.98075498574717,12.98075498574717,0.0,1.6431676725154984,2340.4941358610577,21.288494545176274,10.644247272588137,10.644247272588137,10.644247272588137,0.0,1.6431676725154984,1513.5414431062006,22.86482013924448,11.43241006962224,11.43241006962224,11.43241006962224,0.0,2.3874672772626644,2160.362863039448,22.82104292095346,11.41052146047673,11.41052146047673,11.41052146047673,0.0,1.3038404810405297,1984.9616620982886,22.154006409676782,11.077003204838391,11.077003204838391,11.077003204838391,0.0,1.1401754250991378,1908.360238529403,21.419617176784463,10.709808588392232,10.709808588392232,10.709808588392232,0.0,1.5811388300841898,1693.7144092201613,29.086079144497972,14.543039572248986,14.543039572248986,14.543039572248986,0.0,1.6733200530681511,2219.897790439911,16.57709262808168,8.28854631404084,8.28854631404084,8.28854631404084,0.0,1.6733200530681511,781.6014329567213
0.0,26.053790511171304,13.026895255585652,13.026895255585652,13.026895255585652,0.0,2.073644135332772,2057.372669207016,31.855925665407998,15.927962832703999,15.927962832703999,15.927962832703999,0.0,2.280350850198276,2226.0292675524283,10.099504938362077,5.049752469181039,5.049752469181039,5.049752469181039,0.0,0.8944271909999159,979.7475184964748,24.331050121192877,12.165525060596439,12.165525060596439,12.165525060596439,0.0,1.816590212458495,2332.069188510495,20.228692493584454,10.114346246792227,10.114346246792227,10.114346246792227,0.0,1.4832396974191326,1431.4023543364738,18.308467986153293,9.154233993076646,9.154233993076646,9.154233993076646,0.0,2.16794833886788,1616.216414964283,22.67156809750927,11.335784048754634,11.335784048754634,11.335784048754634,0.0,1.5165750888103102,2213.6694649382503,19.266551326067674,9.633275663033837,9.633275663033837,9.633275663033837,0.0,1.6733200530681511,1432.2281591981077,15.646085772486357,7.8230428862431785,7.8230428862431785,7.8230428862431785,0.0,1.4142135623730951,1351.462726086073,26.929537686339884,13.464768843169942,13.464768843169942,13.464768843169942,0.0,1.5165750888103102,2233.003537838666,17.91089054179049,8.955445270895245,8.955445270895245,8.955445270895245,0.0,1.3038404810405297,1964.708553450104,14.601369798755183,7.3006848993775915,7.3006848993775915,7.3006848993775915,0.0,0.5477225575051661,1240.549595945281,25.830214865540704,12.915107432770352,12.915107432770352,12.915107432770352,0.0,1.6431676725154984,2338.434241110919,20.62037827005121,10.310189135025604,10.310189135025604,10.310189135025604,0.0,1.6431676725154984,1513.3500256054447,23.13438998547401,11.567194992737004,11.567194992737004,11.567194992737004,0.0,2.3874672772626644,2161.1298665281547,23.45207879911715,11.726039399558575,11.726039399558575,11.726039399558575,0.0,1.3038404810405297,1981.5550206845128,21.568495543268657,10.784247771634329,10.784247771634329,10.784247771634329,0.0,1.0954451150103321,1908.7743973555387,20.717142660125695,10.358571330062848,10.358571330062848,10.358571330062848,0.0,1.5811388300841898,1693.0008269342338,28.579713084634005,14.289856542317002,14.289856542317002,14.289856542317002,0.0,1.6733200530681511,2221.617248762712,17.412639087743134,8.706319543871567,8.706319543871567,8.706319543871567,0.0,1.6733200530681511,780.0011538453005
0.0,26.053790511171304,13.026895255585652,13.026895255585652,13.026895255585652,0.0,2.073644135332772,2057.226701168347,31.855925665407998,15.927962832703999,15.927962832703999,15.927962832703999,0.0,2.280350850198276,2221.496387573025,10.825894882179487,5.412947441089743,5.412947441089743,5.412947441089743,0.0,0.8944271909999159,982.4740709046728,24.331050121192877,12.165525060596439,12.165525060596439,12.165525060596439,0.0,1.816590212458495,2329.7747315996025,20.620378270051205,10.310189135025603,10.310189135025603,10.310189135025603,0.0,1.4832396974191326,1430.4742919745183,18.308467986153293,9.154233993076646,9.154233993076646,9.154233993076646,0.0,2.16794833886788,1613.377451187415,22.86482013924448,11.43241006962224,11.43241006962224,11.43241006962224,0.0,1.6733200530681511,2220.263655514813,18.47159982243011,9.235799911215056,9.235799911215056,9.235799911215056,0.0,2.280350850198276,1772.0959341976945,15.646085772486357,7.8230428862431785,7.8230428862431785,7.8230428862431785,0.0,1.4142135623730951,1350.0663687389595,26.929537686339884,13.464768843169942,13.464768843169942,13.464768843169942,0.0,1.5165750888103102,2233.8582766147006,18.633303518163387,9.316651759081694,9.316651759081694,9.316651759081694,0.0,1.3038404810405297,1963.7098818308166,14.324803663575986,7.162401831787993,7.162401831787993,7.162401831787993,0.0,0.5477225575051661,1240.465839916602,26.115129714401192,13.057564857200596,13.057564857200596,13.057564857200596,0.0,1.6431676725154984,2335.4985977302576,20.62037827005121,10.310189135025604,10.310189135025604,10.310189135025604,0.0,1.6431676725154984,1507.3860487612324,23.13438998547401,11.567194992737004,11.567194992737004,11.567194992737004,0.0,2.3874672772626644,2211.7520882775266,23.891421054428722,11.945710527214361,11.945710527214361,11.945710527214361,0.0,1.3038404810405297,1981.3711918769789,21.568495543268657,10.784247771634329,10.784247771634329,10.784247771634329,0.0,1.0954451150103321,1910.1197082905562,20.659138413786767,10.329569206893384,10.329569206893384,10.329569206893384,0.0,1.5811388300841898,1696.4887267529955,28.579713084634005,14.289856542317002,14.289856542317002,14.289856542317002,0.0,1.6733200530681511,2221.548941617087,17.57270610919104,8.78635305459552,8.78635305459552,8.78635305459552,0.0,1.6733200530681511,783.390579468505
0.0,26.053790511171304,13.026895255585652,13.026895255585652,13.026895255585652,0.0,2.073644135332772,2056.707198412064,32.04996099841621,16.024980499208105,16.024980499208105,16.024980499208105,0.0,2.280350850198276,2217.5898403446927,11.224972160321824,5.612486080160912,5.612486080160912,5.612486080160912,0.0,0.8944271909999159,980.1225943727652,24.795160818191924,12.397580409095962,12.397580409095962,12.397580409095962,0.0,1.816590212458495,2330.0576602307506,20.149441679609886,10.074720839804943,10.074720839804943,10.074720839804943,0.0,1.224744871391589,1426.7702337797773,19.308029417835474,9.654014708917737,9.654014708917737,9.654014708917737,0.0,2.073644135332772,1614.373965350036,23.047776465420693,11.523888232710346,11.523888232710346,11.523888232710346,0.0,1.6733200530681511,2218.8373757443333,18.18790807102345,9.093954035511725,9.093954035511725,9.093954035511725,0.0,2.3874672772626644,1773.5014801234308,15.646085772486357,7.8230428862431785,7.8230428862431785,7.8230428862431785,0.0,1.4142135623730951,1346.3870914413878,26.39696952303427,13.198484761517134,13.198484761517134,13.198484761517134,0.0,1.5165750888103102,2232.7064966089924,18.952572384771415,9.476286192385707,9.476286192385707,9.476286192385707,0.0,1.3038404810405297,1959.8504279663794,14.92648652563623,7.463243262818115,7.463243262818115,7.463243262818115,0.0,0.5477225575051661,1234.6625854864153,26.630809225406576,13.315404612703288,13.315404612703288,13.315404612703288,0.0,1.6431676725154984,2333.2985878365416,21.04281350010022,10.52140675005011,10.52140675005011,10.52140675005011,0.0,1.6431676725154984,1508.3533074183913,23.765521244020718,11.882760622010359,11.882760622010359,11.882760622010359,0.0,2.3874672772626644,2209.6836198876977,23.09112383579457,11.545561917897285,11.545561917897285,11.545561917897285,0.0,1.3038404810405297,1977.5293171025303,22.494443758403985,11.247221879201993,11.247221879201993,11.247221879201993,0.0,1.0954451150103321,1903.0376244310044,20.659138413786767,10.329569206893384,10.329569206893384,10.329569206893384,0.0,1.5811388300841898,1694.0883389008968,28.30547650190684,14.15273825095342,14.15273825095342,14.15273825095342,0.0,1.6733200530681511,2223.412872140485,14.65605676844901,7.328028384224505,7.328028384224505,7.328028384224505,0.0,1.4832396974191326,1432.9924284517347
0.0,25.495097567963924,12.747548783981962,12.747548783981962,12.747548783981962,0.0,2.073644135332772,2057.7979249673667,31.83080269173242,15.91540134586621,15.91540134586621,15.91540134586621,0.0,2.280350850198276,2217.257044187705,11.966620241321273,5.9833101206606365,5.9833101206606365,5.9833101206606365,0.0,0.8944271909999159,975.4779341430537,24.0249869927124,12.0124934963562,12.0124934963562,12.0124934963562,0.0,1.6431676725154984,2326.576089449902,20.069877926883365,10.034938963441682,10.034938963441682,10.034938963441682,0.0,1.3038404810405297,1427.977590860585,19.879637823662684,9.939818911831342,9.939818911831342,9.939818911831342,0.0,2.073644135332772,1613.2329342038613,22.847319317591726,11.423659658795863,11.423659658795863,11.423659658795863,0.0,1.6431676725154984,2220.179001792423,17.297398648351724,8.648699324175862,8.648699324175862,8.648699324175862,0.0,2.3874672772626644,1775.4974514203054,16.39512122553536,8.19756061276768,8.19756061276768,8.19756061276768,0.0,1.4142135623730951,1504.388480413221,25.88435821108957,12.942179105544785,12.942179105544785,12.942179105544785,0.0,1.3038404810405297,2233.1395612455576,18.622566955175646,9.311283477587823,9.311283477587823,9.311283477587823,0.0,1.3038404810405297,1958.6130296717624,15.20526224699857,7.602631123499285,7.602631123499285,7.602631123499285,0.0,0.5477225575051661,1238.1852446221446,27.10719461692781,13.553597308463905,13.553597308463905,13.553597308463905,0.0,1.6431676725154984,2338.8948886172716,21.789905919943756,10.894952959971878,10.894952959971878,10.894952959971878,0.0,1.6431676725154984,1508.5601413268216,23.807561823924768,11.903780911962384,11.903780911962384,11.903780911962384,0.0,2.3874672772626644,2209.7174706283154,23.09112383579457,11.545561917897285,11.545561917897285,11.545561917897285,0.0,1.3038404810405297,1975.9579448966012,22.16303228351211,11.081516141756055,11.081516141756055,11.081516141756055,0.0,0.7071067811865475,1902.93163303362,19.72815247305231,9.864076236526156,9.864076236526156,9.864076236526156,0.0,1.5811388300841898,1692.572214116727,28.76108481959608,14.38054240979804,14.38054240979804,14.38054240979804,0.0,1.6733200530681511,2227.765696836182,14.560219778561038,7.280109889280519,7.280109889280519,7.280109889280519,0.0,1.4832396974191326,1436.1637093312168
0.0,26.076809620810597,13.038404810405298,13.038404810405298,13.038404810405298,0.0,2.073644135332772,2055.384927452763,31.464265445104548,15.732132722552274,15.732132722552274,15.732132722552274,0.0,2.280350850198276,2215.6487311846163,11.882760622010357,5.941380311005179,5.941380311005179,5.941380311005179,0.0,0.8944271909999159,974.4381971166771,23.807561823924768,11.903780911962384,11.903780911962384,11.903780911962384,0.0,1.5811388300841898,2326.519460481687,19.72815247305231,9.864076236526156,9.864076236526156,9.864076236526156,0.0,1.1401754250991383,1425.3396788134398,20.12958022413781,10.064790112068906,10.064790112068906,10.064790112068906,0.0,2.073644135332772,1612.0922120027749,23.51169921549695,11.755849607748475,11.755849607748475,11.755849607748475,0.0,1.6431676725154984,2224.6518379288027,17.297398648351724,8.648699324175862,8.648699324175862,8.648699324175862,0.0,2.3874672772626644,1776.7859465900779,16.037456157383563,8.018728078691781,8.018728078691781,8.018728078691781,0.0,1.4142135623730951,1506.37090386133,25.88435821108957,12.942179105544785,12.942179105544785,12.942179105544785,0.0,1.3038404810405297,2234.6023583626684,18.622566955175646,9.311283477587823,9.311283477587823,9.311283477587823,0.0,1.3038404810405297,1957.1320088333337,15.709869509324387,7.854934754662193,7.854934754662193,7.854934754662193,0.0,0.5477225575051661,1244.2985172377246,27.10719461692781,13.553597308463905,13.553597308463905,13.553597308463905,0.0,1.6431676725154984,2339.934571734859,21.354156504062622,10.677078252031311,10.677078252031311,10.677078252031311,0.0,1.1401754250991378,1509.8493964631043,23.40939982143925,11.704699910719626,11.704699910719626,11.704699910719626,0.0,1.9493588689617927,2208.7601725855166,22.494443758403985,11.247221879201993,11.247221879201993,11.247221879201993,0.0,1.3038404810405297,1977.4015778288438,21.890637268019404,10.945318634009702,10.945318634009702,10.945318634009702,0.0,0.7071067811865475,1903.776693837804,19.969977466186585,9.984988733093292,9.984988733093292,9.984988733093292,0.0,1.5811388300841898,1694.4065922912364,27.509998182479038,13.754999091239519,13.754999091239519,13.754999091239519,0.0,1.3416407864998738,2226.0312890882733,15.006665185843255,7.503332592921628,7.503332592921628,7.503332592921628,0.0,1.5165750888103104,1437.522799819189
0.0,26.076809620810597,13.038404810405298,13.038404810405298,13.038404810405298,0.0,2.073644135332772,2055.2646544909976,31.45155004129367,15.725775020646836,15.725775020646836,15.725775020646836,0.0,2.0,2218.0253154551683,12.853015210447703,6.4265076052238514,6.4265076052238514,6.4265076052238514,0.0,0.8944271909999159,974.4381458050583,23.731835158706122,11.865917579353061,11.865917579353061,11.865917579353061,0.0,1.5811388300841898,2327.4143808097433,19.72815247305231,9.864076236526156,9.864076236526156,9.864076236526156,0.0,1.1401754250991383,1427.6990929464093,20.12958022413781,10.064790112068906,10.064790112068906,10.064790112068906,0.0,2.073644135332772,1612.676812011632,24.88372962399327,12.441864811996634,12.441864811996634,12.441864811996634,0.0,1.8708286933869707,2226.261889356236,17.57270610919104,8.78635305459552,8.78635305459552,8.78635305459552,0.0,2.3874672772626644,1776.0789115351827,15.231546211727817,7.615773105863909,7.615773105863909,7.615773105863909,0.0,1.0954451150103321,1505.709799396949,25.752669764511797,12.876334882255899,12.876334882255899,12.876334882255899,0.0,1.3038404810405297,2230.179095947229,18.622566955175646,9.311283477587823,9.311283477587823,9.311283477587823,0.0,1.3038404810405297,1954.4287400670305,16.08726204175216,8.04363102087608,8.04363102087608,8.04363102087608,0.0,0.8366600265340757,1243.0938419926308,27.10719461692781,13.553597308463905,13.553597308463905,13.553597308463905,0.0,1.6431676725154984,2339.2972235267584,20.707486568871655,10.353743284435827,10.353743284435827,10.353743284435827,0.0,1.1401754250991378,1509.4237310974013,24.01666088364492,12.00833044182246,12.00833044182246,12.00833044182246,0.0,1.9493588689617927,2210.93052808088,22.018174311236617,11.009087155618309,11.009087155618309,11.009087155618309,0.0,1.3038404810405297,1978.614540530823,21.587033144922902,10.793516572461451,10.793516572461451,10.793516572461451,0.0,0.8366600265340757,1903.559507869402,19.969977466186585,9.984988733093292,9.984988733093292,9.984988733093292,0.0,1.5811388300841898,1693.206927696671,28.128277586798667,14.064138793399334,14.064138793399334,14.064138793399334,0.0,1.3416407864998738,2225.142399937586,15.899685531481433,7.9498427657407165,7.9498427657407165,7.9498427657407165,0.0,1.6431676725154984,1522.4901641718411
0.0,26.2449995237188,13.1224997618594,13.1224997618594,13.1224997618594,0.0,2.073644135332772,2050.9978059471446,31.45155004129367,15.725775020646836,15.725775020646836,15.725775020646836,0.0,2.0,2218.7914953866216,12.853015210447703,6.4265076052238514,6.4265076052238514,6.4265076052238514,0.0,0.8944271909999159,980.451324645951,23.790754506740637,11.895377253370318,11.895377253370318,11.895377253370318,0.0,1.5811388300841898,2329.3127312578704,19.677398201998148,9.838699100999074,9.838699100999074,9.838699100999074,0.0,1.1401754250991383,1424.9518237470347,20.415680248279752,10.207840124139876,10.207840124139876,10.207840124139876,0.0,2.073644135332772,1610.9190854912608,24.88372962399327,12.441864811996634,12.441864811996634,12.441864811996634,0.0,1.8708286933869707,2228.3812959186316,17.57270610919104,8.78635305459552,8.78635305459552,8.78635305459552,0.0,2.3874672772626644,1777.6057774433564,14.587666023048376,7.293833011524188,7.293833011524188,7.293833011524188,0.0,1.0954451150103321,1506.7497469719383,24.641428530018302,12.320714265009151,12.320714265009151,12.320714265009151,0.0,1.0,2227.698655563629,18.622566955175646,9.311283477587823,9.311283477587823,9.311283477587823,0.0,1.3038404810405297,1958.098261068632,16.649324310613927,8.324662155306964,8.324662155306964,8.324662155306964,0.0,0.8366600265340757,1242.7834887863614,26.94438717061496,13.47219358530748,13.47219358530748,13.47219358530748,0.0,1.6431676725154984,2339.372629574006,20.707486568871655,10.353743284435827,10.353743284435827,10.353743284435827,0.0,1.1401754250991378,1509.2609780949085,24.69817807045694,12.34908903522847,12.34908903522847,12.34908903522847,0.0,1.9493588689617927,2207.394278329089,22.2530896731218,11.1265448365609,11.1265448365609,11.1265448365609,0.0,1.3038404810405297,1979.8260024557715,21.587033144922902,10.793516572461451,10.793516572461451,10.793516572461451,0.0,0.8366600265340757,1903.6582676520488,20.376457003120045,10.188228501560022,10.188228501560022,10.188228501560022,0.0,1.5811388300841898,1691.1502594388235,28.76108481959608,14.38054240979804,14.38054240979804,14.38054240979804,0.0,1.3416407864998738,2223.905123875567,16.492422502470642,8.246211251235321,8.246211251235321,8.246211251235321,0.0,1.6431676725154984,1520.7523467021183
0.0,26.2449995237188,13.1224997618594,13.1224997618594,13.1224997618594,0.0,2.073644135332772,2054.1105617760695,30.83504499753487,15.417522498767434,15.417522498767434,15.417522498767434,0.0,1.9235384061671346,2218.7660985331463,12.853015210447703,6.4265076052238514,6.4265076052238514,6.4265076052238514,0.0,0.8944271909999159,977.858629864256,24.26520142096496,12.13260071048248,12.13260071048248,12.13260071048248,0.0,1.7888543819998317,2328.4456618096115,20.94755355644186,10.47377677822093,10.47377677822093,10.47377677822093,0.0,1.1401754250991383,1422.928845726307,19.667231630303235,9.833615815151617,9.833615815151617,9.833615815151617,0.0,1.6733200530681511,1613.5102106897248,25.573423705088846,12.786711852544423,12.786711852544423,12.786711852544423,0.0,1.8708286933869707,2229.23255852771,17.57270610919104,8.78635305459552,8.78635305459552,8.78635305459552,0.0,2.3874672772626644,1781.6713221018067,14.872793954062566,7.436396977031283,7.436396977031283,7.436396977031283,0.0,1.0954451150103321,1508.3847983853457,25.19523764523764,12.59761882261882,12.59761882261882,12.59761882261882,0.0,1.0,2229.5285824586326,18.973665961010276,9.486832980505138,9.486832980505138,9.486832980505138,0.0,1.51657508881031,1954.4304285392202,17.111399708965948,8.555699854482974,8.555699854482974,8.555699854482974,0.0,0.8366600265340757,1239.2218122676827,26.58571044753177,13.292855223765885,13.292855223765885,13.292855223765885,0.0,1.6431676725154984,2335.166332405467,20.707486568871655,10.353743284435827,10.353743284435827,10.353743284435827,0.0,1.1401754250991378,1513.7240501491676,24.551985663078252,12.275992831539126,12.275992831539126,12.275992831539126,0.0,1.9493588689617927,2208.050429677728,22.733235581412515,11.366617790706258,11.366617790706258,11.366617790706258,0.0,1.3038404810405297,1983.159146412612,21.587033144922902,10.793516572461451,10.793516572461451,10.793516572461451,0.0,0.8366600265340757,1903.8299556420473,20.12958022413781,10.064790112068906,10.064790112068906,10.064790112068906,0.0,1.5811388300841898,1693.339097759217,28.76108481959608,14.38054240979804,14.38054240979804,14.38054240979804,0.0,1.3416407864998738,2228.3937713070372,16.161683080669537,8.080841540334768,8.080841540334768,8.080841540334768,0.0,1.3416407864998738,1520.2095908130564
0.0,27.640549922170507,13.820274961085254,13.820274961085254,13.820274961085254,0.0,2.073644135332772,2049.8965339743368,30.48278202526797,15.241391012633985,15.241391012633985,15.241391012633985,0.0,1.816590212458495,2217.862033580989,12.569805089976535,6.284902544988268,6.284902544988268,6.284902544988268,0.0,0.8366600265340756,980.4796275293027,23.212065827926647,11.606032913963324,11.606032913963324,11.606032913963324,0.0,1.5165750888103102,2322.85287954274,20.620378270051205,10.310189135025603,10.310189135025603,10.310189135025603,0.0,1.1401754250991383,1422.418292908243,20.228692493584454,10.114346246792227,10.114346246792227,10.114346246792227,0.0,1.6733200530681511,1615.4441494524037,25.573423705088846,12.786711852544423,12.786711852544423,12.786711852544423,0.0,1.8708286933869707,2229.1843351324715,17.26267650163207,8.631338250816034,8.631338250816034,8.631338250816034,0.0,2.3874672772626644,1782.1042337641195,14.872793954062566,7.436396977031283,7.436396977031283,7.436396977031283,0.0,1.0954451150103321,1505.5680987587375,24.14125100321025,12.070625501605125,12.070625501605125,12.070625501605125,0.0,1.0,2227.4721771550817,18.973665961010276,9.486832980505138,9.486832980505138,9.486832980505138,0.0,1.51657508881031,1959.1780929767463,14.587666023048376,7.293833011524188,7.293833011524189,7.293833011524189,0.0,0.8366600265340752,1161.7122277052954,26.58571044753177,13.292855223765885,13.292855223765885,13.292855223765885,0.0,1.6431676725154984,2334.0786619135183,20.707486568871655,10.353743284435827,10.353743284435827,10.353743284435827,0.0,1.1401754250991378,1512.8751435594413,24.551985663078252,12.275992831539126,12.275992831539126,12.275992831539126,0.0,1.9493588689617927,2209.4731725006304,17.435595774162696,8.717797887081348,8.717797887081348,8.717797887081348,0.0,1.0,1545.3971981338648,22.018174311236617,11.009087155618309,11.009087155618309,11.009087155618309,0.0,0.8366600265340757,1904.6551393887557,20.36663938896155,10.183319694480774,10.183319694480774,10.183319694480774,0.0,1.5811388300841898,1692.8639933556387,28.76108481959608,14.38054240979804,14.38054240979804,14.38054240979804,0.0,1.3416407864998738,2228.677926484668,15.530614926653742,7.765307463326871,7.765307463326871,7.765307463326871,0.0,1.3416407864998738,1522.1245021350915
0.0,27.799280566230486,13.899640283115243,13.899640283115243,13.899640283115243,0.0,2.073644135332772,2055.271685203686,30.48278202526797,15.241391012633985,15.241391012633985,15.241391012633985,0.0,1.816590212458495,2218.0336561918984,12.569805089976535,6.284902544988268,6.284902544988268,6.284902544988268,0.0,0.8366600265340756,970.2281690406644,22.600884938426635,11.300442469213317,11.300442469213317,11.300442469213317,0.0,1.3416407864998738,2318.4810329178886,20.620378270051205,10.310189135025603,10.310189135025603,10.310189135025603,0.0,1.1401754250991383,1423.7660271266484,20.228692493584454,10.114346246792227,10.114346246792227,10.114346246792227,0.0,1.6733200530681511,1618.9336922801995,25.635912310662945,12.817956155331473,12.817956155331473,12.817956155331473,0.0,1.4832396974191329,2231.8892893689863,16.69730517179344,8.348652585896719,8.34865258589672,8.34865258589672,0.0,2.073644135332772,1779.766417258175,14.99333185119305,7.496665925596525,7.496665925596525,7.496665925596525,0.0,0.8944271909999159,1503.277652331731,23.647410006171924,11.823705003085962,11.823705003085962,11.823705003085962,0.0,1.0,2228.301438315741,18.89973544788392,9.44986772394196,9.44986772394196,9.44986772394196,0.0,1.3416407864998738,1958.7708390722994,14.587666023048376,7.293833011524188,7.293833011524189,7.293833011524189,0.0,0.8366600265340752,1160.5413822867326,26.58571044753177,13.292855223765885,13.292855223765885,13.292855223765885,0.0,1.6431676725154984,2331.7229037773764,20.707486568871655,10.353743284435827,10.353743284435827,10.353743284435827,0.0,1.1401754250991378,1513.423437112033,26.623298067669978,13.311649033834989,13.311649033834989,13.311649033834989,0.0,2.8284271247461903,2385.3421767117607,17.435595774162696,8.717797887081348,8.717797887081348,8.717797887081348,0.0,1.0,1548.1809648745846,22.018174311236617,11.009087155618309,11.009087155618309,11.009087155618309,0.0,0.8366600265340757,1908.5630196564116,20.36663938896155,10.183319694480774,10.183319694480774,10.183319694480774,0.0,1.5811388300841898,1691.2469364347714,28.94822965226026,14.47411482613013,14.47411482613013,14.47411482613013,0.0,1.3416407864998738,2230.752832565724,15.192103211866355,7.5960516059331775,7.5960516059331775,7.5960516059331775,0.0,1.1401754250991378,1518.67254535005
0.0,26.743223440714846,13.371611720357423,13.371611720357423,13.371611720357423,0.0,1.8165902124584952,2055.7715826423905,29.913207785190806,14.956603892595403,14.956603892595403,14.956603892595403,0.0,1.816590212458495,2220.0109684413724,13.446189051177289,6.723094525588644,6.723094525588644,6.723094525588644,0.0,0.8366600265340756,969.253733549683,22.521101216414795,11.260550608207398,11.260550608207398,11.260550608207398,0.0,1.3416407864998738,2317.904333660041,23.807561823924768,11.903780911962384,11.903780911962384,11.903780911962384,0.0,2.701851217221259,1656.853855957127,20.228692493584454,10.114346246792227,10.114346246792227,10.114346246792227,0.0,1.6733200530681511,1622.6845657736442,25.635912310662945,12.817956155331473,12.817956155331473,12.817956155331473,0.0,1.4832396974191329,2234.055997507672,16.284962388657824,8.142481194328912,8.142481194328912,8.142481194328912,0.0,2.073644135332772,1782.6636530764854,14.352700094407323,7.176350047203662,7.176350047203662,7.176350047203662,0.0,0.8944271909999159,1501.695475121371,24.26520142096496,12.13260071048248,12.13260071048248,12.13260071048248,0.0,1.0,2231.5085032327347,18.253766734567417,9.126883367283709,9.126883367283709,9.126883367283709,0.0,1.0,1956.1918873157613,14.587666023048376,7.293833011524188,7.293833011524189,7.293833011524189,0.0,0.8366600265340752,1162.4936558966676,26.252618916976648,13.126309458488324,13.126309458488324,13.126309458488324,0.0,1.6431676725154984,2326.7826069489174,21.147103820618085,10.573551910309043,10.573551910309043,10.573551910309043,0.0,1.1401754250991378,1509.7348442690193,26.623298067669978,13.311649033834989,13.311649033834989,13.311649033834989,0.0,2.8284271247461903,2385.4319944194594,17.34358671094304,8.67179335547152,8.67179335547152,8.67179335547152,0.0,1.0,1549.1062907366943,22.297981971469973,11.148990985734986,11.148990985734986,11.148990985734986,0.0,0.8366600265340757,1909.5280306924012,19.697715603592208,9.848857801796104,9.848857801796104,9.848857801796104,0.0,1.3038404810405297,1688.1434476963148,31.893573020281064,15.946786510140532,15.946786510140532,15.946786510140532,0.0,1.7888543819998317,2410.9222924018104,15.192103211866355,7.5960516059331775,7.5960516059331775,7.5960516059331775,0.0,1.1401754250991378,1517.6661358810113
0.0,26.743223440714846,13.371611720357423,13.371611720357423,13.371611720357423,0.0,1.8165902124584952,2058.2865446773926,30.83504499753487,15.417522498767434,15.417522498767434,15.417522498767434,0.0,1.816590212458495,2219.341974550114,13.446189051177289,6.723094525588644,6.723094525588644,6.723094525588644,0.0,0.8366600265340756,973.6255953907539,23.03909720453473,11.519548602267365,11.519548602267365,11.519548602267365,0.0,1.3416407864998738,2319.110777862929,23.815961034566715,11.907980517283358,11.907980517283358,11.907980517283358,0.0,2.701851217221259,1659.1355580542538,19.76866206904251,9.884331034521255,9.884331034521255,9.884331034521255,0.0,1.6733200530681511,1617.5370784003685,25.635912310662945,12.817956155331473,12.817956155331473,12.817956155331473,0.0,1.4832396974191329,2229.6442092854186,16.73320053068151,8.366600265340756,8.366600265340756,8.366600265340756,0.0,2.073644135332772,1782.1352922828278,14.184498581197715,7.092249290598858,7.092249290598858,7.092249290598858,0.0,0.8944271909999159,1497.5005175291258,23.891421054428722,11.945710527214361,11.945710527214361,11.945710527214361,0.0,0.8366600265340756,2231.8974662828937,17.572706109191035,8.786353054595518,8.786353054595518,8.786353054595518,0.0,1.0,1951.8877529202339,14.587666023048376,7.293833011524188,7.293833011524189,7.293833011524189,0.0,0.8366600265340752,1160.1050383478214,27.10719461692781,13.553597308463905,13.553597308463905,13.553597308463905,0.0,1.6431676725154984,2328.5682940382057,21.147103820618085,10.573551910309043,10.573551910309043,10.573551910309043,0.0,1.1401754250991378,1508.2018101036745,26.795522013948524,13.397761006974262,13.397761006974262,13.397761006974262,0.0,2.8284271247461903,2384.1277860047685,16.55294535724685,8.276472678623424,8.276472678623424,8.276472678623424,0.0,1.0,1550.1231241420794,22.244100341438852,11.122050170719426,11.122050170719426,11.122050170719426,0.0,0.8366600265340757,1909.086247396906,20.36663938896155,10.183319694480774,10.183319694480774,10.183319694480774,0.0,1.3038404810405297,1688.4260422061725,31.285779517218362,15.642889758609181,15.642889758609181,15.642889758609181,0.0,1.7888543819998317,2408.471195592756,14.899664425751341,7.449832212875671,7.449832212875671,7.449832212875671,0.0,1.1401754250991378,1520.682971562449
0.0,26.2449995237188,13.1224997618594,13.1224997618594,13.1224997618594,0.0,1.8165902124584952,2058.401612902594,30.83504499753487,15.417522498767434,15.417522498767434,15.417522498767434,0.0,1.816590212458495,2223.8402145837726,13.957077057894322,6.978538528947161,6.978538528947161,6.978538528947161,0.0,0.8366600265340756,972.2320710612257,23.57965224510319,11.789826122551595,11.789826122551595,11.789826122551595,0.0,1.3416407864998738,2321.806667231361,24.08318915758459,12.041594578792296,12.041594578792296,12.041594578792296,0.0,2.6457513110645907,1660.6492103993546,19.57549488518745,9.787747442593725,9.787747442593725,9.787747442593725,0.0,1.6733200530681511,1614.0287481950252,25.635912310662945,12.817956155331473,12.817956155331473,12.817956155331473,0.0,1.4832396974191329,2229.701504686221,16.73320053068151,8.366600265340756,8.366600265340756,8.366600265340756,0.0,2.073644135332772,1786.6879973851057,14.463747785411636,7.231873892705818,7.231873892705818,7.231873892705818,0.0,0.8944271909999159,1496.03526027965,23.891421054428722,11.945710527214361,11.945710527214361,11.945710527214361,0.0,0.8366600265340756,2229.4029469793027,17.944358444926362,8.972179222463181,8.972179222463181,8.972179222463181,0.0,1.0,1952.849891824766,13.784048752090222,6.892024376045111,6.892024376045111,6.892024376045111,0.0,0.7071067811865476,921.4235182585694,26.758176320519304,13.379088160259652,13.379088160259652,13.379088160259652,0.0,1.51657508881031,2330.6682089049054,22.40535650240808,11.20267825120404,11.20267825120404,11.20267825120404,0.0,1.1401754250991378,1510.236306013069,26.053790511171307,13.026895255585654,13.026895255585654,13.026895255585654,0.0,2.3874672772626644,2380.085355612273,16.88786546606764,8.44393273303382,8.44393273303382,8.44393273303382,0.0,1.30384048104053,1548.188941957667,22.0,11.0,11.0,11.0,0.0,0.8366600265340757,1904.5590565797638,21.743964679883014,10.871982339941507,10.871982339941507,10.871982339941507,0.0,1.3038404810405297,1689.8850552626352,31.285779517218362,15.642889758609181,15.642889758609181,15.642889758609181,0.0,1.7888543819998317,2404.8916399705,15.594870951694343,7.797435475847172,7.797435475847172,7.797435475847172,0.0,1.1401754250991378,1525.6034871486104
0.0,25.88435821108957,12.942179105544785,12.942179105544785,12.942179105544785,0.0,1.6431676725154984,2061.2769585865944,30.28530997034701,15.142654985173506,15.142654985173506,15.142654985173506,0.0,1.5165750888103102,2224.2668455021308,13.594116374373144,6.797058187186572,6.797058187186572,6.797058187186572,0.0,0.8366600265340756,974.4476897196689,23.03909720453473,11.519548602267365,11.519548602267365,11.519548602267365,0.0,1.3416407864998738,2323.5355603045973,24.08318915758459,12.041594578792296,12.041594578792296,12.041594578792296,0.0,2.6457513110645907,1660.3735121953737,19.57549488518745,9.787747442593725,9.787747442593725,9.787747442593725,0.0,1.6733200530681511,1615.1350717509665,26.3666455962832,13.1833227981416,13.1833227981416,13.1833227981416,0.0,1.4832396974191329,2230.7281770758177,16.407315441594946,8.203657720797473,8.203657720797473,8.203657720797473,0.0,2.073644135332772,1783.5360383238683,14.463747785411636,7.231873892705818,7.231873892705818,7.231873892705818,0.0,0.8944271909999159,1494.2094230729506,24.437675830569486,12.218837915284743,12.218837915284743,12.218837915284743,0.0,0.8366600265340756,2230.507632804694,17.515707236649053,8.757853618324527,8.757853618324527,8.757853618324527,0.0,1.0,1954.0186283656562,13.66747965061591,6.833739825307955,6.833739825307957,6.833739825307957,0.0,0.7071067811865476,922.1825741142586,26.758176320519304,13.379088160259652,13.379088160259652,13.379088160259652,0.0,1.51657508881031,2329.823920385401,21.92715211786519,10.963576058932595,10.963576058932595,10.963576058932595,0.0,1.3038404810405297,1512.1843472275461,26.252618916976648,13.126309458488324,13.126309458488324,13.126309458488324,0.0,2.3874672772626644,2382.805384415605,16.468151080191124,8.234075540095562,8.234075540095562,8.234075540095562,0.0,1.30384048104053,1545.3243996002911,21.32604042010612,10.66302021005306,10.66302021005306,10.66302021005306,0.0,0.5477225575051662,1901.343866847867,22.387496510329154,11.193748255164577,11.193748255164577,11.193748255164577,0.0,1.3038404810405297,1689.951093966923,31.937438845342626,15.968719422671313,15.968719422671313,15.968719422671313,0.0,1.7888543819998317,2405.0963182375876,14.899664425751341,7.449832212875671,7.449832212875671,7.449832212875671,0.0,1.1401754250991378,1522.7531645017193
0.0,26.053790511171304,13.026895255585652,13.026895255585652,13.026895255585652,0.0,1.6431676725154984,2062.5504357469663,30.28530997034701,15.142654985173506,15.142654985173506,15.142654985173506,0.0,1.5165750888103102,2222.822934918569,13.6088206689632,6.8044103344816,6.8044103344816,6.8044103344816,0.0,0.8366600265340756,975.1684469874936,23.03909720453473,11.519548602267365,11.519548602267365,11.519548602267365,0.0,1.3416407864998738,2323.752288863854,24.08318915758459,12.041594578792296,12.041594578792296,12.041594578792296,0.0,2.6457513110645907,1688.4558922281624,19.62651268055535,9.813256340277675,9.813256340277675,9.813256340277675,0.0,1.6733200530681511,1617.5326271825245,26.3666455962832,13.1833227981416,13.1833227981416,13.1833227981416,0.0,1.4832396974191329,2229.2228915027763,17.123083834403193,8.561541917201597,8.561541917201597,8.561541917201597,0.0,2.073644135332772,1787.1928547305686,14.791889669680478,7.395944834840239,7.395944834840239,7.395944834840239,0.0,0.8944271909999159,1492.843863235536,25.00399968005119,12.501999840025595,12.501999840025595,12.501999840025595,0.0,0.8366600265340756,2233.6399665120607,17.123083834403197,8.561541917201598,8.561541917201598,8.561541917201598,0.0,1.0,1952.633683003548,13.6088206689632,6.8044103344816,6.8044103344816005,6.8044103344816005,0.0,0.7071067811865476,922.9168434913299,26.099808428415717,13.049904214207858,13.049904214207858,13.049904214207858,0.0,1.51657508881031,2326.712423141287,22.733235581412515,11.366617790706258,11.366617790706258,11.366617790706258,0.0,1.3038404810405297,1512.4518835321671,27.22498852157701,13.612494260788505,13.612494260788505,13.612494260788505,0.0,2.8284271247461903,2466.568202989733,18.952572384771415,9.476286192385707,9.476286192385707,9.476286192385707,0.0,1.30384048104053,1622.5821396773724,21.66102490649969,10.830512453249845,10.830512453249845,10.830512453249845,0.0,0.5477225575051662,1898.775605488969,22.387496510329154,11.193748255164577,11.193748255164577,11.193748255164577,0.0,1.3038404810405297,1691.6192834086517,32.60061349115995,16.300306745579974,16.300306745579974,16.300306745579974,0.0,1.7888543819998317,2403.2831085829234,14.24078649513432,7.12039324756716,7.12039324756716,7.12039324756716,0.0,1.1401754250991378,1526.505715678785
0.0,26.252618916976648,13.126309458488324,13.126309458488324,13.126309458488324,0.0,1.6431676725154984,2062.2443599147023,29.752310834622577,14.876155417311288,14.876155417311288,14.876155417311288,0.0,1.5165750888103102,2223.8289502567413,13.114877048604,6.557438524302,6.557438524302,6.557438524302,0.0,0.7071067811865476,975.3554223973946,22.777181564012697,11.388590782006348,11.388590782006348,11.388590782006348,0.0,1.3416407864998738,2321.800443621286,24.265201420964964,12.132600710482482,12.132600710482482,12.132600710482482,0.0,2.6457513110645907,1686.826013553265,19.849433241279208,9.924716620639604,9.924716620639604,9.924716620639604,0.0,1.6733200530681511,1616.9393000357188,25.86116780039138,12.93058390019569,12.93058390019569,12.93058390019569,0.0,1.4832396974191329,2232.1139531842905,17.123083834403193,8.561541917201597,8.561541917201597,8.561541917201597,0.0,2.073644135332772,1788.490760389888,14.791889669680478,7.395944834840239,7.395944834840239,7.395944834840239,0.0,0.8944271909999159,1494.0537808258443,25.58906016249913,12.794530081249565,12.794530081249565,12.794530081249565,0.0,0.8366600265340756,2234.891317268023,16.45600194457937,8.228000972289685,8.228000972289685,8.228000972289685,0.0,1.0,1949.0742161344192,13.6088206689632,6.8044103344816,6.8044103344816005,6.8044103344816005,0.0,0.7071067811865476,921.8783542311859,26.60826939130014,13.30413469565007,13.30413469565007,13.30413469565007,0.0,1.51657508881031,2327.1831685537777,22.653917983430592,11.326958991715296,11.326958991715296,11.326958991715296,0.0,1.3038404810405297,1511.4872477133242,26.472627372438875,13.236313686219438,13.236313686219438,13.236313686219438,0.0,2.3874672772626644,2470.28348575624,18.33030277982336,9.16515138991168,9.16515138991168,9.16515138991168,0.0,1.1401754250991378,1624.2466561455499,21.651789764358973,10.825894882179487,10.825894882179487,10.825894882179487,0.0,0.5477225575051662,1899.6343595544906,22.423202269078338,11.211601134539169,11.211601134539169,11.211601134539169,0.0,1.3038404810405297,1691.0834396918444,32.545352970892786,16.272676485446393,16.272676485446393,16.272676485446393,0.0,1.7888543819998317,2403.4686392794893,14.872793954062566,7.436396977031283,7.436396977031283,7.436396977031283,0.0,1.1401754250991378,1528.8344580104151
0.0,25.667099563448925,12.833549781724463,12.833549781724463,12.833549781724463,0.0,1.5811388300841898,2063.3518362121376,29.812748950742535,14.906374475371267,14.906374475371267,14.906374475371267,0.0,1.5165750888103102,2224.536963055458,12.457929201917949,6.2289646009589745,6.2289646009589745,6.2289646009589745,0.0,0.7071067811865476,977.5324547041904,22.018174311236614,11.009087155618307,11.009087155618307,11.009087155618307,0.0,1.3416407864998738,2321.3553153276644,24.33105012119288,12.16552506059644,12.16552506059644,12.16552506059644,0.0,2.6457513110645907,1687.9220064920064,19.8292712927127,9.91463564635635,9.91463564635635,9.91463564635635,0.0,1.6733200530681511,1616.8016885196528,24.995999679948792,12.497999839974396,12.497999839974396,12.497999839974396,0.0,1.5165750888103104,2232.635662171506,16.994116628998402,8.497058314499201,8.497058314499201,8.497058314499201,0.0,2.073644135332772,1788.9380369369978,15.297058540778355,7.648529270389178,7.648529270389178,7.648529270389178,0.0,0.8944271909999159,1490.383776079168,25.88435821108957,12.942179105544785,12.942179105544785,12.942179105544785,0.0,0.8366600265340756,2234.9941386947753,16.06237840420901,8.031189202104505,8.031189202104505,8.031189202104505,0.0,1.0,1952.8931614402259,13.535139452550903,6.767569726275452,6.767569726275451,6.767569726275451,0.0,0.7071067811865476,919.3116990444536,26.252618916976648,13.126309458488324,13.126309458488324,13.126309458488324,0.0,1.3416407864998738,2326.2380144774525,22.494443758403985,11.247221879201993,11.247221879201993,11.247221879201993,0.0,1.3038404810405297,1515.559566628775,27.22498852157701,13.612494260788505,13.612494260788505,13.612494260788505,0.0,2.8284271247461903,2494.721727968873,18.077610461562667,9.038805230781334,9.038805230781334,9.038805230781334,0.0,1.1401754250991378,1621.592828055181,22.22611077089287,11.113055385446435,11.113055385446435,11.113055385446435,0.0,0.8944271909999159,1897.4894729615762,22.60088493842664,11.30044246921332,11.30044246921332,11.30044246921332,0.0,1.3416407864998738,1690.0391415585616,32.545352970892786,16.272676485446393,16.272676485446393,16.272676485446393,0.0,1.7888543819998317,2404.734808663941,14.872793954062566,7.436396977031283,7.436396977031283,7.436396977031283,0.0,1.1401754250991378,1529.2569110519003
0.0,25.612496949731394,12.806248474865697,12.806248474865697,12.806248474865697,0.0,1.5811388300841898,2059.962329752658,29.543188724306656,14.771594362153328,14.771594362153328,14.771594362153328,0.0,1.5165750888103102,2225.461704905299,12.457929201917949,6.2289646009589745,6.2289646009589745,6.2289646009589745,0.0,0.7071067811865476,975.031435390675,21.79908254950194,10.89954127475097,10.89954127475097,10.89954127475097,0.0,1.3038404810405297,2321.4574516884863,25.075884829851965,12.537942414925983,12.537942414925983,12.537942414925983,0.0,2.6457513110645907,1686.175168836263,20.75572210259137,10.377861051295685,10.377861051295685,10.377861051295685,0.0,1.6733200530681511,1618.0512043813694,24.995999679948792,12.497999839974396,12.497999839974396,12.497999839974396,0.0,1.5165750888103104,2232.4089455115522,16.087262041752165,8.043631020876083,8.043631020876083,8.043631020876083,0.0,1.6431676725154984,1790.6051491046258,14.656056768449009,7.328028384224504,7.328028384224504,7.328028384224504,0.0,0.5477225575051663,1494.792360162441,26.472627372438875,13.236313686219438,13.236313686219438,13.236313686219438,0.0,0.8366600265340756,2237.4535749373663,15.786069808536892,7.893034904268446,7.893034904268446,7.893034904268446,0.0,1.0,1947.8409329306128,13.520355024924458,6.760177512462229,6.760177512462229,6.760177512462229,0.0,0.7071067811865476,916.3104277481514,31.451550041293675,15.725775020646838,15.725775020646838,15.725775020646838,0.0,2.4899799195977463,2825.3173804017133,22.733235581412515,11.366617790706258,11.366617790706258,11.366617790706258,0.0,1.3038404810405297,1516.8125131340394,26.38181191654584,13.19090595827292,13.19090595827292,13.19090595827292,0.0,2.5099800796022267,2491.926925092307,17.58408371226661,8.792041856133306,8.792041856133306,8.792041856133306,0.0,0.8944271909999157,1623.8022354954437,22.22611077089287,11.113055385446435,11.113055385446435,11.113055385446435,0.0,0.8944271909999159,1894.7404043826164,22.60088493842664,11.30044246921332,11.30044246921332,11.30044246921332,0.0,1.3416407864998738,1688.9580515809148,31.843366656181317,15.921683328090658,15.921683328090658,15.921683328090658,0.0,1.51657508881031,2406.668277931132,14.872793954062566,7.436396977031283,7.436396977031283,7.436396977031283,0.0,1.1401754250991378,1528.577018013813
0.0,25.612496949731394,12.806248474865697,12.806248474865697,12.806248474865697,0.0,1.5811388300841898,2059.02372497259,29.543188724306656,14.771594362153328,14.771594362153328,14.771594362153328,0.0,1.5165750888103102,2224.3427119039006,12.033287165193059,6.016643582596529,6.016643582596529,6.016643582596529,0.0,0.44721359549995804,1088.7888684221564,21.475567512873788,10.737783756436894,10.737783756436894,10.737783756436894,0.0,1.3038404810405297,2318.230941903761,25.651510676761323,12.825755338380661,12.825755338380661,12.825755338380661,0.0,3.03315017762062,1780.1789797657987,21.099763031844695,10.549881515922348,10.549881515922348,10.549881515922348,0.0,1.6733200530681511,1614.8367409741456,24.14125100321025,12.070625501605125,12.070625501605125,12.070625501605125,0.0,1.0954451150103321,2236.925524017284,15.937377450509228,7.968688725254614,7.968688725254614,7.968688725254614,0.0,1.6431676725154984,1789.7359581793064,14.25482374496437,7.127411872482185,7.127411872482185,7.127411872482185,0.0,0.5477225575051663,1497.5241901218158,25.946097972527586,12.973048986263793,12.973048986263793,12.973048986263793,0.0,0.8366600265340756,2239.913234926746,14.966629547095765,7.483314773547883,7.483314773547883,7.483314773547883,0.0,1.0,1946.127308271481,14.310835055998654,7.155417527999327,7.155417527999327,7.155417527999327,0.0,0.7071067811865476,914.6851917463188,31.144823004794876,15.572411502397438,15.572411502397438,15.572411502397438,0.0,2.4899799195977463,2827.306792691589,22.117866081518805,11.058933040759403,11.058933040759403,11.058933040759403,0.0,1.3038404810405297,1517.460312495849,26.623298067669978,13.311649033834989,13.311649033834989,13.311649033834989,0.0,2.5099800796022267,2494.27915438509,17.72004514666935,8.860022573334675,8.860022573334675,8.860022573334675,0.0,0.8944271909999157,1625.704001348339,22.22611077089287,11.113055385446435,11.113055385446435,11.113055385446435,0.0,0.8944271909999159,1895.842741368598,22.645087767549057,11.322543883774529,11.322543883774529,11.322543883774529,0.0,1.140175425099138,1691.0832918576189,31.843366656181317,15.921683328090658,15.921683328090658,15.921683328090658,0.0,1.51657508881031,2407.423934416205,14.240786495134321,7.1203932475671605,7.1203932475671605,7.1203932475671605,0.0,0.8366600265340756,1528.4229781052102
0.0,25.234896472940004,12.617448236470002,12.617448236470002,12.617448236470002,0.0,1.5811388300841898,2055.837493577739,30.476220238080707,15.238110119040353,15.238110119040353,15.238110119040353,0.0,1.5165750888103102,2221.9756524318623,12.033287165193059,6.016643582596529,6.016643582596529,6.016643582596529,0.0,0.44721359549995804,1088.2273659488628,21.475567512873788,10.737783756436894,10.737783756436894,10.737783756436894,0.0,1.3038404810405297,2320.1541543613002,25.075884829851965,12.537942414925983,12.537942414925983,12.537942414925983,0.0,2.6457513110645907,1782.1403704534612,25.274493071078595,12.637246535539298,12.637246535539298,12.637246535539298,0.0,1.7888543819998317,2109.6387131449783,24.14125100321025,12.070625501605125,12.070625501605125,12.070625501605125,0.0,1.0954451150103321,2237.2180716237744,15.937377450509228,7.968688725254614,7.968688725254614,7.968688725254614,0.0,1.6431676725154984,1794.1320185538186,14.142135623730951,7.0710678118654755,7.0710678118654755,7.0710678118654755,0.0,0.5477225575051663,1495.9633351121945,25.768197453450252,12.884098726725126,12.884098726725126,12.884098726725126,0.0,0.8366600265340756,2240.468700964153,15.27088733505686,7.63544366752843,7.63544366752843,7.63544366752843,0.0,1.0,1941.2700739464358,15.139352694220452,7.569676347110226,7.569676347110226,7.569676347110226,0.0,0.7071067811865476,916.6612242262678,29.74558790812513,14.872793954062566,14.872793954062566,14.872793954062566,0.0,2.1213203435596424,2823.7836850580466,21.69792616818483,10.848963084092414,10.848963084092414,10.848963084092414,0.0,1.0,1520.5207002865827,27.22498852157701,13.612494260788505,13.612494260788505,13.612494260788505,0.0,2.5099800796022267,2495.545391292252,17.72004514666935,8.860022573334675,8.860022573334675,8.860022573334675,0.0,0.8944271909999157,1632.0061274394777,23.177575369309018,11.588787684654509,11.588787684654509,11.588787684654509,0.0,0.8944271909999159,1892.9147365901085,22.645087767549057,11.322543883774529,11.322543883774529,11.322543883774529,0.0,1.140175425099138,1691.8166862872586,31.89357302028106,15.94678651014053,15.94678651014053,15.94678651014053,0.0,1.5165750888103104,2409.802523029636,14.240786495134321,7.1203932475671605,7.1203932475671605,7.1203932475671605,0.0,0.8366600265340756,1533.166494546499
0.0,24.560130292814,12.280065146407,12.280065146407,12.280065146407,0.0,1.5811388300841898,2049.3148855166205,31.260198335903116,15.630099167951558,15.630099167951558,15.630099167951558,0.0,1.5165750888103102,2217.90926324771,11.74734012447073,5.873670062235365,5.873670062235365,5.873670062235365,0.0,0.44721359549995804,1088.7679734452147,21.447610589527216,10.723805294763608,10.723805294763608,10.723805294763608,0.0,1.3038404810405297,2322.17940736714,25.830214865540704,12.915107432770352,12.915107432770352,12.915107432770352,0.0,2.6457513110645907,1784.744575562565,25.274493071078595,12.637246535539298,12.637246535539298,12.637246535539298,0.0,1.7888543819998317,2109.885707805046,24.883729623993265,12.441864811996632,12.441864811996632,12.441864811996632,0.0,1.0954451150103321,2236.1695597606185,15.270887335056862,7.635443667528431,7.635443667528431,7.635443667528431,0.0,1.5811388300841898,1795.3631944539802,14.25482374496437,7.127411872482185,7.127411872482185,7.127411872482185,0.0,0.5477225575051663,1496.7716926772766,25.768197453450252,12.884098726725126,12.884098726725126,12.884098726725126,0.0,0.8366600265340756,2243.961831226191,15.27088733505686,7.63544366752843,7.63544366752843,7.63544366752843,0.0,1.0,1940.8523385358299,15.139352694220452,7.569676347110226,7.569676347110226,7.569676347110226,0.0,0.7071067811865476,917.1312337937248,29.74558790812513,14.872793954062566,14.872793954062566,14.872793954062566,0.0,2.1213203435596424,2824.6437474485165,21.70714168194422,10.85357084097211,10.85357084097211,10.85357084097211,0.0,1.0,1520.8884903239948,28.58671019897183,14.293355099485915,14.293355099485915,14.293355099485915,0.0,2.949576240750525,2569.331138642896,17.72004514666935,8.860022573334675,8.860022573334675,8.860022573334675,0.0,0.8944271909999157,1634.174807050947,23.177575369309018,11.588787684654509,11.588787684654509,11.588787684654509,0.0,0.8944271909999159,1890.668188762904,21.881499034572563,10.940749517286282,10.940749517286282,10.940749517286282,0.0,0.8366600265340757,1687.702076789621,30.835044997534865,15.417522498767433,15.417522498767433,15.417522498767433,0.0,1.5165750888103104,2408.7218187246112,14.560219778561036,7.280109889280518,7.280109889280518,7.280109889280518,0.0,0.8366600265340756,1533.000097847355
0.0,24.14125100321025,12.070625501605125,12.070625501605125,12.070625501605125,0.0,1.5811388300841898,2053.020165512263,31.540450218727063,15.770225109363532,15.770225109363532,15.770225109363532,0.0,1.5165750888103102,2217.9247056651857,12.37739875741264,6.18869937870632,6.18869937870632,6.18869937870632,0.0,0.44721359549995804,1091.2912993330424,21.288494545176274,10.644247272588137,10.644247272588137,10.644247272588137,0.0,1.0,2317.570430429246,26.660832695172896,13.330416347586448,13.330416347586448,13.330416347586448,0.0,2.6457513110645907,1786.4801146388393,24.355697485393435,12.177848742696717,12.177848742696717,12.177848742696717,0.0,1.7888543819998317,2106.790616079348,24.883729623993265,12.441864811996632,12.441864811996632,12.441864811996632,0.0,1.0954451150103321,2236.216380406869,15.466091943344965,7.733045971672483,7.733045971672483,7.733045971672483,0.0,1.5811388300841898,1799.6882229986393,14.25482374496437,7.127411872482185,7.127411872482185,7.127411872482185,0.0,0.5477225575051663,1493.1276904538338,26.55560204551951,13.277801022759755,13.277801022759755,13.277801022759755,0.0,0.8366600265340756,2243.7450835600735,15.006665185843255,7.503332592921628,7.503332592921628,7.503332592921628,0.0,1.0,1937.863565888992,14.518953130305231,7.259476565152616,7.259476565152616,7.259476565152616,0.0,0.7071067811865476,916.0529460680752,29.223278392404914,14.611639196202457,14.611639196202457,14.611639196202457,0.0,1.788854381999832,2825.956793724915,22.018174311236617,11.009087155618309,11.009087155618309,11.009087155618309,0.0,1.0,1516.218717731713,27.712812921102035,13.856406460551018,13.856406460551018,13.856406460551018,0.0,2.5099800796022267,2570.5012546194175,17.72004514666935,8.860022573334675,8.860022573334675,8.860022573334675,0.0,0.8944271909999157,1632.298134533027,23.723406163533937,11.861703081766969,11.861703081766969,11.861703081766969,0.0,0.8944271909999159,1890.0406609382774,23.263705637752555,11.631852818876277,11.631852818876277,11.631852818876277,0.0,0.8366600265340757,1683.349547776694,31.189741903388683,15.594870951694341,15.594870951694341,15.594870951694341,0.0,1.5165750888103104,2405.4226239893896,14.926486525636232,7.463243262818116,7.463243262818116,7.463243262818116,0.0,0.8366600265340756,1529.0846281354084
0.0,23.605084198112916,11.802542099056458,11.802542099056458,11.802542099056458,0.0,1.5811388300841898,2051.229923728688,32.341923257592455,16.170961628796228,16.170961628796228,16.170961628796228,0.0,1.5165750888103102,2217.3349543990867,13.038404810405298,6.519202405202649,6.519202405202649,6.519202405202649,0.0,0.5477225575051661,1095.6705709290543,21.13764414498456,10.56882207249228,10.56882207249228,10.56882207249228,0.0,1.0,2320.224816693417,26.660832695172896,13.330416347586448,13.330416347586448,13.330416347586448,0.0,2.6457513110645907,1785.753678422643,24.979991993593593,12.489995996796797,12.489995996796797,12.489995996796797,0.0,1.7888543819998317,2103.428035374636,24.883729623993265,12.441864811996632,12.441864811996632,12.441864811996632,0.0,1.0954451150103321,2240.5736988548265,15.466091943344965,7.733045971672483,7.733045971672483,7.733045971672483,0.0,1.5811388300841898,1799.6818329915986,14.628738838327795,7.3143694191638975,7.3143694191638975,7.3143694191638975,0.0,0.5477225575051663,1494.6386854353796,27.60434748368452,13.80217374184226,13.80217374184226,13.80217374184226,0.0,0.8366600265340756,2243.2988432217408,15.453155017665487,7.726577508832744,7.726577508832744,7.726577508832744,0.0,1.0,1939.0334447863452,14.380542409798041,7.1902712048990205,7.1902712048990205,7.1902712048990205,0.0,0.7071067811865476,917.0974321194013,29.852973051272468,14.926486525636234,14.926486525636234,14.926486525636234,0.0,1.788854381999832,2834.328985844798,21.540659228538015,10.770329614269007,10.770329614269007,10.770329614269007,0.0,1.0,1518.8942359492974,27.691153822114384,13.845576911057192,13.845576911057192,13.845576911057192,0.0,2.5099800796022267,2571.486690613039,17.7426040929735,8.87130204648675,8.87130204648675,8.87130204648675,0.0,0.8944271909999157,1633.204120739352,23.426480742954116,11.713240371477058,11.713240371477058,11.713240371477058,0.0,0.8944271909999159,1889.8228223830931,22.995651762887697,11.497825881443848,11.497825881443848,11.497825881443848,0.0,0.8366600265340757,1684.271949537841,31.476975712415577,15.738487856207788,15.738487856207788,15.738487856207788,0.0,1.5165750888103104,2399.9040189140896,15.530614926653742,7.765307463326871,7.765307463326871,7.765307463326871,0.0,0.8366600265340756,1533.660001434477
0.0,23.09112383579457,11.545561917897285,11.545561917897285,11.545561917897285,0.0,1.5811388300841898,2048.104172155313,32.341923257592455,16.170961628796228,16.170961628796228,16.170961628796228,0.0,1.5165750888103102,2216.2248306523416,12.93058390019569,6.465291950097845,6.465291950097845,6.465291950097845,0.0,0.5477225575051661,1094.9848400777064,21.428952377566198,10.714476188783099,10.714476188783099,10.714476188783099,0.0,1.0,2321.996490092093,26.343879744638983,13.171939872319491,13.171939872319491,13.171939872319491,0.0,2.588435821108957,1801.3860496850752,24.979991993593593,12.489995996796797,12.489995996796797,12.489995996796797,0.0,1.7888543819998317,2101.455400430854,24.673872821265817,12.336936410632909,12.336936410632909,12.336936410632909,0.0,1.0954451150103321,2240.570396126843,16.45600194457937,8.228000972289685,8.228000972289685,8.228000972289685,0.0,1.7888543819998317,1797.0246798527837,14.628738838327795,7.3143694191638975,7.3143694191638975,7.3143694191638975,0.0,0.5477225575051663,1492.235001599949,26.17632518135424,13.08816259067712,13.08816259067712,13.08816259067712,0.0,0.5477225575051661,2244.6295239972233,15.453155017665487,7.726577508832744,7.726577508832744,7.726577508832744,0.0,1.0,1938.3569072799776,14.380542409798041,7.1902712048990205,7.1902712048990205,7.1902712048990205,0.0,0.7071067811865476,918.9076123310765,33.12400941915094,16.56200470957547,16.56200470957547,16.56200470957547,0.0,2.5495097567963922,2861.655499881144,21.540659228538015,10.770329614269007,10.770329614269007,10.770329614269007,0.0,1.0,1519.5168640064512,28.754130138121027,14.377065069060514,14.377065069060514,14.377065069060514,0.0,2.6076809620810595,2569.0344489710524,17.7426040929735,8.87130204648675,8.87130204648675,8.87130204648675,0.0,0.8944271909999157,1632.604299884084,23.426480742954116,11.713240371477058,11.713240371477058,11.713240371477058,0.0,0.8944271909999159,1890.4342093815378,22.995651762887697,11.497825881443848,11.497825881443848,11.497825881443848,0.0,0.8366600265340757,1684.3711586227068,31.641744578957717,15.820872289478858,15.820872289478858,15.820872289478858,0.0,1.5165750888103104,2402.3249780160886,14.587666023048376,7.293833011524188,7.293833011524188,7.293833011524188,0.0,0.8366600265340756,1533.1230544219209
0.0,23.09112383579457,11.545561917897285,11.545561917897285,11.545561917897285,0.0,1.5811388300841898,2047.9866454642715,31.3878957561669,15.69394787808345,15.69394787808345,15.69394787808345,0.0,1.5165750888103102,2216.0506537532033,12.521980673998822,6.260990336999411,6.260990336999411,6.260990336999411,0.0,0.5477225575051662,1094.0042504487812,21.46625258399798,10.73312629199899,10.73312629199899,10.73312629199899,0.0,1.0,2322.0312659393717,27.878306978724517,13.939153489362258,13.939153489362258,13.939153489362258,0.0,2.588435821108957,1796.185597314487,24.60081299469593,12.300406497347964,12.300406497347964,12.300406497347964,0.0,1.51657508881031,2105.6641470092045,25.24282076155516,12.62141038077758,12.62141038077758,12.62141038077758,0.0,1.0954451150103321,2237.5182233894766,17.23948955160796,8.61974477580398,8.61974477580398,8.61974477580398,0.0,1.7888543819998317,1793.3139156321738,14.628738838327795,7.3143694191638975,7.3143694191638975,7.3143694191638975,0.0,0.5477225575051663,1494.2597833040945,27.386127875258307,13.693063937629153,13.693063937629153,13.693063937629153,0.0,0.894427190999916,2248.8503062676273,16.09968943799849,8.049844718999244,8.049844718999244,8.049844718999244,0.0,1.0,1939.2611995293466,14.463747785411634,7.231873892705817,7.231873892705817,7.231873892705817,0.0,0.7071067811865476,918.8023726569278,33.12400941915094,16.56200470957547,16.56200470957547,16.56200470957547,0.0,2.5495097567963922,2860.305141064498,21.540659228538015,10.770329614269007,10.770329614269007,10.770329614269007,0.0,1.0,1519.3529214767714,28.996551519103097,14.498275759551548,14.498275759551548,14.498275759551548,0.0,2.6076809620810595,2568.933689296008,17.297398648351724,8.648699324175862,8.648699324175862,8.648699324175862,0.0,0.8944271909999157,1631.0356219285954,22.80350850198276,11.40175425099138,11.40175425099138,11.40175425099138,0.0,0.8366600265340756,1888.0451530617588,23.849528297222147,11.924764148611073,11.924764148611073,11.924764148611073,0.0,0.8366600265340757,1686.3301871223205,31.603797240205175,15.801898620102588,15.801898620102588,15.801898620102588,0.0,1.5165750888103104,2405.11710733594,14.669696656713798,7.334848328356899,7.334848328356899,7.334848328356899,0.0,1.0954451150103324,1531.3852226007666
0.0,23.849528297222147,11.924764148611073,11.924764148611073,11.924764148611073,0.0,1.5811388300841898,2048.210511641809,31.515075757484702,15.757537878742351,15.757537878742351,15.757537878742351,0.0,1.5165750888103102,2216.1974641263355,12.409673645990857,6.2048368229954285,6.2048368229954285,6.2048368229954285,0.0,0.5477225575051662,1094.3549241448131,21.288494545176274,10.644247272588137,10.644247272588137,10.644247272588137,0.0,1.0,2324.3743244150673,27.09243436828813,13.546217184144066,13.546217184144066,13.546217184144066,0.0,2.1908902300206643,1797.4066874249688,24.551985663078252,12.275992831539126,12.275992831539126,12.275992831539126,0.0,1.51657508881031,2108.5366489582293,25.24282076155516,12.62141038077758,12.62141038077758,12.62141038077758,0.0,1.0954451150103321,2237.7226816565094,18.033302526159762,9.016651263079881,9.016651263079881,9.016651263079881,0.0,1.7888543819998317,1793.7765468418856,15.059880477613362,7.529940238806681,7.529940238806681,7.529940238806681,0.0,0.8366600265340757,1495.764587092501,27.386127875258307,13.693063937629153,13.693063937629153,13.693063937629153,0.0,0.894427190999916,2255.187065411648,16.09968943799849,8.049844718999244,8.049844718999244,8.049844718999244,0.0,1.0,1939.8457412897553,14.463747785411634,7.231873892705817,7.231873892705817,7.231873892705817,0.0,0.7071067811865476,918.0742344712654,32.57606483294138,16.28803241647069,16.28803241647069,16.28803241647069,0.0,2.16794833886788,2859.8913790562046,21.614809737770074,10.807404868885037,10.807404868885037,10.807404868885037,0.0,1.0,1518.7586378355188,29.27797807226449,14.638989036132244,14.638989036132244,14.638989036132244,0.0,2.6076809620810595,2569.993482482008,17.7426040929735,8.87130204648675,8.87130204648675,8.87130204648675,0.0,0.8944271909999157,1629.7414518873845,22.199099080818574,11.099549540409287,11.099549540409287,11.099549540409287,0.0,0.8366600265340756,1887.6633174377257,23.849528297222147,11.924764148611073,11.924764148611073,11.924764148611073,0.0,0.8366600265340757,1690.4852261998624,36.3483149540663,18.17415747703315,18.17415747703315,18.17415747703315,0.0,1.8708286933869709,2850.218114460716,13.957077057894322,6.978538528947161,6.978538528947161,6.978538528947161,0.0,1.0954451150103324,1527.3542483654537
0.0,23.790754506740637,11.895377253370318,11.895377253370318,11.895377253370318,0.0,1.5811388300841898,2049.638821841546,31.515075757484702,15.757537878742351,15.757537878742351,15.757537878742351,0.0,1.5165750888103102,2217.9157558392517,12.521980673998822,6.260990336999411,6.260990336999411,6.260990336999411,0.0,0.5477225575051662,1093.1656782025311,21.559220765138985,10.779610382569492,10.779610382569492,10.779610382569492,0.0,1.0,2324.6555013592874,27.589853207293437,13.794926603646719,13.794926603646719,13.794926603646719,0.0,2.1908902300206643,1798.1244951337492,24.551985663078252,12.275992831539126,12.275992831539126,12.275992831539126,0.0,1.51657508881031,2106.416815352555,25.155516293648198,12.577758146824099,12.577758146824099,12.577758146824099,0.0,1.224744871391589,2234.6471086057413,17.7426040929735,8.87130204648675,8.87130204648675,8.87130204648675,0.0,1.7888543819998317,1797.3390887642763,15.530614926653742,7.765307463326871,7.765307463326871,7.765307463326871,0.0,0.8366600265340757,1491.999765415531,28.199290771223307,14.099645385611653,14.099645385611653,14.099645385611653,0.0,0.894427190999916,2255.112369705776,14.51895313030523,7.259476565152615,7.259476565152615,7.259476565152615,0.0,1.0,1936.1555206129492,14.463747785411634,7.231873892705817,7.231873892705817,7.231873892705817,0.0,0.7071067811865476,921.2879571556333,33.38862081608044,16.69431040804022,16.69431040804022,16.69431040804022,0.0,2.16794833886788,2865.1409214905993,22.108821768696767,11.054410884348384,11.054410884348384,11.054410884348384,0.0,1.0,1521.5244000672483,29.852973051272464,14.926486525636232,14.926486525636232,14.926486525636232,0.0,2.6076809620810595,2569.169262621675,18.253766734567417,9.126883367283709,9.126883367283709,9.126883367283709,0.0,0.8944271909999157,1632.036059650644,21.288494545176274,10.644247272588137,10.644247272588137,10.644247272588137,0.0,0.8366600265340756,1888.1806852099724,23.392306427541513,11.696153213770756,11.696153213770756,11.696153213770756,0.0,0.8366600265340756,1688.3553535911803,36.3483149540663,18.17415747703315,18.17415747703315,18.17415747703315,0.0,1.8708286933869709,2849.1066143617722,12.083045973594572,6.041522986797286,6.041522986797286,6.041522986797286,0.0,0.44721359549995787,1339.3017583800897
0.0,23.790754506740637,11.895377253370318,11.895377253370318,11.895377253370318,0.0,1.5811388300841898,2052.6500432367907,32.323366161339074,16.161683080669537,16.161683080669537,16.161683080669537,0.0,1.5165750888103102,2216.5420591543034,12.521980673998822,6.260990336999411,6.260990336999411,6.260990336999411,0.0,0.5477225575051662,1093.0863186409388,21.559220765138985,10.779610382569492,10.779610382569492,10.779610382569492,0.0,1.0,2323.256615184814,27.33495930123182,13.66747965061591,13.66747965061591,13.66747965061591,0.0,2.1908902300206643,1801.5982626545797,24.0249869927124,12.0124934963562,12.0124934963562,12.0124934963562,0.0,1.51657508881031,2107.683372805318,24.60081299469593,12.300406497347964,12.300406497347964,12.300406497347964,0.0,1.224744871391589,2230.645489538846,17.7426040929735,8.87130204648675,8.87130204648675,8.87130204648675,0.0,1.7888543819998317,1799.539746713031,15.323185047502363,7.661592523751182,7.661592523751182,7.661592523751182,0.0,0.8366600265340757,1495.6499590479052,27.62607463973121,13.813037319865606,13.813037319865606,13.813037319865606,0.0,0.894427190999916,2252.529844419381,14.872793954062566,7.436396977031283,7.436396977031283,7.436396977031283,0.0,1.0,1935.4305205819194,14.79188966968048,7.39594483484024,7.39594483484024,7.39594483484024,0.0,0.7071067811865476,924.7208768055362,32.69250678672408,16.34625339336204,16.34625339336204,16.34625339336204,0.0,2.16794833886788,2865.789297907297,22.908513701242164,11.454256850621082,11.454256850621082,11.454256850621082,0.0,1.095445115010332,1517.7554150784638,29.099828178186893,14.549914089093447,14.549914089093447,14.549914089093447,0.0,2.16794833886788,2570.306265797911,18.022208521710095,9.011104260855047,9.011104260855047,9.011104260855047,0.0,0.8944271909999157,1628.5594247677914,21.908902300206645,10.954451150103322,10.954451150103322,10.954451150103322,0.0,0.8366600265340756,1886.3424132431526,23.392306427541513,11.696153213770756,11.696153213770756,11.696153213770756,0.0,0.8366600265340756,1686.2931832869397,37.75182114812476,18.87591057406238,18.87591057406238,18.87591057406238,0.0,1.8708286933869709,2848.7642408595348,12.13260071048248,6.06630035524124,6.06630035524124,6.06630035524124,0.0,0.44721359549995787,1340.0273131544745
0.0,24.355697485393435,12.177848742696717,12.177848742696717,12.177848742696717,0.0,1.5811388300841898,2055.1573419084,32.66802718255267,16.334013591276335,16.334013591276335,16.334013591276335,0.0,1.5165750888103102,2215.6621357959793,12.214745187681975,6.107372593840988,6.107372593840988,6.107372593840988,0.0,0.5477225575051662,1092.9596058409477,21.307275752662516,10.653637876331258,10.653637876331258,10.653637876331258,0.0,1.0,2322.623667321075,28.106938645110393,14.053469322555197,14.053469322555197,14.053469322555197,0.0,2.1908902300206643,1806.991228534328,27.835229476330888,13.917614738165444,13.917614738165444,13.917614738165444,0.0,2.1213203435596424,2648.9635142825205,25.353500744473138,12.676750372236569,12.676750372236569,12.676750372236569,0.0,1.224744871391589,2233.4308809542326,17.7426040929735,8.87130204648675,8.87130204648675,8.87130204648675,0.0,1.7888543819998317,1797.8863423475912,15.033296378372908,7.516648189186454,7.516648189186454,7.516648189186454,0.0,0.7071067811865475,1492.8903174714478,28.263050083103202,14.131525041551601,14.131525041551601,14.131525041551601,0.0,0.894427190999916,2250.139173473499,14.89966442575134,7.44983221287567,7.44983221287567,7.44983221287567,0.0,1.0,1936.476490949477,15.323185047502363,7.661592523751182,7.661592523751182,7.661592523751182,0.0,0.8366600265340753,928.5947986070134,32.57606483294138,16.28803241647069,16.28803241647069,16.28803241647069,0.0,2.1908902300206643,2860.6085541366892,22.476654555338076,11.238327277669038,11.238327277669038,11.238327277669038,0.0,1.095445115010332,1518.4132178033751,28.163806560903662,14.081903280451831,14.081903280451831,14.081903280451831,0.0,2.16794833886788,2570.652388013595,18.022208521710095,9.011104260855047,9.011104260855047,9.011104260855047,0.0,0.8944271909999157,1628.9826579801272,21.908902300206645,10.954451150103322,10.954451150103322,10.954451150103322,0.0,0.8366600265340756,1885.17460729769,24.066574330386118,12.033287165193059,12.033287165193059,12.033287165193059,0.0,0.8366600265340756,1682.1434837730105,37.87875393937873,18.939376969689366,18.939376969689366,18.939376969689366,0.0,1.7888543819998317,2846.111259244796,11.781341180018513,5.890670590009257,5.890670590009257,5.890670590009257,0.0,0.44721359549995787,1339.5604876227128
0.0,25.51078203426935,12.755391017134675,12.755391017134675,12.755391017134675,0.0,1.7888543819998317,2054.9674449976087,32.66802718255267,16.334013591276335,16.334013591276335,16.334013591276335,0.0,1.5165750888103102,2215.312799583842,12.37739875741264,6.18869937870632,6.18869937870632,6.18869937870632,0.0,0.4472135954999579,1092.994601999479,21.307275752662516,10.653637876331258,10.653637876331258,10.653637876331258,0.0,1.0,2323.7283188875585,28.106938645110393,14.053469322555197,14.053469322555197,14.053469322555197,0.0,2.1908902300206643,1808.778814559702,27.806474066303338,13.903237033151669,13.903237033151669,13.903237033151669,0.0,2.1213203435596424,2650.8788731286836,26.115129714401192,13.057564857200596,13.057564857200596,13.057564857200596,0.0,1.224744871391589,2231.7929339434695,17.492855684535904,8.746427842267952,8.746427842267952,8.746427842267952,0.0,1.6733200530681511,1792.2164210831236,15.336231610144651,7.6681158050723255,7.6681158050723255,7.6681158050723255,0.0,0.8366600265340756,1489.8853982773305,27.820855486487112,13.910427743243556,13.910427743243556,13.910427743243556,0.0,0.894427190999916,2250.9023301778334,14.89966442575134,7.44983221287567,7.44983221287567,7.44983221287567,0.0,1.0,1939.924225324278,15.323185047502363,7.661592523751182,7.661592523751182,7.661592523751182,0.0,0.8366600265340753,925.2480748426337,14.394443372357264,7.197221686178632,7.197221686178632,7.197221686178632,0.0,1.6431676725154984,1570.2833502269582,22.476654555338076,11.238327277669038,11.238327277669038,11.238327277669038,0.0,1.095445115010332,1518.5182580397247,30.770115371899404,15.385057685949702,15.385057685949702,15.385057685949702,0.0,3.0495901363953815,2775.916965616947,17.469974241537965,8.734987120768983,8.734987120768983,8.734987120768983,0.0,0.8366600265340756,1629.5823698113577,21.881499034572563,10.940749517286282,10.940749517286282,10.940749517286282,0.0,0.8366600265340756,1885.7919291374646,24.041630560342615,12.020815280171307,12.020815280171307,12.020815280171307,0.0,0.8366600265340756,1684.4176144887585,38.52272056851645,19.261360284258224,19.261360284258224,19.261360284258224,0.0,1.7888543819998317,2844.2321810991452,10.526157893552615,5.263078946776307,5.263078946776307,5.263078946776307,0.0,0.44721359549995787,1339.1744471875202
0.0,26.510375327407193,13.255187663703596,13.255187663703596,13.255187663703596,0.0,1.7888543819998317,2061.2286869728937,32.4530430006186,16.2265215003093,16.2265215003093,16.2265215003093,0.0,1.5165750888103102,2215.7652854036683,12.601587201618692,6.300793600809346,6.300793600809346,6.300793600809346,0.0,0.4472135954999579,1095.5549735179882,20.9093280618962,10.4546640309481,10.4546640309481,10.4546640309481,0.0,1.0,2322.5459521826474,28.156704352604905,14.078352176302452,14.078352176302452,14.078352176302452,0.0,2.1908902300206643,1809.3051705005432,27.568097504180443,13.784048752090222,13.784048752090222,13.784048752090222,0.0,1.7888543819998317,2652.7700616525362,26.130442016927308,13.065221008463654,13.065221008463654,13.065221008463654,0.0,1.224744871391589,2234.5904098961846,17.492855684535904,8.746427842267952,8.746427842267952,8.746427842267952,0.0,1.6733200530681511,1791.9183854182645,15.937377450509228,7.968688725254614,7.968688725254614,7.968688725254614,0.0,0.8366600265340756,1490.9959087804366,28.474550040343043,14.237275020171522,14.237275020171522,14.237275020171522,0.0,0.894427190999916,2245.743039619627,14.587666023048376,7.293833011524188,7.293833011524187,7.293833011524187,0.0,1.0,1940.2518650938077,15.466091943344965,7.733045971672483,7.733045971672483,7.733045971672483,0.0,0.8366600265340753,922.4702163213726,14.463747785411636,7.231873892705818,7.231873892705818,7.231873892705818,0.0,1.7320508075688774,1570.8872333811871,23.004347415216976,11.502173707608488,11.502173707608488,11.502173707608488,0.0,1.095445115010332,1519.4852088783227,31.324112118302732,15.662056059151366,15.662056059151366,15.662056059151366,0.0,3.0495901363953815,2776.6861904075513,17.469974241537965,8.734987120768983,8.734987120768983,8.734987120768983,0.0,0.8366600265340756,1629.7531101366244,22.16303228351211,11.081516141756055,11.081516141756055,11.081516141756055,0.0,0.8366600265340756,1883.3840022682577,24.041630560342615,12.020815280171307,12.020815280171307,12.020815280171307,0.0,0.8366600265340756,1683.5211017388526,38.61087929586686,19.30543964793343,19.30543964793343,19.30543964793343,0.0,1.6733200530681511,2844.293356881459,11.18928058455949,5.594640292279745,5.594640292279745,5.594640292279745,0.0,0.44721359549995787,1340.3065694086558
0.0,26.038433132583073,13.019216566291536,13.019216566291536,13.019216566291536,0.0,1.7888543819998317,2060.320800263881,31.06766808114185,15.533834040570925,15.533834040570925,15.533834040570925,0.0,1.3038404810405297,2211.6913663529094,12.601587201618692,6.300793600809346,6.300793600809346,6.300793600809346,0.0,0.4472135954999579,1099.731876413519,19.8997487421324,9.9498743710662,9.9498743710662,9.9498743710662,0.0,1.0,2321.7397140937223,28.934408582170814,14.467204291085407,14.467204291085407,14.467204291085407,0.0,2.1908902300206643,1807.582999477479,26.996296042235127,13.498148021117563,13.498148021117563,13.498148021117563,0.0,1.7888543819998317,2658.506027828412,25.353500744473138,12.676750372236569,12.676750372236569,12.676750372236569,0.0,1.224744871391589,2238.385534263479,16.88786546606764,8.44393273303382,8.44393273303382,8.44393273303382,0.0,1.3416407864998738,1791.2259209826102,16.334013591276335,8.167006795638168,8.167006795638168,8.167006795638168,0.0,0.8366600265340756,1489.1344130064285,28.092703679069412,14.046351839534706,14.046351839534706,14.046351839534706,0.0,0.8366600265340756,2242.7463521316895,14.51895313030523,7.259476565152614,7.259476565152615,7.259476565152615,0.0,0.8366600265340758,1945.3474496860451,14.587666023048374,7.293833011524187,7.293833011524187,7.293833011524187,0.0,0.5477225575051662,918.91582857191,15.05988047761336,7.52994023880668,7.52994023880668,7.52994023880668,0.0,1.7320508075688774,1566.4394977144825,23.83275057562597,11.916375287812984,11.916375287812984,11.916375287812984,0.0,1.3416407864998738,1515.6481451840991,30.56141357987225,15.280706789936126,15.280706789936126,15.280706789936126,0.0,2.6076809620810595,2775.581776853278,16.93517050401324,8.46758525200662,8.46758525200662,8.46758525200662,0.0,0.8366600265340756,1631.5039993821651,22.16303228351211,11.081516141756055,11.081516141756055,11.081516141756055,0.0,0.8366600265340756,1885.8488009381877,24.22395508582362,12.11197754291181,12.11197754291181,12.11197754291181,0.0,0.8366600265340756,1682.53386295789,38.61087929586686,19.30543964793343,19.30543964793343,19.30543964793343,0.0,1.6733200530681511,2842.1595310608445,11.099549540409287,5.549774770204643,5.549774770204643,5.549774770204643,0.0,0.44721359549995787,1339.8483123100166
0.0,25.93838853899756,12.96919426949878,12.96919426949878,12.96919426949878,0.0,1.7888543819998317,2058.09336522909,30.41052449399714,15.20526224699857,15.20526224699857,15.20526224699857,0.0,1.3038404810405297,2212.2152924161787,12.198360545581526,6.099180272790763,6.099180272790763,6.099180272790763,0.0,0.4472135954999579,1106.091090281447,19.8997487421324,9.9498743710662,9.9498743710662,9.9498743710662,0.0,1.0,2315.317861547308,28.934408582170814,14.467204291085407,14.467204291085407,14.467204291085407,0.0,2.1908902300206643,1807.5210095597783,27.77048793233565,13.885243966167826,13.885243966167826,13.885243966167826,0.0,2.073644135332772,2659.684436169073,24.96397404260788,12.48198702130394,12.48198702130394,12.48198702130394,0.0,1.3038404810405297,2249.9647775020835,16.186414056238647,8.093207028119323,8.093207028119323,8.093207028119323,0.0,1.3416407864998738,1784.2681412837028,16.769019053003667,8.384509526501834,8.384509526501834,8.384509526501834,0.0,0.8366600265340756,1486.33687298674,28.014282071829005,14.007141035914502,14.007141035914502,14.007141035914502,0.0,0.8366600265340756,2243.7019632740885,14.51895313030523,7.259476565152614,7.259476565152615,7.259476565152615,0.0,0.8366600265340758,1947.297024082356,13.899640283115241,6.949820141557621,6.949820141557621,6.949820141557621,0.0,0.5477225575051662,919.0175188754564,15.84929020492716,7.92464510246358,7.92464510246358,7.92464510246358,0.0,1.7320508075688774,1564.3866849343867,23.52020408074726,11.76010204037363,11.76010204037363,11.76010204037363,0.0,1.3416407864998738,1513.0138135522757,30.776614498674153,15.388307249337076,15.388307249337076,15.388307249337076,0.0,2.6076809620810595,2777.9361583736945,16.93517050401324,8.46758525200662,8.46758525200662,8.46758525200662,0.0,0.8366600265340756,1632.6301785768878,21.84490787346104,10.92245393673052,10.92245393673052,10.92245393673052,0.0,0.8366600265340756,1880.4756579121147,24.22395508582362,12.11197754291181,12.11197754291181,12.11197754291181,0.0,0.8366600265340756,1683.920514751216,38.76596445337069,19.382982226685346,19.382982226685346,19.382982226685346,0.0,1.3416407864998738,2842.037350211992,10.770329614269007,5.385164807134504,5.385164807134504,5.385164807134504,0.0,0.44721359549995787,1341.4303187269923
0.0,25.93838853899756,12.96919426949878,12.96919426949878,12.96919426949878,0.0,1.7888543819998317,2052.9441541357137,31.240998703626616,15.620499351813308,15.620499351813308,15.620499351813308,0.0,1.3038404810405297,2211.316236995514,13.16054710108968,6.58027355054484,6.58027355054484,6.58027355054484,0.0,0.4472135954999579,1107.766311096343,20.75572210259137,10.377861051295685,10.377861051295685,10.377861051295685,0.0,1.0,2320.137776081412,27.820855486487112,13.910427743243556,13.910427743243556,13.910427743243556,0.0,1.8165902124584952,1806.8427435723343,27.327641683833605,13.663820841916802,13.663820841916802,13.663820841916802,0.0,2.073644135332772,2661.6415047860974,24.20743687382041,12.103718436910205,12.103718436910205,12.103718436910205,0.0,0.8944271909999159,2251.2935836980478,16.186414056238647,8.093207028119323,8.093207028119323,8.093207028119323,0.0,1.3416407864998738,1783.830513249507,18.05547008526779,9.027735042633894,9.027735042633894,9.027735042633894,0.0,0.8366600265340756,1488.8326635320707,28.234730386529282,14.117365193264641,14.117365193264641,14.117365193264641,0.0,0.8366600265340756,2242.1749039715883,14.51895313030523,7.259476565152614,7.259476565152615,7.259476565152615,0.0,0.8366600265340758,1946.0897461319712,13.899640283115241,6.949820141557621,6.949820141557621,6.949820141557621,0.0,0.5477225575051662,918.3739434456968,16.24807680927192,8.12403840463596,8.12403840463596,8.12403840463596,0.0,1.7320508075688774,1562.8875519371188,23.638950907347812,11.819475453673906,11.819475453673906,11.819475453673906,0.0,1.3416407864998738,1514.8956069643875,31.04834939252005,15.524174696260024,15.524174696260024,15.524174696260024,0.0,2.6076809620810595,2835.8913413598907,16.73320053068151,8.366600265340756,8.366600265340756,8.366600265340756,0.0,0.8366600265340756,1632.8081026256577,22.22611077089287,11.113055385446435,11.113055385446435,11.113055385446435,0.0,0.8366600265340756,1884.101058860697,24.22395508582362,12.11197754291181,12.11197754291181,12.11197754291181,0.0,0.8366600265340756,1685.8623312714476,37.69350076604719,18.846750383023593,18.846750383023593,18.846750383023593,0.0,1.3416407864998738,2843.4795937372223,10.770329614269007,5.385164807134504,5.385164807134504,5.385164807134504,0.0,0.44721359549995787,1339.3169154460793
0.0,25.93838853899756,12.96919426949878,12.96919426949878,12.96919426949878,0.0,1.7888543819998317,2055.488336138155,32.07491231476713,16.037456157383566,16.037456157383566,16.037456157383566,0.0,1.3038404810405297,2206.612290367295,12.328828005937952,6.164414002968976,6.164414002968976,6.164414002968976,0.0,0.4472135954999579,1110.2664094711683,20.54263858417414,10.27131929208707,10.27131929208707,10.27131929208707,0.0,0.8366600265340756,2320.8388138774308,31.78049716414141,15.890248582070704,15.890248582070704,15.890248582070704,0.0,2.588435821108957,2165.45440958705,27.748873851023216,13.874436925511608,13.874436925511608,13.874436925511608,0.0,2.073644135332772,2666.7956052161176,28.65658737533135,14.328293687665674,14.328293687665674,14.328293687665674,0.0,1.7320508075688772,2603.407344231786,17.123083834403193,8.561541917201597,8.561541917201597,8.561541917201597,0.0,1.3416407864998738,1788.088644335062,19.05780679931455,9.528903399657276,9.528903399657276,9.528903399657276,0.0,0.8366600265340756,1490.9584836607626,28.234730386529282,14.117365193264641,14.117365193264641,14.117365193264641,0.0,0.8366600265340756,2240.846380276881,14.51895313030523,7.259476565152614,7.259476565152615,7.259476565152615,0.0,0.8366600265340758,1946.7097883351796,13.784048752090223,6.892024376045112,6.892024376045112,6.892024376045112,0.0,0.5477225575051662,914.7528627995652,15.453155017665487,7.726577508832744,7.726577508832744,7.726577508832744,0.0,1.3038404810405297,1559.201782964604,21.98181066245454,10.99090533122727,10.990905331227268,10.990905331227268,0.0,1.1401754250991378,1512.3866238498672,31.04834939252005,15.524174696260024,15.524174696260024,15.524174696260024,0.0,2.6076809620810595,2834.1908545473784,17.57270610919104,8.78635305459552,8.78635305459552,8.78635305459552,0.0,0.8366600265340756,1633.661286803357,21.890637268019404,10.945318634009702,10.945318634009702,10.945318634009702,0.0,0.8366600265340756,1883.061337290955,26.2449995237188,13.1224997618594,13.1224997618594,13.1224997618594,0.0,0.8366600265340756,1688.9346642188382,37.389838191679836,18.694919095839918,18.694919095839918,18.694919095839918,0.0,1.3416407864998738,2846.8965910267975,10.13903348450926,5.06951674225463,5.06951674225463,5.06951674225463,0.0,0.44721359549995787,1340.1975600634407
0.0,26.138094804327267,13.069047402163633,13.069047402163633,13.069047402163633,0.0,1.7888543819998317,2055.330508701703,31.641744578957717,15.820872289478858,15.820872289478858,15.820872289478858,0.0,1.3038404810405297,2209.3419382250454,12.328828005937952,6.164414002968976,6.164414002968976,6.164414002968976,0.0,0.4472135954999579,1110.1335505244404,20.54263858417414,10.27131929208707,10.27131929208707,10.27131929208707,0.0,0.8366600265340756,2321.9269368350074,31.451550041293675,15.725775020646838,15.725775020646838,15.725775020646838,0.0,2.588435821108957,2164.6935579892133,27.748873851023216,13.874436925511608,13.874436925511608,13.874436925511608,0.0,2.073644135332772,2664.611566438906,28.65658737533135,14.328293687665674,14.328293687665674,14.328293687665674,0.0,1.7320508075688772,2605.45259024224,17.297398648351724,8.648699324175862,8.648699324175862,8.648699324175862,0.0,1.3416407864998738,1789.3178867937356,25.82247083452705,12.911235417263525,12.911235417263525,12.911235417263525,0.0,2.7748873851023212,2662.8718144139043,27.806474066303338,13.903237033151669,13.903237033151669,13.903237033151669,0.0,0.8366600265340756,2247.1325506075514,14.142135623730951,7.0710678118654755,7.0710678118654755,7.0710678118654755,0.0,0.8366600265340758,1946.516195668559,13.899640283115241,6.949820141557621,6.949820141557621,6.949820141557621,0.0,0.8944271909999159,918.2888978965171,15.270887335056859,7.635443667528429,7.635443667528429,7.635443667528429,0.0,1.3038404810405297,1556.6525945116978,22.733235581412515,11.366617790706258,11.366617790706258,11.366617790706258,0.0,1.1401754250991378,1513.2492193951398,30.809089567853185,15.404544783926593,15.404544783926593,15.404544783926593,0.0,2.16794833886788,2833.1735386311934,17.34358671094304,8.67179335547152,8.67179335547152,8.67179335547152,0.0,0.8366600265340756,1634.7623068813398,21.890637268019404,10.945318634009702,10.945318634009702,10.945318634009702,0.0,0.8366600265340756,1886.6367694922094,26.2449995237188,13.1224997618594,13.1224997618594,13.1224997618594,0.0,0.8366600265340756,1686.1398221974357,37.389838191679836,18.694919095839918,18.694919095839918,18.694919095839918,0.0,1.3416407864998738,2849.0773067784594,9.85900603509299,4.929503017546495,4.929503017546495,4.929503017546495,0.0,0.44721359549995787,1340.6487981570715
0.0,25.667099563448925,12.833549781724463,12.833549781724463,12.833549781724463,0.0,1.7888543819998317,2053.929453511001,31.45155004129367,15.725775020646836,15.725775020646836,15.725775020646836,0.0,1.3038404810405297,2205.6701249280227,12.93058390019569,6.465291950097845,6.465291950097845,6.465291950097845,0.0,0.4472135954999579,1110.7684277111948,20.54263858417414,10.27131929208707,10.27131929208707,10.27131929208707,0.0,0.8366600265340756,2323.9280324485094,31.304951684997057,15.652475842498529,15.652475842498529,15.652475842498529,0.0,2.073644135332772,2164.260081413507,28.192197502145874,14.096098751072937,14.096098751072937,14.096098751072937,0.0,2.073644135332772,2660.6702726944577,28.65658737533135,14.328293687665674,14.328293687665674,14.328293687665674,0.0,1.7320508075688772,2604.9582146360813,17.297398648351724,8.648699324175862,8.648699324175862,8.648699324175862,0.0,1.3416407864998738,1786.3760242457352,25.59687480924185,12.798437404620925,12.798437404620925,12.798437404620925,0.0,2.7748873851023212,2661.5461296021153,28.788886744714528,14.394443372357264,14.394443372357264,14.394443372357264,0.0,0.8366600265340756,2248.0324063500507,14.518953130305228,7.259476565152614,7.259476565152614,7.259476565152614,0.0,0.8366600265340758,1944.618394441439,13.236313686219436,6.618156843109718,6.618156843109718,6.618156843109718,0.0,0.8944271909999159,921.3465688870828,11.627553482998906,5.813776741499453,5.813776741499453,5.813776741499453,0.0,1.224744871391589,899.5535003544815,23.021728866442675,11.510864433221338,11.510864433221338,11.510864433221338,0.0,1.1401754250991378,1509.6016693154522,31.400636936215164,15.700318468107582,15.700318468107582,15.700318468107582,0.0,2.16794833886788,2832.625160518066,17.7426040929735,8.87130204648675,8.87130204648675,8.87130204648675,0.0,0.8366600265340756,1640.4295778850126,35.3157188798416,17.6578594399208,17.6578594399208,17.6578594399208,0.0,2.7748873851023212,3116.551106592029,26.419689627245813,13.209844813622906,13.209844813622906,13.209844813622906,0.0,0.8366600265340756,1691.3588619805082,37.389838191679836,18.694919095839918,18.694919095839918,18.694919095839918,0.0,1.3416407864998738,2843.276050614854,9.85900603509299,4.929503017546495,4.929503017546495,4.929503017546495,0.0,0.44721359549995787,1345.6861818418142
0.0,25.234896472940004,12.617448236470002,12.617448236470002,12.617448236470002,0.0,1.7888543819998317,2052.303949223896,31.413372948475306,15.706686474237653,15.706686474237653,15.706686474237653,0.0,1.224744871391589,2209.012109518642,12.083045973594572,6.041522986797286,6.041522986797286,6.041522986797286,0.0,0.4472135954999579,1107.0459340063537,20.54263858417414,10.27131929208707,10.27131929208707,10.27131929208707,0.0,0.8366600265340756,2322.614841078908,31.349641146271516,15.674820573135758,15.674820573135758,15.674820573135758,0.0,2.073644135332772,2167.9054868697576,28.726294574831613,14.363147287415806,14.363147287415806,14.363147287415806,0.0,2.073644135332772,2657.739791627465,28.65658737533135,14.328293687665674,14.328293687665674,14.328293687665674,0.0,1.7320508075688772,2597.7458112756144,17.776388834631177,8.888194417315589,8.888194417315589,8.888194417315589,0.0,1.3416407864998738,1787.9458325128307,25.59687480924185,12.798437404620925,12.798437404620925,12.798437404620925,0.0,2.7748873851023212,2666.5539184498034,28.788886744714528,14.394443372357264,14.394443372357264,14.394443372357264,0.0,0.8366600265340756,2245.947572852047,14.518953130305228,7.259476565152614,7.259476565152614,7.259476565152614,0.0,0.8366600265340758,1945.3635392902788,13.221195104830725,6.610597552415363,6.610597552415363,6.610597552415363,0.0,0.8944271909999159,919.8897760057994,10.807404868885037,5.403702434442518,5.403702434442518,5.403702434442518,0.0,1.224744871391589,898.4923483257941,23.773935307390737,11.886967653695368,11.886967653695368,11.886967653695368,0.0,1.1401754250991378,1508.3997149297,33.49626844888845,16.748134224444225,16.748134224444225,16.748134224444225,0.0,3.0495901363953815,2943.007016641313,17.57270610919104,8.78635305459552,8.78635305459552,8.78635305459552,0.0,0.8366600265340756,1642.2250759259525,34.59479729670345,17.297398648351724,17.297398648351724,17.297398648351724,0.0,2.345207879911715,3118.6132014086006,25.791471458604295,12.895735729302148,12.895735729302148,12.895735729302148,0.0,0.8366600265340756,1692.2255464328625,37.35237609577201,18.676188047886004,18.676188047886004,18.676188047886004,0.0,1.3416407864998738,2842.7766004383816,9.85900603509299,4.929503017546495,4.929503017546495,4.929503017546495,0.0,0.44721359549995787,1344.9685869937632
0.0,24.92388412747901,12.461942063739505,12.461942063739505,12.461942063739505,0.0,1.51657508881031,2049.4607827426216,33.148152286364315,16.574076143182157,16.574076143182157,16.574076143182157,0.0,1.224744871391589,2212.184169548277,11.882760622010357,5.941380311005179,5.941380311005179,5.941380311005179,0.0,0.4472135954999579,1104.9012625569762,20.54263858417414,10.27131929208707,10.27131929208707,10.27131929208707,0.0,0.8366600265340756,2324.446342680338,30.938648968563577,15.469324484281788,15.469324484281788,15.469324484281788,0.0,2.073644135332772,2165.0186373331753,28.74021572639983,14.370107863199914,14.370107863199914,14.370107863199914,0.0,2.073644135332772,2655.99967996986,27.978563222581677,13.989281611290838,13.989281611290838,13.989281611290838,0.0,1.7320508075688772,2599.498470859331,18.253766734567417,9.126883367283709,9.126883367283709,9.126883367283709,0.0,1.3416407864998738,1789.6057666424747,26.698314553544385,13.349157276772193,13.349157276772193,13.349157276772193,0.0,2.345207879911715,2662.7132215092183,28.376046236218322,14.188023118109161,14.188023118109161,14.188023118109161,0.0,0.8366600265340756,2245.768977432897,14.601369798755183,7.3006848993775915,7.300684899377592,7.300684899377592,0.0,0.8366600265340758,1944.1274906754445,13.446189051177289,6.723094525588644,6.723094525588644,6.723094525588644,0.0,0.8944271909999159,920.2737636160232,10.89954127475097,5.449770637375485,5.449770637375485,5.449770637375485,0.0,1.3038404810405297,898.263992376406,23.15167380558045,11.575836902790225,11.575836902790225,11.575836902790225,0.0,1.1401754250991378,1510.0353638243046,32.69250678672408,16.34625339336204,16.34625339336204,16.34625339336204,0.0,2.6076809620810595,2943.1411451033064,16.994116628998402,8.497058314499201,8.497058314499201,8.497058314499201,0.0,0.8366600265340756,1645.8741750206789,34.59479729670345,17.297398648351724,17.297398648351724,17.297398648351724,0.0,2.345207879911715,3118.50712681565,25.115732121520963,12.557866060760482,12.557866060760482,12.557866060760482,0.0,0.8366600265340756,1693.5780170987105,37.05671329192593,18.528356645962965,18.528356645962965,18.528356645962965,0.0,1.3416407864998738,2841.4910170542507,10.526157893552615,5.263078946776307,5.263078946776307,5.263078946776307,0.0,0.44721359549995787,1344.593544533068
0.0,24.372115213907882,12.186057606953941,12.186057606953941,12.186057606953941,0.0,1.51657508881031,2051.9050416625037,32.845090957401844,16.422545478700922,16.42254547870092,16.42254547870092,0.0,1.224744871391589,2213.6987599942318,11.713240371477058,5.856620185738529,5.856620185738529,5.856620185738529,0.0,0.4472135954999579,1105.2270354999464,20.366639388961545,10.183319694480772,10.183319694480772,10.183319694480772,0.0,0.8366600265340756,2324.7985504124867,31.69858040985432,15.84929020492716,15.84929020492716,15.84929020492716,0.0,2.073644135332772,2166.6138788441285,29.886451780029024,14.943225890014512,14.943225890014512,14.943225890014512,0.0,2.073644135332772,2651.3852605760635,28.049955436684744,14.024977718342372,14.024977718342372,14.024977718342372,0.0,1.7320508075688772,2603.6186740765247,18.033302526159762,9.016651263079881,9.016651263079881,9.016651263079881,0.0,1.3416407864998738,1787.859698074768,26.668333281253254,13.334166640626627,13.334166640626627,13.334166640626627,0.0,1.9235384061671346,2662.7077947082366,27.36421020237931,13.682105101189656,13.682105101189656,13.682105101189656,0.0,0.8366600265340756,2247.933006119177,15.323185047502362,7.661592523751181,7.661592523751181,7.661592523751181,0.0,0.8366600265340758,1942.598852053609,12.77497553813705,6.387487769068525,6.387487769068525,6.387487769068525,0.0,0.8944271909999159,918.9504883289414,10.353743284435827,5.176871642217914,5.176871642217914,5.176871642217914,0.0,1.3038404810405297,901.8057994934387,23.004347415216976,11.502173707608488,11.502173707608488,11.502173707608488,0.0,1.1401754250991378,1508.6593386182317,32.96664981462326,16.48332490731163,16.48332490731163,16.48332490731163,0.0,2.8284271247461903,2939.636848319874,16.34625339336204,8.17312669668102,8.17312669668102,8.17312669668102,0.0,0.8366600265340756,1647.4217128592181,34.59479729670345,17.297398648351724,17.297398648351724,17.297398648351724,0.0,2.345207879911715,3121.8998702713066,24.454038521274967,12.227019260637483,12.227019260637483,12.227019260637483,0.0,0.8366600265340756,1689.7559883012693,36.753231150471656,18.376615575235828,18.376615575235828,18.376615575235828,0.0,1.3416407864998738,2838.368140322886,10.0,5.0,5.0,5.0,0.0,0.44721359549995787,1343.6564665121812
0.0,30.23243291566195,15.116216457830975,15.116216457830975,15.116216457830975,0.0,2.1213203435596424,2523.1101244297683,32.94237392781522,16.47118696390761,16.47118696390761,16.47118696390761,0.0,1.224744871391589,2211.5868058929996,18.33030277982336,9.16515138991168,9.16515138991168,9.16515138991168,0.0,0.894427190999916,1398.252588054104,18.51485889765299,9.257429448826494,9.257429448826494,9.257429448826494,0.0,0.5477225575051662,2326.741326404807,31.69858040985432,15.84929020492716,15.84929020492716,15.84929020492716,0.0,2.073644135332772,2165.87725875683,29.448259710889538,14.724129855444769,14.724129855444769,14.724129855444769,0.0,2.073644135332772,2650.709678557801,27.878306978724517,13.939153489362258,13.939153489362258,13.939153489362258,0.0,1.7320508075688772,2606.6709612070335,18.110770276274835,9.055385138137417,9.055385138137417,9.055385138137417,0.0,1.3416407864998738,1786.6419059229524,27.62607463973121,13.813037319865606,13.813037319865606,13.813037319865606,0.0,2.345207879911715,2742.0223376187146,27.40802802100144,13.70401401050072,13.70401401050072,13.70401401050072,0.0,0.8366600265340756,2249.2699259982114,15.323185047502362,7.661592523751181,7.661592523751181,7.661592523751181,0.0,0.8366600265340758,1941.2643302755039,12.537942414925984,6.268971207462992,6.268971207462992,6.268971207462992,0.0,0.8944271909999159,920.2457280531108,9.899494936611665,4.949747468305833,4.949747468305833,4.949747468305833,0.0,0.894427190999916,903.0824989999529,21.972710347155626,10.986355173577815,10.986355173577813,10.986355173577813,0.0,1.1401754250991378,1509.6272056372063,32.155870381627054,16.077935190813527,16.077935190813527,16.077935190813527,0.0,2.3874672772626644,2935.388134472169,17.1697408250678,8.5848704125339,8.5848704125339,8.5848704125339,0.0,0.8366600265340756,1643.8452786074486,34.68140712254911,17.340703561274555,17.340703561274555,17.340703561274555,0.0,2.345207879911715,3189.5444502310984,24.454038521274967,12.227019260637483,12.227019260637483,12.227019260637483,0.0,0.8366600265340756,1692.0989332778388,36.43075623700392,18.21537811850196,18.21537811850196,18.21537811850196,0.0,1.3416407864998738,2837.556748331212,10.0,5.0,5.0,5.0,0.0,0.44721359549995787,1344.3714888378138
0.0,23.891421054428722,11.945710527214361,11.945710527214361,11.945710527214361,0.0,1.9235384061671346,2207.308474137677,32.03123475609393,16.015617378046965,16.015617378046965,16.015617378046965,0.0,1.224744871391589,2210.403967604112,18.18790807102345,9.093954035511725,9.093954035511725,9.093954035511725,0.0,0.894427190999916,1399.5267771643385,18.51485889765299,9.257429448826494,9.257429448826494,9.257429448826494,0.0,0.5477225575051662,2331.374380059968,32.46536616149585,16.232683080747925,16.232683080747925,16.232683080747925,0.0,2.073644135332772,2170.4676915356285,29.427877939124322,14.713938969562161,14.713938969562161,14.713938969562161,0.0,2.073644135332772,2650.929780284646,27.83522947633089,13.917614738165446,13.917614738165446,13.917614738165446,0.0,1.7888543819998317,2610.672940067369,18.110770276274835,9.055385138137417,9.055385138137417,9.055385138137417,0.0,1.3416407864998738,1791.263436795381,27.62607463973121,13.813037319865606,13.813037319865606,13.813037319865606,0.0,2.345207879911715,2742.8773578124124,28.021420377989408,14.010710188994704,14.010710188994704,14.010710188994704,0.0,0.8366600265340756,2252.954438065715,15.323185047502362,7.661592523751181,7.661592523751181,7.661592523751181,0.0,0.8366600265340758,1940.0188916605941,12.806248474865695,6.403124237432848,6.403124237432848,6.403124237432848,0.0,0.8944271909999159,920.9863191166304,9.838699100999074,4.919349550499537,4.919349550499537,4.919349550499537,0.0,0.894427190999916,903.6026781722153,21.972710347155626,10.986355173577815,10.986355173577813,10.986355173577813,0.0,1.1401754250991378,1511.2690031890418,32.155870381627054,16.077935190813527,16.077935190813527,16.077935190813527,0.0,2.3874672772626644,2937.61745297103,17.1697408250678,8.5848704125339,8.5848704125339,8.5848704125339,0.0,0.8366600265340756,1644.422178152557,34.77355316903925,17.386776584519627,17.386776584519627,17.386776584519627,0.0,2.345207879911715,3194.886899406613,24.454038521274967,12.227019260637483,12.227019260637483,12.227019260637483,0.0,0.8366600265340756,1686.3454568978445,36.43075623700392,18.21537811850196,18.21537811850196,18.21537811850196,0.0,1.3416407864998738,2839.4204866486402,10.256705123966467,5.128352561983234,5.128352561983234,5.128352561983234,0.0,0.44721359549995787,1342.6318557221857
0.0,16.93517050401324,8.46758525200662,8.46758525200662,8.46758525200662,0.0,1.3038404810405297,1424.246748284861,32.13720585240727,16.068602926203635,16.068602926203635,16.068602926203635,0.0,1.224744871391589,2214.2559246844075,18.525657883055057,9.262828941527529,9.262828941527529,9.262828941527529,0.0,0.894427190999916,1398.757913293076,18.88915032498815,9.444575162494075,9.444575162494075,9.444575162494075,0.0,0.5477225575051662,2336.5725967750286,32.46536616149585,16.232683080747925,16.232683080747925,16.232683080747925,0.0,2.073644135332772,2167.2834378548646,29.03101789465881,14.515508947329405,14.515508947329405,14.515508947329405,0.0,2.073644135332772,2646.297186636452,27.254357449773053,13.627178724886527,13.627178724886527,13.627178724886527,0.0,1.3416407864998738,2609.9280066699157,18.110770276274835,9.055385138137417,9.055385138137417,9.055385138137417,0.0,1.3416407864998738,1794.3328843890702,28.24889378365107,14.124446891825535,14.124446891825535,14.124446891825535,0.0,2.345207879911715,2743.443875861141,28.021420377989408,14.010710188994704,14.010710188994704,14.010710188994704,0.0,0.8366600265340756,2249.9020645352543,15.323185047502362,7.661592523751181,7.661592523751181,7.661592523751181,0.0,0.8366600265340758,1944.0796022797008,13.23631368621944,6.61815684310972,6.61815684310972,6.61815684310972,0.0,0.8944271909999159,919.851346685974,9.838699100999074,4.919349550499537,4.919349550499537,4.919349550499537,0.0,0.894427190999916,900.8974414438082,21.307275752662516,10.653637876331258,10.653637876331258,10.653637876331258,0.0,1.1401754250991378,1511.9471882311234,33.04542328371661,16.522711641858304,16.522711641858304,16.522711641858304,0.0,2.8284271247461903,2983.36328662803,17.1697408250678,8.5848704125339,8.5848704125339,8.5848704125339,0.0,0.8366600265340756,1645.360507609199,34.77355316903925,17.386776584519627,17.386776584519627,17.386776584519627,0.0,2.345207879911715,3191.941885435886,24.454038521274967,12.227019260637483,12.227019260637483,12.227019260637483,0.0,0.8366600265340756,1685.8529591871293,36.155220923125334,18.077610461562667,18.077610461562667,18.077610461562667,0.0,1.3416407864998738,2839.397171936325,10.158740079360236,5.079370039680118,5.079370039680118,5.079370039680118,0.0,0.7071067811865475,1337.125648546164
0.0,16.649324310613927,8.324662155306964,8.324662155306964,8.324662155306964,0.0,1.3038404810405297,1419.5546132502266,42.19952606368939,21.099763031844695,21.099763031844695,21.099763031844695,0.0,3.420526275297414,3280.258267271039,18.89973544788392,9.44986772394196,9.44986772394196,9.44986772394196,0.0,0.894427190999916,1396.575347054358,18.88915032498815,9.444575162494075,9.444575162494075,9.444575162494075,0.0,0.5477225575051662,2339.0159683080406,33.573799308389276,16.786899654194638,16.786899654194638,16.786899654194638,0.0,1.788854381999832,2167.0769021887522,28.474550040343043,14.237275020171522,14.237275020171522,14.237275020171522,0.0,1.8165902124584952,2647.679304598652,27.188232748746287,13.594116374373144,13.594116374373144,13.594116374373144,0.0,1.3416407864998738,2605.284495021609,18.40652058374966,9.20326029187483,9.20326029187483,9.20326029187483,0.0,1.3416407864998738,1796.9878408047173,28.24889378365107,14.124446891825535,14.124446891825535,14.124446891825535,0.0,2.345207879911715,2745.6885839439256,28.263050083103206,14.131525041551603,14.131525041551603,14.131525041551603,0.0,0.8366600265340756,2249.8961531590744,14.601369798755185,7.300684899377592,7.300684899377592,7.300684899377592,0.0,0.8366600265340758,1941.723667260612,13.0843417870369,6.54217089351845,6.54217089351845,6.54217089351845,0.0,0.8944271909999159,915.2681574271006,9.959919678390985,4.979959839195493,4.979959839195493,4.979959839195493,0.0,0.894427190999916,901.048944286602,21.559220765138985,10.779610382569492,10.779610382569492,10.779610382569492,0.0,1.1401754250991378,1512.4761816306398,33.39461034358688,16.69730517179344,16.69730517179344,16.69730517179344,0.0,2.8284271247461903,2983.1462418057886,17.26267650163207,8.631338250816034,8.631338250816034,8.631338250816034,0.0,0.8366600265340756,1646.2447570151894,34.39185950192284,17.19592975096142,17.19592975096142,17.19592975096142,0.0,1.9235384061671346,3191.0415541011057,24.0249869927124,12.0124934963562,12.0124934963562,12.0124934963562,0.0,0.8366600265340756,1685.6982826116898,35.21363372331802,17.60681686165901,17.60681686165901,17.60681686165901,0.0,1.3416407864998738,2837.5645367110155,10.158740079360236,5.079370039680118,5.079370039680118,5.079370039680118,0.0,0.7071067811865475,1339.9892910019842
0.0,16.24807680927192,8.12403840463596,8.12403840463596,8.12403840463596,0.0,1.0,1423.0619101079194,41.36181814185638,20.68090907092819,20.68090907092819,20.68090907092819,0.0,3.0,3282.338419480843,16.816658407662324,8.408329203831162,8.408329203831162,8.408329203831162,0.0,0.5477225575051661,1396.6734407154736,18.88915032498815,9.444575162494075,9.444575162494075,9.444575162494075,0.0,0.5477225575051662,2338.9276816524275,33.19638534539566,16.59819267269783,16.59819267269783,16.59819267269783,0.0,1.5811388300841898,2166.722986447506,28.91366458960192,14.45683229480096,14.45683229480096,14.45683229480096,0.0,1.8165902124584952,2646.1182324302895,27.09243436828813,13.546217184144066,13.546217184144066,13.546217184144066,0.0,1.3416407864998738,2606.650494408485,18.568791021496256,9.284395510748128,9.28439551074813,9.28439551074813,0.0,1.3416407864998738,1794.2665075177656,27.589853207293437,13.794926603646719,13.794926603646719,13.794926603646719,0.0,1.9235384061671346,2742.6286296179437,39.380198069588225,19.690099034794112,19.690099034794112,19.690099034794112,0.0,2.345207879911715,3044.8850224597973,15.05988047761336,7.52994023880668,7.52994023880668,7.52994023880668,0.0,0.8366600265340758,1943.9800667702332,13.29661611087573,6.648308055437865,6.648308055437865,6.648308055437865,0.0,0.8944271909999159,912.9327467015299,9.959919678390985,4.979959839195493,4.979959839195493,4.979959839195493,0.0,0.894427190999916,902.5750384317085,20.9093280618962,10.4546640309481,10.4546640309481,10.4546640309481,0.0,1.1401754250991378,1511.0372927231147,33.13608305156178,16.56804152578089,16.56804152578089,16.56804152578089,0.0,2.3874672772626644,2985.999882786334,16.816658407662327,8.408329203831164,8.408329203831164,8.408329203831164,0.0,0.8366600265340756,1644.022110556911,34.14674215792775,17.073371078963874,17.073371078963874,17.073371078963874,0.0,1.9235384061671346,3189.1678695233336,24.0249869927124,12.0124934963562,12.0124934963562,12.0124934963562,0.0,0.8366600265340756,1684.0759484061282,34.76780119593415,17.383900597967074,17.383900597967074,17.383900597967074,0.0,1.0954451150103324,2834.683086343163,10.158740079360236,5.079370039680118,5.079370039680118,5.079370039680118,0.0,0.7071067811865475,1341.8395954807713
0.0,16.24807680927192,8.12403840463596,8.12403840463596,8.12403840463596,0.0,1.0,1426.1073592124824,42.76914775863555,21.384573879317774,21.384573879317774,21.384573879317774,0.0,3.0,3285.59283843875,17.23948955160796,8.61974477580398,8.61974477580398,8.61974477580398,0.0,0.5477225575051661,1396.9210070723398,20.415680248279752,10.207840124139876,10.207840124139876,10.207840124139876,0.0,0.8944271909999159,2340.333907800338,33.23853185686757,16.619265928433784,16.619265928433784,16.619265928433784,0.0,1.5811388300841898,2169.896817823373,28.51666179622012,14.25833089811006,14.25833089811006,14.25833089811006,0.0,1.6431676725154984,2646.7146993962156,27.217641337926402,13.608820668963201,13.608820668963201,13.608820668963201,0.0,1.3416407864998738,2603.462348489027,18.41738309315414,9.20869154657707,9.20869154657707,9.20869154657707,0.0,1.3416407864998738,1796.2456123815587,26.660832695172893,13.330416347586446,13.330416347586446,13.330416347586446,0.0,1.9235384061671346,2743.040739763083,38.704004960727254,19.352002480363627,19.352002480363627,19.352002480363627,0.0,2.345207879911715,3045.0998669994387,14.7648230602334,7.3824115301167,7.3824115301167,7.3824115301167,0.0,0.8366600265340758,1947.7282921393323,12.569805089976535,6.284902544988268,6.284902544988268,6.284902544988268,0.0,0.8944271909999159,911.4614638041478,9.121403400793103,4.560701700396552,4.560701700396551,4.560701700396551,0.0,0.894427190999916,902.4569241797639,20.9093280618962,10.4546640309481,10.4546640309481,10.4546640309481,0.0,1.1401754250991378,1517.0305534167728,33.13608305156178,16.56804152578089,16.56804152578089,16.56804152578089,0.0,2.3874672772626644,2983.8443826714556,17.123083834403197,8.561541917201598,8.561541917201598,8.561541917201598,0.0,0.8366600265340756,1643.9582415621146,34.14674215792775,17.073371078963874,17.073371078963874,17.073371078963874,0.0,1.9235384061671346,3190.6718258072233,24.0249869927124,12.0124934963562,12.0124934963562,12.0124934963562,0.0,0.8366600265340756,1682.0489588594025,34.10571799566753,17.052858997833766,17.052858997833766,17.052858997833766,0.0,1.0954451150103324,2835.259018149841,9.73652915571047,4.868264577855235,4.868264577855235,4.868264577855235,0.0,0.7071067811865475,1339.2993317402947
0.0,15.709869509324383,7.8549347546621915,7.8549347546621915,7.8549347546621915,0.0,1.0,1422.66693220866,42.76914775863555,21.384573879317774,21.384573879317774,21.384573879317774,0.0,3.0,3286.9347879141137,17.23948955160796,8.61974477580398,8.61974477580398,8.61974477580398,0.0,0.5477225575051661,1395.8655021168765,21.559220765138985,10.779610382569492,10.779610382569492,10.779610382569492,0.0,0.8944271909999159,2341.041862077652,32.851179583083464,16.425589791541732,16.425589791541732,16.425589791541732,0.0,1.5811388300841898,2173.2394713882773,27.835229476330888,13.917614738165444,13.917614738165444,13.917614738165444,0.0,1.6431676725154984,2647.773158712808,26.48018126826174,13.24009063413087,13.24009063413087,13.24009063413087,0.0,1.3416407864998738,2604.41336964776,18.41738309315414,9.20869154657707,9.20869154657707,9.20869154657707,0.0,1.3416407864998738,1796.4531722257611,26.660832695172893,13.330416347586446,13.330416347586446,13.330416347586446,0.0,1.9235384061671346,2739.5706780442806,38.704004960727254,19.352002480363627,19.352002480363627,19.352002480363627,0.0,2.345207879911715,3048.084103170383,14.310835055998654,7.155417527999327,7.155417527999327,7.155417527999327,0.0,0.8366600265340758,1949.4587197476123,12.37739875741264,6.18869937870632,6.18869937870632,6.18869937870632,0.0,0.8944271909999159,910.7558948477906,9.899494936611665,4.949747468305833,4.949747468305833,4.949747468305833,0.0,0.894427190999916,903.4843662178112,20.9093280618962,10.4546640309481,10.4546640309481,10.4546640309481,0.0,1.1401754250991378,1517.966139279793,33.92933833719721,16.964669168598604,16.964669168598604,16.964669168598604,0.0,2.3874672772626644,2981.958836067326,17.123083834403197,8.561541917201598,8.561541917201598,8.561541917201598,0.0,0.8366600265340756,1641.089638014938,33.9234432214656,16.9617216107328,16.9617216107328,16.9617216107328,0.0,1.9235384061671346,3195.8089429751585,24.72245942457991,12.361229712289955,12.361229712289955,12.361229712289955,0.0,0.8366600265340756,1687.3417851757242,34.10571799566753,17.052858997833766,17.052858997833766,17.052858997833766,0.0,1.0954451150103324,2835.300636616865,10.25670512396647,5.128352561983235,5.128352561983235,5.128352561983235,0.0,0.7071067811865475,1340.2271449273067
0.0,15.401298646542765,7.700649323271382,7.700649323271382,7.700649323271382,0.0,0.8366600265340757,1421.6090179792754,42.76914775863555,21.384573879317774,21.384573879317774,21.384573879317774,0.0,3.0,3279.2858521330522,18.05547008526779,9.027735042633894,9.027735042633894,9.027735042633894,0.0,0.8366600265340756,1391.4076685141563,26.630809225406576,13.315404612703288,13.315404612703288,13.315404612703288,0.0,1.140175425099138,2692.0069650727132,32.851179583083464,16.425589791541732,16.425589791541732,16.425589791541732,0.0,1.5811388300841898,2169.257868488668,27.835229476330888,13.917614738165444,13.917614738165444,13.917614738165444,0.0,1.6431676725154984,2646.156609121992,26.48018126826174,13.24009063413087,13.24009063413087,13.24009063413087,0.0,1.3416407864998738,2603.6438888603793,18.33030277982336,9.16515138991168,9.16515138991168,9.16515138991168,0.0,1.3416407864998738,1798.6423491066812,25.744902408049636,12.872451204024818,12.872451204024818,12.872451204024818,0.0,1.5165750888103102,2737.824903093695,38.89987146508327,19.449935732541636,19.449935732541636,19.449935732541636,0.0,2.345207879911715,3049.5599354660994,14.071247279470288,7.035623639735144,7.035623639735144,7.035623639735144,0.0,0.8366600265340758,1944.7968531443073,13.007690033207279,6.5038450166036395,6.5038450166036395,6.5038450166036395,0.0,0.8944271909999159,912.2328101970462,8.197560612767678,4.098780306383839,4.098780306383839,4.098780306383839,0.0,0.894427190999916,901.9228348367725,21.194338866782324,10.597169433391162,10.597169433391162,10.597169433391162,0.0,1.1401754250991378,1517.879211268143,33.2084326640087,16.60421633200435,16.60421633200435,16.60421633200435,0.0,2.3874672772626644,2984.2214562595723,18.51485889765299,9.257429448826494,9.257429448826494,9.257429448826494,0.0,0.8366600265340756,1642.107091513827,33.27461494893667,16.637307474468336,16.637307474468336,16.637307474468336,0.0,1.9235384061671346,3194.944443961428,24.058262613912916,12.029131306956458,12.029131306956458,12.029131306956458,0.0,0.8366600265340756,1685.3432884727076,33.65709434874021,16.828547174370104,16.828547174370104,16.828547174370104,0.0,1.0954451150103324,2835.210697637832,10.25670512396647,5.128352561983235,5.128352561983235,5.128352561983235,0.0,0.7071067811865475,1344.352892658769
0.0,20.851858430365386,10.425929215182693,10.425929215182693,10.425929215182693,0.0,2.345207879911715,1956.059738351567,43.44191524323024,21.72095762161512,21.72095762161512,21.72095762161512,0.0,3.420526275297414,3360.0213838605255,17.401149387324963,8.700574693662482,8.700574693662482,8.700574693662482,0.0,0.8366600265340756,1390.6209763986735,27.144060123717676,13.572030061858838,13.572030061858838,13.572030061858838,0.0,1.140175425099138,2691.279342617559,32.9059265178782,16.4529632589391,16.4529632589391,16.4529632589391,0.0,1.5811388300841898,2170.450414084597,27.835229476330888,13.917614738165444,13.917614738165444,13.917614738165444,0.0,1.5811388300841898,2648.227010662039,25.69046515733026,12.84523257866513,12.84523257866513,12.84523257866513,0.0,1.3416407864998738,2604.256227793264,19.0473095212946,9.5236547606473,9.5236547606473,9.5236547606473,0.0,1.3416407864998738,1802.91633194666,28.516661796220113,14.258330898110056,14.258330898110056,14.258330898110056,0.0,2.7748873851023212,2894.7473637607827,39.10498689425685,19.552493447128423,19.552493447128423,19.552493447128423,0.0,2.3874672772626644,3052.7927378058275,14.724129855444767,7.3620649277223835,7.3620649277223835,7.3620649277223835,0.0,0.8366600265340758,1942.6737502730612,13.145341380123986,6.572670690061993,6.572670690061993,6.572670690061993,0.0,0.8944271909999159,912.2821383760619,7.874007874011811,3.9370039370059056,3.9370039370059056,3.9370039370059056,0.0,0.44721359549995787,900.8994394492651,21.512786895239767,10.756393447619883,10.756393447619883,10.756393447619883,0.0,1.1401754250991378,1515.1332284654047,33.2084326640087,16.60421633200435,16.60421633200435,16.60421633200435,0.0,2.3874672772626644,2986.5541682681733,17.57270610919104,8.78635305459552,8.78635305459552,8.78635305459552,0.0,0.44721359549995804,1645.0714878083568,33.38862081608044,16.69431040804022,16.69431040804022,16.69431040804022,0.0,1.9235384061671346,3195.552659556716,24.058262613912916,12.029131306956458,12.029131306956458,12.029131306956458,0.0,0.8366600265340756,1685.0873271139392,33.65709434874021,16.828547174370104,16.828547174370104,16.828547174370104,0.0,1.0954451150103324,2837.0264715014555,10.25670512396647,5.128352561983235,5.128352561983235,5.128352561983235,0.0,0.7071067811865475,1340.9264707656419
0.0,20.813457185196313,10.406728592598157,10.406728592598157,10.406728592598157,0.0,1.9235384061671346,1957.515772605677,43.30357952871795,21.651789764358973,21.651789764358973,21.651789764358973,0.0,3.4641016151377544,3357.980613404431,17.401149387324963,8.700574693662482,8.700574693662482,8.700574693662482,0.0,0.8366600265340756,1390.679042770114,26.780589986032794,13.390294993016397,13.390294993016397,13.390294993016397,0.0,1.140175425099138,2689.124801863982,33.15418525616336,16.57709262808168,16.57709262808168,16.57709262808168,0.0,1.5811388300841898,2171.5974995380707,27.62607463973121,13.813037319865606,13.813037319865606,13.813037319865606,0.0,1.5811388300841898,2649.318535019902,25.706030420895406,12.853015210447703,12.853015210447703,12.853015210447703,0.0,1.3416407864998738,2602.113621654519,19.778776504121787,9.889388252060893,9.889388252060893,9.889388252060893,0.0,1.3416407864998738,1807.8317676155598,28.39013913315678,14.19506956657839,14.19506956657839,14.19506956657839,0.0,2.345207879911715,2897.7954551693256,38.89987146508327,19.449935732541636,19.449935732541636,19.449935732541636,0.0,1.9493588689617927,3052.9759743568243,14.737706741552433,7.3688533707762165,7.3688533707762165,7.3688533707762165,0.0,0.8366600265340758,1943.4630173996109,13.75499909123952,6.87749954561976,6.87749954561976,6.87749954561976,0.0,0.8944271909999159,919.9914673517358,7.797435475847171,3.8987177379235853,3.8987177379235853,3.8987177379235853,0.0,0.44721359549995787,903.6505408618976,21.512786895239767,10.756393447619883,10.756393447619883,10.756393447619883,0.0,1.1401754250991378,1518.2943719845637,33.2084326640087,16.60421633200435,16.60421633200435,16.60421633200435,0.0,2.3874672772626644,2985.50938702259,17.26267650163207,8.631338250816034,8.631338250816034,8.631338250816034,0.0,0.44721359549995804,1646.9943230017523,41.34247210799084,20.67123605399542,20.67123605399542,20.67123605399542,0.0,2.7748873851023217,3930.0901134706824,24.915858403835898,12.457929201917949,12.457929201917949,12.457929201917949,0.0,0.8366600265340756,1688.328996374818,34.62946722085109,17.314733610425545,17.314733610425545,17.314733610425545,0.0,1.0954451150103324,2837.299208754692,10.334408546211051,5.167204273105526,5.167204273105526,5.167204273105526,0.0,0.7071067811865475,1341.9777568946513
0.0,20.813457185196313,10.406728592598157,10.406728592598157,10.406728592598157,0.0,1.9235384061671346,1957.6367640601768,42.59107887809371,21.295539439046856,21.295539439046856,21.295539439046856,0.0,3.03315017762062,3356.3075991333094,17.81010948871455,8.905054744357274,8.905054744357274,8.905054744357274,0.0,0.8366600265340756,1395.029139480606,26.442390209661458,13.221195104830729,13.221195104830729,13.221195104830729,0.0,1.140175425099138,2686.3440397685476,32.81463088318989,16.407315441594946,16.407315441594946,16.407315441594946,0.0,1.5811388300841898,2175.290854115835,27.62607463973121,13.813037319865606,13.813037319865606,13.813037319865606,0.0,1.5811388300841898,2647.557610326922,26.404545063303026,13.202272531651513,13.202272531651513,13.202272531651513,0.0,1.3416407864998738,2598.2377681805797,20.54263858417414,10.27131929208707,10.27131929208707,10.27131929208707,0.0,1.3038404810405297,1806.2814841546708,28.39013913315678,14.19506956657839,14.19506956657839,14.19506956657839,0.0,2.345207879911715,2899.6445816685878,39.319206502675,19.6596032513375,19.6596032513375,19.6596032513375,0.0,1.9493588689617927,3051.379163591441,14.737706741552433,7.3688533707762165,7.3688533707762165,7.3688533707762165,0.0,0.8366600265340758,1945.2349472493033,12.853015210447701,6.426507605223851,6.426507605223851,6.426507605223851,0.0,0.8944271909999159,918.7267275964055,8.19756061276768,4.09878030638384,4.09878030638384,4.09878030638384,0.0,0.44721359549995787,903.047230215563,22.60088493842664,11.30044246921332,11.30044246921332,11.30044246921332,0.0,1.1401754250991378,1519.2334580307268,32.4037034920393,16.20185174601965,16.20185174601965,16.20185174601965,0.0,1.9493588689617927,2984.2172675594516,18.19890106572372,9.09945053286186,9.09945053286186,9.09945053286186,0.0,0.44721359549995804,1646.0429216761027,41.641325627314025,20.820662813657012,20.820662813657012,20.820662813657012,0.0,2.4083189157584592,3932.668839350702,25.00399968005119,12.501999840025595,12.501999840025595,12.501999840025595,0.0,0.8944271909999161,1689.4079732261239,35.95552808679077,17.977764043395386,17.977764043395386,17.977764043395386,0.0,1.0954451150103324,2839.568329869877,10.334408546211051,5.167204273105526,5.167204273105526,5.167204273105526,0.0,0.7071067811865475,1338.2359657399738
0.0,20.717142660125695,10.358571330062848,10.358571330062848,10.358571330062848,0.0,1.9235384061671346,1956.427535075092,42.487645263064415,21.243822631532208,21.243822631532208,21.243822631532208,0.0,3.03315017762062,3356.486585702377,17.62952069683121,8.814760348415605,8.814760348415605,8.814760348415605,0.0,0.8366600265340756,1397.1377884804347,27.949955277245078,13.974977638622539,13.974977638622539,13.974977638622539,0.0,1.140175425099138,2686.5996166157697,33.555923471125034,16.777961735562517,16.777961735562517,16.777961735562517,0.0,1.5811388300841898,2176.3168886906155,27.459060435491963,13.729530217745982,13.729530217745982,13.729530217745982,0.0,1.5811388300841898,2646.9770871694377,26.472627372438875,13.236313686219438,13.236313686219438,13.236313686219438,0.0,1.3416407864998738,2593.1885199499093,20.069877926883365,10.034938963441682,10.034938963441682,10.034938963441682,0.0,1.3038404810405297,1806.2398788643773,28.71933146854223,14.359665734271115,14.359665734271115,14.359665734271115,0.0,2.345207879911715,2898.1425430782383,39.319206502675,19.6596032513375,19.6596032513375,19.6596032513375,0.0,1.9493588689617927,3047.20046928324,24.835458522040618,12.417729261020309,12.417729261020309,12.417729261020309,0.0,1.5165750888103104,2621.863745506238,13.667479650615913,6.833739825307957,6.833739825307957,6.833739825307957,0.0,0.8944271909999159,924.5118712055568,8.19756061276768,4.09878030638384,4.09878030638384,4.09878030638384,0.0,0.44721359549995787,902.843120370311,21.981810662454535,10.990905331227268,10.990905331227268,10.990905331227268,0.0,1.1401754250991378,1522.4583738151923,32.723080539582455,16.361540269791227,16.361540269791227,16.361540269791227,0.0,1.9493588689617927,2986.2913789514914,18.033302526159762,9.016651263079881,9.016651263079881,9.016651263079881,0.0,0.44721359549995804,1643.3250743538235,42.1283752357007,21.06418761785035,21.06418761785035,21.06418761785035,0.0,2.4083189157584592,3938.1227507532058,25.744902408049636,12.872451204024818,12.872451204024818,12.872451204024818,0.0,1.1401754250991378,1689.7047671116989,36.066605052319524,18.033302526159762,18.033302526159762,18.033302526159762,0.0,1.0954451150103324,2837.009816690806,9.797958971132712,4.898979485566356,4.898979485566356,4.898979485566356,0.0,0.4472135954999579,1336.2668895097268
0.0,21.559220765138985,10.779610382569492,10.779610382569492,10.779610382569492,0.0,2.4899799195977463,2024.4734377116438,43.02092514114498,21.51046257057249,21.51046257057249,21.51046257057249,0.0,3.4641016151377544,3414.4128777873366,17.572706109191035,8.786353054595518,8.786353054595518,8.786353054595518,0.0,0.8366600265340756,1399.0201213706687,28.823601440486232,14.411800720243116,14.411800720243116,14.411800720243116,0.0,1.140175425099138,2690.357281105987,33.117970952339455,16.558985476169727,16.558985476169727,16.558985476169727,0.0,1.3038404810405297,2173.92831068552,26.48018126826174,13.24009063413087,13.24009063413087,13.24009063413087,0.0,1.5811388300841898,2641.311927811632,26.510375327407193,13.255187663703596,13.255187663703596,13.255187663703596,0.0,1.3416407864998738,2593.3568400819813,19.8292712927127,9.91463564635635,9.91463564635635,9.91463564635635,0.0,1.3038404810405297,1803.7539466346288,28.021420377989408,14.010710188994704,14.010710188994704,14.010710188994704,0.0,1.9235384061671346,2896.366292442998,39.319206502675,19.6596032513375,19.6596032513375,19.6596032513375,0.0,1.9493588689617927,3049.294672543144,24.835458522040618,12.417729261020309,12.417729261020309,12.417729261020309,0.0,1.5165750888103104,2619.3972207360994,13.66747965061591,6.833739825307955,6.833739825307955,6.833739825307955,0.0,0.8366600265340757,925.4316290250728,8.19756061276768,4.09878030638384,4.09878030638384,4.09878030638384,0.0,0.44721359549995787,902.304992782374,21.981810662454535,10.990905331227268,10.990905331227268,10.990905331227268,0.0,1.1401754250991378,1528.150090796058,32.723080539582455,16.361540269791227,16.361540269791227,16.361540269791227,0.0,1.9493588689617927,2989.3932829254836,17.57270610919104,8.78635305459552,8.78635305459552,8.78635305459552,0.0,0.44721359549995804,1643.165755485429,42.1283752357007,21.06418761785035,21.06418761785035,21.06418761785035,0.0,2.4083189157584592,3938.7201347645914,25.868900247208035,12.934450123604018,12.934450123604018,12.934450123604018,0.0,1.1401754250991378,1689.4152242714044,37.13758204299251,18.568791021496256,18.568791021496256,18.568791021496256,0.0,1.0954451150103324,2837.897020682745,9.654014708917735,4.827007354458868,4.827007354458868,4.827007354458868,0.0,0.5477225575051662,1332.449886487293
0.0,20.92844953645635,10.464224768228174,10.464224768228174,10.464224768228174,0.0,2.073644135332772,2025.2949661715945,42.24689337690998,21.12344668845499,21.12344668845499,21.12344668845499,0.0,3.03315017762062,3415.2587456882384,19.026297590440446,9.513148795220223,9.513148795220223,9.513148795220223,0.0,1.0,1395.157983885696,28.305476501906835,14.152738250953417,14.152738250953417,14.152738250953417,0.0,1.140175425099138,2681.894255931803,33.184333653096004,16.592166826548002,16.592166826548002,16.592166826548002,0.0,1.3416407864998738,2173.7926994081104,26.660832695172893,13.330416347586446,13.330416347586446,13.330416347586446,0.0,1.5811388300841898,2644.348634352135,26.404545063303026,13.202272531651513,13.202272531651513,13.202272531651513,0.0,1.5165750888103104,2595.5569151918053,20.464603587658374,10.232301793829187,10.232301793829187,10.232301793829187,0.0,1.3038404810405297,1804.1208939536175,29.072323608545638,14.536161804272819,14.536161804272819,14.536161804272819,0.0,2.345207879911715,2932.084531523605,39.319206502675,19.6596032513375,19.6596032513375,19.6596032513375,0.0,1.9493588689617927,3048.111513708119,24.835458522040618,12.417729261020309,12.417729261020309,12.417729261020309,0.0,1.5165750888103104,2614.683977080213,13.66747965061591,6.833739825307955,6.833739825307955,6.833739825307955,0.0,0.8366600265340757,928.0564637994823,9.591663046625438,4.795831523312719,4.795831523312719,4.795831523312719,0.0,0.7071067811865476,905.3069645153516,22.16303228351211,11.081516141756055,11.081516141756055,11.081516141756055,0.0,1.1401754250991378,1526.1419331110721,33.30465432938766,16.65232716469383,16.65232716469383,16.65232716469383,0.0,1.9493588689617927,2987.0262804334347,17.91089054179049,8.955445270895245,8.955445270895245,8.955445270895245,0.0,0.44721359549995804,1642.206594798596,42.1283752357007,21.06418761785035,21.06418761785035,21.06418761785035,0.0,2.4083189157584592,3940.1603139973886,26.735743864721623,13.367871932360812,13.367871932360812,13.367871932360812,0.0,1.1401754250991378,1687.4793332067804,37.282703764614496,18.641351882307248,18.641351882307248,18.641351882307248,0.0,1.0954451150103324,2834.3910633502924,9.654014708917735,4.827007354458868,4.827007354458868,4.827007354458868,0.0,0.5477225575051662,1334.2377224467912
0.0,20.659138413786767,10.329569206893384,10.329569206893384,10.329569206893384,0.0,2.073644135332772,2034.1229559689848,42.24689337690998,21.12344668845499,21.12344668845499,21.12344668845499,0.0,3.03315017762062,3413.9072922386163,20.32732151563506,10.16366075781753,10.16366075781753,10.16366075781753,0.0,1.0,1398.8504923686448,28.305476501906835,14.152738250953417,14.152738250953417,14.152738250953417,0.0,1.140175425099138,2677.825199672301,33.184333653096004,16.592166826548002,16.592166826548002,16.592166826548002,0.0,1.3416407864998738,2177.1068416593616,26.015380066414558,13.007690033207279,13.007690033207279,13.007690033207279,0.0,1.5811388300841898,2644.120799055898,27.07027890510181,13.535139452550904,13.535139452550904,13.535139452550904,0.0,1.5165750888103104,2590.7610464880777,20.464603587658374,10.232301793829187,10.232301793829187,10.232301793829187,0.0,1.3038404810405297,1801.4430326824104,29.099828178186897,14.549914089093448,14.549914089093448,14.549914089093448,0.0,2.4899799195977463,2933.8986008381407,39.532265303167236,19.766132651583618,19.766132651583618,19.766132651583618,0.0,1.9493588689617927,3050.607857460542,24.96397404260788,12.48198702130394,12.48198702130394,12.48198702130394,0.0,1.6733200530681511,2613.6301765934677,14.324803663575988,7.162401831787994,7.162401831787994,7.162401831787994,0.0,0.8366600265340757,928.1839796074913,10.039920318408907,5.019960159204453,5.019960159204453,5.019960159204453,0.0,0.8366600265340756,902.6354192031243,21.77154105707724,10.88577052853862,10.88577052853862,10.88577052853862,0.0,1.1401754250991378,1530.2827189771176,33.627369804966904,16.813684902483452,16.813684902483452,16.813684902483452,0.0,1.9493588689617927,2984.505369403781,16.816658407662327,8.408329203831164,8.408329203831164,8.408329203831164,0.0,0.44721359549995804,1642.7876308275518,41.641325627314025,20.820662813657012,20.820662813657012,20.820662813657012,0.0,2.4083189157584592,3939.7244446788404,26.15339366124404,13.07669683062202,13.07669683062202,13.07669683062202,0.0,1.1401754250991378,1691.399065862341,36.83476618630828,18.41738309315414,18.41738309315414,18.41738309315414,0.0,1.0954451150103324,2832.8226735890125,10.059821071967434,5.029910535983717,5.029910535983717,5.029910535983717,0.0,0.5477225575051662,1331.6119179400582
0.0,20.717142660125695,10.358571330062848,10.358571330062848,10.358571330062848,0.0,2.073644135332772,2032.8944143757196,42.927846440276966,21.463923220138483,21.463923220138483,21.463923220138483,0.0,3.4641016151377544,3490.550715861324,20.06987792688336,10.03493896344168,10.03493896344168,10.03493896344168,0.0,1.0,1397.6476666170197,28.305476501906835,14.152738250953417,14.152738250953417,14.152738250953417,0.0,1.140175425099138,2679.029059192901,33.627369804966904,16.813684902483452,16.813684902483452,16.813684902483452,0.0,1.51657508881031,2294.5995947005654,25.353500744473138,12.676750372236569,12.676750372236569,12.676750372236569,0.0,1.5811388300841898,2646.271433545697,27.07027890510181,13.535139452550904,13.535139452550904,13.535139452550904,0.0,1.5165750888103104,2589.6336034273268,20.464603587658374,10.232301793829187,10.232301793829187,10.232301793829187,0.0,1.3038404810405297,1799.0507774935093,28.754130138121027,14.377065069060514,14.377065069060514,14.377065069060514,0.0,2.0736441353327724,2932.685748592917,39.532265303167236,19.766132651583618,19.766132651583618,19.766132651583618,0.0,1.9493588689617927,3052.4433328073433,25.13961017995307,12.569805089976535,12.569805089976535,12.569805089976535,0.0,1.6733200530681511,2610.5166538445987,14.17039166713468,7.08519583356734,7.08519583356734,7.08519583356734,0.0,0.8366600265340757,928.2170004907257,9.23038460737146,4.61519230368573,4.61519230368573,4.61519230368573,0.0,0.8366600265340756,900.236191229835,22.018174311236617,11.009087155618309,11.009087155618309,11.009087155618309,0.0,1.1401754250991378,1528.8107469533304,32.723080539582455,16.361540269791227,16.361540269791227,16.361540269791227,0.0,1.9493588689617927,2986.2646902108327,16.816658407662327,8.408329203831164,8.408329203831164,8.408329203831164,0.0,0.44721359549995804,1644.922551368301,41.07067080046295,20.535335400231475,20.535335400231475,20.535335400231475,0.0,2.073644135332772,3937.42815807476,26.283074401599215,13.141537200799608,13.141537200799608,13.141537200799608,0.0,1.3038404810405297,1693.386459140382,36.155220923125334,18.077610461562667,18.077610461562667,18.077610461562667,0.0,1.0954451150103324,2830.8002755404696,10.059821071967434,5.029910535983717,5.029910535983717,5.029910535983717,0.0,0.5477225575051662,1334.2678516699712
0.0,21.77154105707724,10.88577052853862,10.88577052853862,10.88577052853862,0.0,2.5099800796022267,2102.467669192561,42.90920647133899,21.454603235669495,21.454603235669495,21.454603235669495,0.0,3.4641016151377544,3488.04390740713,20.668817092422103,10.334408546211051,10.334408546211051,10.334408546211051,0.0,1.0,1398.4883624828633,28.128277586798664,14.064138793399332,14.064138793399332,14.064138793399332,0.0,1.140175425099138,2677.9246255262674,34.3685903115039,17.18429515575195,17.18429515575195,17.18429515575195,0.0,1.51657508881031,2292.831371906796,25.80697580112788,12.90348790056394,12.90348790056394,12.90348790056394,0.0,1.5811388300841898,2645.867116844684,27.07027890510181,13.535139452550904,13.535139452550904,13.535139452550904,0.0,1.5165750888103104,2591.296335813409,20.0,10.0,10.0,10.0,0.0,1.0,1798.6639486018505,26.735743864721623,13.367871932360812,13.367871932360812,13.367871932360812,0.0,2.1908902300206643,2478.3435395441043,39.18162834798983,19.590814173994914,19.590814173994914,19.590814173994914,0.0,1.9493588689617927,3052.092069384539,25.13961017995307,12.569805089976535,12.569805089976535,12.569805089976535,0.0,1.6733200530681511,2607.0625615815206,13.52035502492446,6.76017751246223,6.76017751246223,6.76017751246223,0.0,0.8366600265340757,929.9361268388276,9.633275663033837,4.8166378315169185,4.8166378315169185,4.8166378315169185,0.0,0.8366600265340756,897.3353330834577,22.018174311236617,11.009087155618309,11.009087155618309,11.009087155618309,0.0,1.1401754250991378,1528.8159797699657,32.94237392781522,16.47118696390761,16.47118696390761,16.47118696390761,0.0,1.7888543819998317,3034.514079716883,16.087262041752165,8.043631020876083,8.043631020876083,8.043631020876083,0.0,0.44721359549995804,1651.1854226585215,42.34146903450564,21.17073451725282,21.17073451725282,21.17073451725282,0.0,2.073644135332772,3939.0579203662387,26.442390209661458,13.221195104830729,13.221195104830729,13.221195104830729,0.0,1.3038404810405297,1696.5804725977484,35.84410690755177,17.922053453775884,17.922053453775884,17.922053453775884,0.0,1.0954451150103324,2827.2934937851783,11.260550608207398,5.630275304103699,5.630275304103699,5.630275304103699,0.0,0.5477225575051662,1336.5418811245684
0.0,21.77154105707724,10.88577052853862,10.88577052853862,10.88577052853862,0.0,2.5099800796022267,2103.5703696334954,42.17582245789642,21.08791122894821,21.08791122894821,21.08791122894821,0.0,3.03315017762062,3485.1512449246734,20.42547429069886,10.21273714534943,10.21273714534943,10.21273714534943,0.0,1.0,1396.5842974915622,27.978563222581677,13.989281611290838,13.989281611290838,13.989281611290838,0.0,1.140175425099138,2674.3158564388013,33.448467827390836,16.724233913695418,16.724233913695418,16.724233913695418,0.0,1.51657508881031,2294.914007103534,25.80697580112788,12.90348790056394,12.90348790056394,12.90348790056394,0.0,1.5811388300841898,2649.6843774306403,27.07027890510181,13.535139452550904,13.535139452550904,13.535139452550904,0.0,1.5165750888103104,2591.1481431983007,20.0,10.0,10.0,10.0,0.0,1.0,1796.1821455520594,26.96664606509308,13.48332303254654,13.48332303254654,13.48332303254654,0.0,2.1908902300206643,2482.9370310179033,39.4106584568185,19.70532922840925,19.70532922840925,19.70532922840925,0.0,1.9493588689617927,3050.7628062502663,25.667099563448925,12.833549781724463,12.833549781724463,12.833549781724463,0.0,1.6733200530681511,2606.660603147253,13.564659966250534,6.782329983125267,6.782329983125267,6.782329983125267,0.0,0.8366600265340757,932.5761631094803,9.939818911831342,4.969909455915671,4.969909455915671,4.969909455915671,0.0,0.8366600265340756,898.2598176474332,22.018174311236617,11.009087155618309,11.009087155618309,11.009087155618309,0.0,1.1401754250991378,1525.8383924911575,32.94237392781522,16.47118696390761,16.47118696390761,16.47118696390761,0.0,1.7888543819998317,3037.3964509098905,16.284962388657824,8.142481194328912,8.142481194328912,8.142481194328912,0.0,0.44721359549995804,1647.24397100126,42.49705872175156,21.24852936087578,21.24852936087578,21.24852936087578,0.0,2.1679483388678804,3940.431994083897,26.442390209661458,13.221195104830729,13.221195104830729,13.221195104830729,0.0,1.3038404810405297,1695.0061061836916,35.84410690755177,17.922053453775884,17.922053453775884,17.922053453775884,0.0,1.0954451150103324,2825.937773554117,10.825894882179487,5.412947441089743,5.412947441089743,5.412947441089743,0.0,0.5477225575051662,1336.4626070339568
0.0,21.090282122342508,10.545141061171254,10.545141061171254,10.545141061171254,0.0,2.073644135332772,2107.5934142998267,43.520110293977886,21.760055146988943,21.760055146988943,21.760055146988943,0.0,3.4641016151377544,3559.4561382323564,20.83266665599966,10.41633332799983,10.41633332799983,10.41633332799983,0.0,1.0,1399.2607691206097,28.495613697550013,14.247806848775006,14.247806848775006,14.247806848775006,0.0,1.140175425099138,2675.5169593930814,33.448467827390836,16.724233913695418,16.724233913695418,16.724233913695418,0.0,1.51657508881031,2295.441286550366,25.791471458604295,12.895735729302148,12.895735729302148,12.895735729302148,0.0,1.5811388300841898,2652.109066384714,27.07027890510181,13.535139452550904,13.535139452550904,13.535139452550904,0.0,1.5165750888103104,2592.834414304161,19.667231630303235,9.833615815151617,9.833615815151617,9.833615815151617,0.0,1.0,1796.6429250132035,26.780589986032794,13.390294993016397,13.390294993016397,13.390294993016397,0.0,2.16794833886788,2488.22356310682,39.4106584568185,19.70532922840925,19.70532922840925,19.70532922840925,0.0,1.9493588689617927,3053.255966996544,25.667099563448925,12.833549781724463,12.833549781724463,12.833549781724463,0.0,1.6733200530681511,2604.739199996806,13.564659966250534,6.782329983125267,6.782329983125267,6.782329983125267,0.0,0.8366600265340757,933.6547541784382,9.939818911831342,4.969909455915671,4.969909455915671,4.969909455915671,0.0,0.8366600265340756,899.3673887794687,25.035974117257748,12.517987058628874,12.517987058628874,12.517987058628874,0.0,1.3038404810405297,2061.7361130852805,32.60061349115995,16.300306745579974,16.300306745579974,16.300306745579974,0.0,1.3416407864998738,3038.1917813067694,17.85497129653252,8.92748564826626,8.927485648266257,8.927485648266257,0.0,0.44721359549995804,1647.9860436302245,46.25148646259923,23.125743231299616,23.125743231299616,23.125743231299616,0.0,3.391164991562634,4210.220623672826,26.17632518135424,13.08816259067712,13.08816259067712,13.08816259067712,0.0,1.3038404810405297,1693.0902220496107,35.38361202590826,17.69180601295413,17.69180601295413,17.69180601295413,0.0,1.0954451150103324,2826.0671789608964,10.825894882179487,5.412947441089743,5.412947441089743,5.412947441089743,0.0,0.5477225575051662,1333.3293666607663
0.0,21.090282122342508,10.545141061171254,10.545141061171254,10.545141061171254,0.0,2.073644135332772,2109.586381260554,44.14974518612763,22.074872593063816,22.074872593063816,22.074872593063816,0.0,3.03315017762062,3560.4672165321226,20.659138413786767,10.329569206893384,10.329569206893384,10.329569206893384,0.0,0.8366600265340756,1402.414346760614,28.495613697550013,14.247806848775006,14.247806848775006,14.247806848775006,0.0,1.140175425099138,2674.1915600794196,32.69862382425291,16.349311912126456,16.349311912126456,16.349311912126456,0.0,1.51657508881031,2295.649755515854,25.353500744473138,12.676750372236569,12.676750372236569,12.676750372236569,0.0,1.5811388300841898,2659.013877361305,27.129319932501073,13.564659966250536,13.564659966250536,13.564659966250536,0.0,1.5165750888103104,2591.696490718001,19.667231630303235,9.833615815151617,9.833615815151617,9.833615815151617,0.0,1.0,1795.9904788166334,26.780589986032794,13.390294993016397,13.390294993016397,13.390294993016397,0.0,2.16794833886788,2491.975280776276,38.98717737923585,19.493588689617926,19.493588689617926,19.493588689617926,0.0,1.5165750888103102,3052.074655050233,24.843510218968653,12.421755109484327,12.421755109484327,12.421755109484327,0.0,1.6733200530681511,2603.7329548169873,14.24078649513432,7.12039324756716,7.12039324756716,7.12039324756716,0.0,0.7071067811865476,930.9419960448664,18.579558659989747,9.289779329994873,9.289779329994873,9.289779329994873,0.0,2.073644135332772,1551.523541555203,25.479403446705735,12.739701723352868,12.739701723352868,12.739701723352868,0.0,1.3038404810405297,2065.605407622666,32.41604540964243,16.208022704821214,16.208022704821214,16.208022704821214,0.0,1.3416407864998738,3038.541459318928,17.85497129653252,8.92748564826626,8.927485648266257,8.927485648266257,0.0,0.44721359549995804,1647.761299460574,46.07385375676752,23.03692687838376,23.03692687838376,23.03692687838376,0.0,3.0331501776206204,4210.548598460776,25.274493071078595,12.637246535539298,12.637246535539298,12.637246535539298,0.0,1.3038404810405297,1692.6827227806161,35.38361202590826,17.69180601295413,17.69180601295413,17.69180601295413,0.0,1.0954451150103324,2827.1296928156657,10.677078252031311,5.338539126015656,5.338539126015656,5.338539126015656,0.0,0.5477225575051662,1334.5941330606845
0.0,21.090282122342508,10.545141061171254,10.545141061171254,10.545141061171254,0.0,2.073644135332772,2111.5613180772184,44.14974518612763,22.074872593063816,22.074872593063816,22.074872593063816,0.0,3.03315017762062,3557.991596392549,20.659138413786767,10.329569206893384,10.329569206893384,10.329569206893384,0.0,0.8366600265340756,1405.8956220146645,28.51666179622012,14.25833089811006,14.25833089811006,14.25833089811006,0.0,1.140175425099138,2678.108604967319,32.69862382425291,16.349311912126456,16.349311912126456,16.349311912126456,0.0,1.51657508881031,2295.174067472879,24.955961211702505,12.477980605851252,12.477980605851252,12.477980605851252,0.0,1.5811388300841898,2663.3967597787605,27.26169473822198,13.63084736911099,13.63084736911099,13.63084736911099,0.0,1.5165750888103104,2595.5861573062834,19.667231630303235,9.833615815151617,9.833615815151617,9.833615815151617,0.0,1.0,1798.062902125507,26.847718711279736,13.423859355639868,13.423859355639868,13.423859355639868,0.0,2.16794833886788,2492.6529441540793,39.2530253611107,19.62651268055535,19.62651268055535,19.62651268055535,0.0,1.5165750888103102,3049.2242784026234,25.274493071078595,12.637246535539298,12.637246535539298,12.637246535539298,0.0,1.6733200530681511,2601.2394545677644,14.24078649513432,7.12039324756716,7.12039324756716,7.12039324756716,0.0,0.7071067811865476,927.3897239025241,18.579558659989747,9.289779329994873,9.289779329994873,9.289779329994873,0.0,2.073644135332772,1552.596051779084,24.819347291981714,12.409673645990857,12.409673645990857,12.409673645990857,0.0,1.3038404810405297,2065.8997313519358,32.82072515956953,16.410362579784763,16.410362579784763,16.410362579784763,0.0,1.3416407864998738,3039.768987933129,18.65475810617763,9.327379053088814,9.327379053088816,9.327379053088816,0.0,0.44721359549995804,1647.2263657433366,46.294708120907295,23.147354060453647,23.147354060453647,23.147354060453647,0.0,3.0331501776206204,4209.156887073705,25.274493071078595,12.637246535539298,12.637246535539298,12.637246535539298,0.0,1.3038404810405297,1692.5336628853206,36.155220923125334,18.077610461562667,18.077610461562667,18.077610461562667,0.0,1.0,2829.340082068609,11.18928058455949,5.594640292279745,5.594640292279745,5.594640292279745,0.0,0.5477225575051662,1330.5268505370343
0.0,21.04281350010022,10.52140675005011,10.52140675005011,10.52140675005011,0.0,2.073644135332772,2110.7474505492123,45.5411901469428,22.7705950734714,22.7705950734714,22.7705950734714,0.0,3.03315017762062,3557.6329630809305,20.42547429069886,10.21273714534943,10.21273714534943,10.21273714534943,0.0,0.8366600265340756,1407.8855422228046,39.00256401827962,19.50128200913981,19.50128200913981,19.50128200913981,0.0,2.701851217221259,3603.8252316115445,32.2055895769663,16.10279478848315,16.10279478848315,16.10279478848315,0.0,1.51657508881031,2295.7790181112814,24.955961211702505,12.477980605851252,12.477980605851252,12.477980605851252,0.0,1.5811388300841898,2661.7921218607585,27.9069883720906,13.9534941860453,13.9534941860453,13.9534941860453,0.0,1.5165750888103104,2594.0902066042345,19.3700800204852,9.6850400102426,9.6850400102426,9.6850400102426,0.0,1.0,1799.653633341705,26.94438717061496,13.47219358530748,13.47219358530748,13.47219358530748,0.0,2.16794833886788,2496.150396109978,39.73914946246333,19.869574731231666,19.869574731231666,19.869574731231666,0.0,1.5165750888103102,3049.6874757915766,25.791471458604295,12.895735729302148,12.895735729302148,12.895735729302148,0.0,1.6733200530681511,2604.2079026068564,14.394443372357264,7.197221686178632,7.197221686178632,7.197221686178632,0.0,0.7071067811865476,926.586909037679,16.911534525287763,8.455767262643882,8.455767262643882,8.455767262643882,0.0,1.6431676725154984,1557.6208460341047,24.306377763870945,12.153188881935472,12.153188881935472,12.153188881935472,0.0,1.3038404810405297,2067.4154154402545,32.75973137863008,16.37986568931504,16.37986568931504,16.37986568931504,0.0,1.3416407864998738,3038.3751085078356,20.27806696901852,10.13903348450926,10.13903348450926,10.13903348450926,0.0,0.44721359549995804,1648.434499760303,46.22553406938637,23.112767034693185,23.112767034693185,23.112767034693185,0.0,2.701851217221259,4207.473446143184,25.242820761555155,12.621410380777577,12.621410380777577,12.621410380777577,0.0,1.3038404810405297,1695.5594062137723,36.80760790923529,18.403803954617644,18.403803954617644,18.403803954617644,0.0,1.0,2827.084239990029,11.081516141756055,5.540758070878027,5.540758070878027,5.540758070878027,0.0,0.5477225575051662,1330.9345588720732
0.0,21.753160689885963,10.876580344942981,10.876580344942981,10.876580344942981,0.0,2.5099800796022267,2187.378042314588,45.5411901469428,22.7705950734714,22.7705950734714,22.7705950734714,0.0,3.03315017762062,3554.3754022331404,19.595917942265423,9.797958971132712,9.797958971132712,9.797958971132712,0.0,0.8366600265340756,1406.9037635886828,38.7556447501522,19.3778223750761,19.3778223750761,19.3778223750761,0.0,2.701851217221259,3604.1873286498303,32.96664981462326,16.48332490731163,16.48332490731163,16.48332490731163,0.0,1.51657508881031,2294.16797554146,25.043961347997644,12.521980673998822,12.521980673998822,12.521980673998822,0.0,1.5811388300841898,2662.825228962652,27.9069883720906,13.9534941860453,13.9534941860453,13.9534941860453,0.0,1.5165750888103104,2595.144369779839,18.601075237738275,9.300537618869138,9.300537618869138,9.300537618869138,0.0,0.8366600265340756,1951.9798154694122,26.773120849090418,13.386560424545209,13.386560424545209,13.386560424545209,0.0,2.16794833886788,2495.5589153534324,39.95997997997497,19.979989989987484,19.979989989987484,19.979989989987484,0.0,1.5165750888103102,3048.598891294163,24.96397404260788,12.48198702130394,12.48198702130394,12.48198702130394,0.0,1.6733200530681511,2606.0125671224228,15.05988047761336,7.52994023880668,7.52994023880668,7.52994023880668,0.0,0.7071067811865476,919.6307954826219,17.412639087743134,8.706319543871567,8.706319543871567,8.706319543871567,0.0,1.6431676725154984,1559.2157323475158,31.260198335903116,15.630099167951558,15.630099167951558,15.630099167951558,0.0,1.9235384061671346,2617.722731688748,32.75973137863008,16.37986568931504,16.37986568931504,16.37986568931504,0.0,1.3416407864998738,3036.649848105639,20.029977533686854,10.014988766843427,10.014988766843427,10.014988766843427,0.0,0.44721359549995804,1649.6483564687355,47.644516998286385,23.822258499143192,23.822258499143192,23.822258499143192,0.0,3.0331501776206204,4263.066818617789,25.242820761555155,12.621410380777577,12.621410380777577,12.621410380777577,0.0,1.3038404810405297,1696.8176684605803,36.03886790674757,18.019433953373785,18.019433953373785,18.019433953373785,0.0,1.0,2824.8396768666357,11.081516141756055,5.540758070878027,5.540758070878027,5.540758070878027,0.0,0.5477225575051662,1330.4860014295527
0.0,21.04281350010022,10.52140675005011,10.52140675005011,10.52140675005011,0.0,2.073644135332772,2191.148625721222,46.93399620744008,23.46699810372004,23.46699810372004,23.46699810372004,0.0,3.4641016151377544,3643.4452514069703,22.645087767549057,11.322543883774529,11.322543883774529,11.322543883774529,0.0,1.3038404810405297,1865.4595144360544,38.7556447501522,19.3778223750761,19.3778223750761,19.3778223750761,0.0,2.701851217221259,3602.0336200540937,33.734255586866,16.867127793433,16.867127793433,16.867127793433,0.0,1.8165902124584952,2292.2515786885174,23.83275057562597,11.916375287812984,11.916375287812984,11.916375287812984,0.0,1.30384048104053,2663.573445580204,27.10719461692781,13.553597308463905,13.553597308463905,13.553597308463905,0.0,1.0954451150103321,2591.959818361388,18.077610461562667,9.038805230781334,9.038805230781334,9.038805230781334,0.0,0.8366600265340756,1950.9316492383837,25.51078203426935,12.755391017134675,12.755391017134675,12.755391017134675,0.0,1.7320508075688772,2492.290051338327,40.13477295313878,20.06738647656939,20.06738647656939,20.06738647656939,0.0,1.5165750888103102,3048.1910701266743,25.03597411725775,12.517987058628876,12.517987058628876,12.517987058628876,0.0,1.6733200530681511,2603.4032534357793,14.966629547095765,7.483314773547883,7.483314773547883,7.483314773547883,0.0,0.7071067811865476,918.0505432709028,17.469974241537965,8.734987120768983,8.734987120768983,8.734987120768983,0.0,1.6431676725154984,1559.1055769254374,31.635423183513762,15.817711591756881,15.817711591756881,15.817711591756881,0.0,1.9235384061671346,2614.3617385511134,32.04372013359248,16.02186006679624,16.02186006679624,16.02186006679624,0.0,1.3416407864998738,3031.57792246876,19.616319736382767,9.808159868191384,9.808159868191384,9.808159868191384,0.0,0.44721359549995804,1653.7673052760476,47.594117283546716,23.797058641773358,23.797058641773358,23.797058641773358,0.0,2.701851217221259,4263.11385022732,25.400787389370432,12.700393694685216,12.700393694685216,12.700393694685216,0.0,1.3038404810405297,1699.122067421879,35.41186241925155,17.705931209625774,17.705931209625774,17.705931209625774,0.0,1.0,2824.865660522638,11.575836902790225,5.787918451395113,5.787918451395113,5.787918451395113,0.0,0.547722557505166,1327.241763960131
0.0,21.04281350010022,10.52140675005011,10.52140675005011,10.52140675005011,0.0,2.073644135332772,2187.414112599624,47.129608527973154,23.564804263986577,23.564804263986577,23.564804263986577,0.0,3.4641016151377544,3642.4180155495606,23.469128658729534,11.734564329364767,11.734564329364767,11.734564329364767,0.0,1.3038404810405297,1864.0672734641312,38.1156135986291,19.05780679931455,19.05780679931455,19.05780679931455,0.0,2.3021728866442674,3604.506304613712,33.32866633995426,16.66433316997713,16.66433316997713,16.66433316997713,0.0,1.4832396974191326,2292.1215718194358,24.38852189043034,12.19426094521517,12.19426094521517,12.19426094521517,0.0,1.51657508881031,2668.3754795755412,27.151427218472328,13.575713609236164,13.575713609236164,13.575713609236164,0.0,1.0954451150103321,2590.6692764612003,17.81010948871455,8.905054744357274,8.905054744357274,8.905054744357274,0.0,0.8366600265340756,1947.291914428856,31.285779517218366,15.642889758609183,15.642889758609183,15.642889758609183,0.0,2.1908902300206647,3049.2745858646445,40.36334971233185,20.181674856165927,20.181674856165927,20.181674856165927,0.0,1.5165750888103102,3050.3341948055463,24.306377763870945,12.153188881935472,12.153188881935474,12.153188881935474,0.0,1.6733200530681511,2599.2950390442406,14.966629547095765,7.483314773547883,7.483314773547883,7.483314773547883,0.0,0.7071067811865476,918.0995044111504,18.2208671582886,9.1104335791443,9.1104335791443,9.1104335791443,0.0,1.6431676725154984,1562.4617435316618,32.545352970892786,16.272676485446393,16.272676485446393,16.272676485446393,0.0,1.9235384061671346,2613.861511251122,32.04372013359248,16.02186006679624,16.02186006679624,16.02186006679624,0.0,1.3416407864998738,3033.45108745798,19.616319736382767,9.808159868191384,9.808159868191384,9.808159868191384,0.0,0.44721359549995804,1651.8906440802916,47.594117283546716,23.797058641773358,23.797058641773358,23.797058641773358,0.0,2.701851217221259,4266.206828085108,25.400787389370432,12.700393694685216,12.700393694685216,12.700393694685216,0.0,1.3038404810405297,1702.7150378146075,35.230668458035254,17.615334229017627,17.615334229017627,17.615334229017627,0.0,1.30384048104053,2821.7123701752453,11.696153213770756,5.848076606885378,5.848076606885378,5.848076606885378,0.0,0.547722557505166,1326.6645016732753
0.0,22.333830840229805,11.166915420114902,11.166915420114902,11.166915420114902,0.0,2.073644135332772,2181.221790648535,47.93745925682754,23.96872962841377,23.96872962841377,23.96872962841377,0.0,3.4641016151377544,3640.5940724008215,23.605084198112912,11.802542099056456,11.802542099056456,11.802542099056456,0.0,1.3038404810405297,1863.5917739676788,37.61914406256474,18.80957203128237,18.80957203128237,18.80957203128237,0.0,2.280350850198276,3601.3562306442277,34.1935666463737,17.09678332318685,17.09678332318685,17.09678332318685,0.0,1.4832396974191326,2290.110150189287,24.0249869927124,12.0124934963562,12.0124934963562,12.0124934963562,0.0,1.51657508881031,2670.1626729470995,27.2176413379264,13.6088206689632,13.6088206689632,13.6088206689632,0.0,1.0954451150103321,2591.395666431508,17.81010948871455,8.905054744357274,8.905054744357274,8.905054744357274,0.0,0.8366600265340756,1948.6257978380559,31.285779517218366,15.642889758609183,15.642889758609183,15.642889758609183,0.0,2.1908902300206647,3048.642927599098,40.36334971233185,20.181674856165927,20.181674856165927,20.181674856165927,0.0,1.5165750888103102,3049.4630183033864,24.51938009004306,12.25969004502153,12.25969004502153,12.25969004502153,0.0,1.6431676725154982,2600.7550826634947,13.535139452550904,6.767569726275452,6.767569726275452,6.767569726275452,0.0,0.7071067811865476,919.447769044006,17.401149387324963,8.700574693662482,8.700574693662482,8.700574693662482,0.0,1.6431676725154984,1563.1048269389996,32.545352970892786,16.272676485446393,16.272676485446393,16.272676485446393,0.0,1.9235384061671346,2614.0341045977193,32.04372013359248,16.02186006679624,16.02186006679624,16.02186006679624,0.0,1.3416407864998738,3031.774282495318,19.92987706936498,9.96493853468249,9.96493853468249,9.96493853468249,0.0,0.5477225575051662,1657.1262172809893,47.44259689350911,23.721298446754556,23.721298446754556,23.721298446754556,0.0,2.701851217221259,4263.976864383764,26.115129714401192,13.057564857200596,13.057564857200596,13.057564857200596,0.0,1.3038404810405297,1700.2957095752492,34.93994848307593,17.469974241537965,17.469974241537965,17.469974241537965,0.0,1.30384048104053,2820.945231655517,11.696153213770756,5.848076606885378,5.848076606885378,5.848076606885378,0.0,0.547722557505166,1328.997930773408
0.0,22.333830840229805,11.166915420114902,11.166915420114902,11.166915420114902,0.0,2.073644135332772,2182.5147880369564,47.929114325219906,23.964557162609953,23.964557162609953,23.964557162609953,0.0,3.286335345030997,3638.03211915453,23.09112383579457,11.545561917897285,11.545561917897285,11.545561917897285,0.0,1.0,1859.0806061061473,37.61914406256474,18.80957203128237,18.80957203128237,18.80957203128237,0.0,2.280350850198276,3605.3864147966165,34.1935666463737,17.09678332318685,17.09678332318685,17.09678332318685,0.0,1.4832396974191326,2286.8605772980563,23.689660191737662,11.844830095868831,11.844830095868831,11.844830095868831,0.0,1.3416407864998738,2670.20536663381,26.49528259898354,13.24764129949177,13.24764129949177,13.24764129949177,0.0,1.0954451150103321,2590.5657104192514,26.419689627245813,13.209844813622906,13.209844813622906,13.209844813622906,0.0,1.6733200530681511,2532.8740987265833,30.938648968563577,15.469324484281788,15.469324484281788,15.469324484281788,0.0,2.1908902300206647,3048.5235442751627,40.90476744830607,20.452383724153034,20.452383724153034,20.452383724153034,0.0,1.5165750888103102,3050.208960055032,24.779023386727733,12.389511693363866,12.389511693363866,12.389511693363866,0.0,1.7320508075688772,2603.7528300512704,12.759310326189265,6.3796551630946325,6.3796551630946325,6.3796551630946325,0.0,0.7071067811865476,919.4045355554865,17.469974241537965,8.734987120768983,8.734987120768983,8.734987120768983,0.0,1.6431676725154984,1564.3478513425332,32.341923257592455,16.170961628796228,16.170961628796228,16.170961628796228,0.0,1.5811388300841898,2615.9463870653008,31.336879231984796,15.668439615992398,15.668439615992398,15.668439615992398,0.0,1.3416407864998738,3032.6185384911173,19.92987706936498,9.96493853468249,9.96493853468249,9.96493853468249,0.0,0.5477225575051662,1654.969878879975,47.958315233127195,23.979157616563597,23.979157616563597,23.979157616563597,0.0,2.701851217221259,4266.359138656754,26.115129714401192,13.057564857200596,13.057564857200596,13.057564857200596,0.0,1.3038404810405297,1697.9415478749556,34.93994848307593,17.469974241537965,17.469974241537965,17.469974241537965,0.0,1.30384048104053,2821.7224349676917,12.116104984688768,6.058052492344383,6.058052492344384,6.058052492344384,0.0,0.547722557505166,1331.7820016804553
0.0,23.021728866442675,11.510864433221338,11.510864433221338,11.510864433221338,0.0,2.5099800796022267,2288.13876327464,47.929114325219906,23.964557162609953,23.964557162609953,23.964557162609953,0.0,3.286335345030997,3701.0305726918823,23.09112383579457,11.545561917897285,11.545561917897285,11.545561917897285,0.0,1.0,1859.2989807989463,37.61914406256474,18.80957203128237,18.80957203128237,18.80957203128237,0.0,2.280350850198276,3606.2301229954805,34.30451865279558,17.15225932639779,17.15225932639779,17.15225932639779,0.0,1.5811388300841898,2289.648728517106,23.689660191737662,11.844830095868831,11.844830095868831,11.844830095868831,0.0,1.3416407864998738,2669.5012080911297,26.58571044753177,13.292855223765885,13.292855223765885,13.292855223765885,0.0,1.0954451150103321,2591.783304985199,26.419689627245813,13.209844813622906,13.209844813622906,13.209844813622906,0.0,1.6733200530681511,2534.925639935026,30.938648968563577,15.469324484281788,15.469324484281788,15.469324484281788,0.0,2.1908902300206647,3050.5313143778744,41.16794869798591,20.583974348992957,20.583974348992957,20.583974348992957,0.0,1.5165750888103102,3050.5554903984294,25.003999680051187,12.501999840025594,12.501999840025594,12.501999840025594,0.0,1.7320508075688772,2603.1510328830327,12.759310326189265,6.3796551630946325,6.3796551630946325,6.3796551630946325,0.0,0.7071067811865476,922.0229389771166,17.57270610919104,8.78635305459552,8.78635305459552,8.78635305459552,0.0,1.6431676725154984,1565.722453054819,32.341923257592455,16.170961628796228,16.170961628796228,16.170961628796228,0.0,1.5811388300841898,2611.7761772403087,31.336879231984796,15.668439615992398,15.668439615992398,15.668439615992398,0.0,1.3416407864998738,3032.4890766497415,19.768662069042506,9.884331034521255,9.884331034521253,9.884331034521253,0.0,0.5477225575051662,1651.4193894949885,47.929114325219906,23.964557162609953,23.964557162609953,23.964557162609953,0.0,2.701851217221259,4267.586285009361,26.115129714401192,13.057564857200596,13.057564857200596,13.057564857200596,0.0,1.3038404810405297,1695.0592025059184,34.93994848307593,17.469974241537965,17.469974241537965,17.469974241537965,0.0,1.30384048104053,2820.356307277504,12.198360545581526,6.099180272790763,6.099180272790763,6.099180272790763,0.0,0.547722557505166,1334.1418590239944
0.0,22.759613353482084,11.379806676741042,11.379806676741042,11.379806676741042,0.0,2.073644135332772,2289.7407495172897,48.54688455503607,24.273442277518036,24.273442277518036,24.273442277518036,0.0,3.286335345030997,3699.742964044935,23.09112383579457,11.545561917897285,11.545561917897285,11.545561917897285,0.0,1.0,1861.2799896845181,37.40053475553525,18.700267377767624,18.700267377767624,18.700267377767624,0.0,2.280350850198276,3604.4316195483584,33.83489323169204,16.91744661584602,16.91744661584602,16.91744661584602,0.0,1.5811388300841898,2287.601801013454,23.638950907347816,11.819475453673908,11.819475453673908,11.819475453673908,0.0,1.3416407864998738,2666.694489438188,26.58571044753177,13.292855223765885,13.292855223765885,13.292855223765885,0.0,1.0954451150103321,2590.4826191271773,26.419689627245813,13.209844813622906,13.209844813622906,13.209844813622906,0.0,1.6733200530681511,2538.6836549676686,31.221787264665043,15.610893632332521,15.610893632332521,15.610893632332521,0.0,2.1908902300206647,3052.9577134313536,40.13477295313878,20.06738647656939,20.06738647656939,20.06738647656939,0.0,1.5165750888103102,3054.8036761795347,25.274493071078595,12.637246535539298,12.637246535539298,12.637246535539298,0.0,1.7320508075688772,2600.8526871009053,12.727922061357855,6.363961030678928,6.363961030678928,6.363961030678928,0.0,0.7071067811865476,923.3597890313396,17.60681686165901,8.803408430829505,8.803408430829505,8.803408430829505,0.0,1.6431676725154984,1563.6316701832309,31.95622005181464,15.97811002590732,15.97811002590732,15.97811002590732,0.0,1.5811388300841898,2610.691038786474,31.336879231984796,15.668439615992398,15.668439615992398,15.668439615992398,0.0,1.3416407864998738,3029.698945439959,20.36663938896155,10.183319694480774,10.183319694480774,10.183319694480774,0.0,0.5477225575051662,1650.1685671470052,47.69486345509336,23.84743172754668,23.84743172754668,23.84743172754668,0.0,2.5099800796022267,4301.992526725261,26.48018126826174,13.24009063413087,13.24009063413087,13.24009063413087,0.0,1.3038404810405297,1691.9656320386653,35.11694747554235,17.558473737771173,17.558473737771173,17.558473737771173,0.0,1.30384048104053,2821.6556841684283,12.198360545581526,6.099180272790763,6.099180272790763,6.099180272790763,0.0,0.547722557505166,1331.8229236651543
0.0,22.759613353482084,11.379806676741042,11.379806676741042,11.379806676741042,0.0,2.073644135332772,2288.8741337172733,49.24631965944258,24.62315982972129,24.62315982972129,24.62315982972129,0.0,3.7013511046643495,3758.230275009769,22.135943621178654,11.067971810589327,11.067971810589327,11.067971810589327,0.0,1.0,1862.2051981454676,42.190046219457976,21.095023109728988,21.095023109728988,21.095023109728988,0.0,2.701851217221259,4208.71411478613,34.246167668806386,17.123083834403193,17.123083834403193,17.123083834403193,0.0,1.5811388300841898,2290.7757856237263,24.47856204927079,12.239281024635394,12.239281024635394,12.239281024635394,0.0,1.3416407864998738,2666.7311075547154,25.946097972527586,12.973048986263793,12.973048986263793,12.973048986263793,0.0,1.0954451150103321,2590.8820312781513,26.39696952303427,13.198484761517134,13.198484761517134,13.198484761517134,0.0,1.6733200530681511,2536.528139012063,31.527765540868895,15.763882770434448,15.763882770434448,15.763882770434448,0.0,2.1908902300206647,3053.4139581786158,39.380198069588225,19.690099034794112,19.690099034794112,19.690099034794112,0.0,1.6431676725154984,3056.665454379985,25.41653005427767,12.708265027138834,12.708265027138834,12.708265027138834,0.0,1.7320508075688772,2595.750469517438,12.774975538137047,6.387487769068524,6.387487769068524,6.387487769068524,0.0,0.7071067811865476,928.8428284699193,17.60681686165901,8.803408430829505,8.803408430829505,8.803408430829505,0.0,1.6431676725154984,1560.11002817109,30.737599125501003,15.368799562750501,15.368799562750501,15.368799562750501,0.0,1.5811388300841898,2609.2444883529024,30.639843341636066,15.319921670818033,15.319921670818033,15.319921670818033,0.0,1.3416407864998738,3025.500090894066,19.72815247305231,9.864076236526156,9.864076236526156,9.864076236526156,0.0,0.5477225575051662,1649.79080492043,47.42151410488704,23.71075705244352,23.71075705244352,23.71075705244352,0.0,2.5099800796022267,4300.532560044163,26.48018126826174,13.24009063413087,13.24009063413087,13.24009063413087,0.0,1.3038404810405297,1687.4170201820295,34.49637662132068,17.24818831066034,17.24818831066034,17.24818831066034,0.0,1.1401754250991378,2820.861127386458,12.198360545581526,6.099180272790763,6.099180272790763,6.099180272790763,0.0,0.547722557505166,1332.5287238930348
0.0,22.387496510329154,11.193748255164577,11.193748255164577,11.193748255164577,0.0,1.6431676725154984,2285.597471122157,48.47679857416329,24.238399287081645,24.238399287081645,24.238399287081645,0.0,3.286335345030997,3762.0931275022954,22.960836221705865,11.480418110852932,11.480418110852932,11.480418110852932,0.0,1.0,1865.5779801444914,42.190046219457976,21.095023109728988,21.095023109728988,21.095023109728988,0.0,2.701851217221259,4208.9608812627375,34.26368339802362,17.13184169901181,17.13184169901181,17.13184169901181,0.0,1.5811388300841898,2292.005344670906,24.47856204927079,12.239281024635394,12.239281024635394,12.239281024635394,0.0,1.3416407864998738,2663.5683396526547,26.810445725500355,13.405222862750177,13.405222862750177,13.405222862750177,0.0,1.0954451150103321,2590.275757520809,26.06146580681908,13.03073290340954,13.03073290340954,13.03073290340954,0.0,1.3038404810405297,2537.8580535561873,31.855925665408,15.927962832704,15.927962832704,15.927962832704,0.0,2.1908902300206647,3053.480112920338,39.18162834798982,19.59081417399491,19.59081417399491,19.59081417399491,0.0,1.7320508075688772,3051.683174905285,25.98461083025874,12.99230541512937,12.99230541512937,12.99230541512937,0.0,1.7320508075688772,2598.710872721319,12.853015210447703,6.4265076052238514,6.4265076052238514,6.4265076052238514,0.0,0.7071067811865476,928.0247841518027,16.516658257650064,8.258329128825032,8.258329128825032,8.258329128825032,0.0,1.224744871391589,1562.5060959881087,30.548322376196047,15.274161188098024,15.274161188098024,15.274161188098024,0.0,1.5811388300841898,2611.563286615892,30.639843341636066,15.319921670818033,15.319921670818033,15.319921670818033,0.0,1.3416407864998738,3025.8995852473363,19.30802941783547,9.654014708917735,9.654014708917735,9.654014708917735,0.0,0.5477225575051662,1647.7037658511315,47.42151410488704,23.71075705244352,23.71075705244352,23.71075705244352,0.0,2.5099800796022267,4300.086336342562,26.90724809414742,13.45362404707371,13.45362404707371,13.45362404707371,0.0,1.3038404810405297,1687.6664954901487,35.139721114431175,17.569860557215588,17.569860557215588,17.569860557215588,0.0,1.1401754250991378,2818.3811310750716,12.77497553813705,6.387487769068525,6.387487769068525,6.387487769068525,0.0,0.547722557505166,1333.92372345648
0.0,22.74203157151973,11.371015785759864,11.371015785759864,11.371015785759864,0.0,1.6431676725154984,2284.914484176596,48.47679857416329,24.238399287081645,24.238399287081645,24.238399287081645,0.0,3.286335345030997,3762.2951372799025,22.521101216414795,11.260550608207398,11.260550608207398,11.260550608207398,0.0,0.8366600265340756,1869.3999839520702,42.37924020083418,21.18962010041709,21.18962010041709,21.18962010041709,0.0,3.1144823004794873,4242.1148263572495,33.83489323169204,16.91744661584602,16.91744661584602,16.91744661584602,0.0,1.5811388300841898,2295.93068275155,25.471552759892752,12.735776379946376,12.735776379946376,12.735776379946376,0.0,1.3416407864998738,2662.3620152037925,26.810445725500355,13.405222862750177,13.405222862750177,13.405222862750177,0.0,1.0954451150103321,2588.4933841908887,26.06146580681908,13.03073290340954,13.03073290340954,13.03073290340954,0.0,1.3038404810405297,2536.0326693479324,31.855925665408,15.927962832704,15.927962832704,15.927962832704,0.0,2.1908902300206647,3051.75211968469,40.024992192379,20.0124960961895,20.0124960961895,20.0124960961895,0.0,1.7320508075688772,3054.925809246437,25.98461083025874,12.99230541512937,12.99230541512937,12.99230541512937,0.0,1.7320508075688772,2600.3525337922933,12.11610498468877,6.058052492344385,6.058052492344385,6.058052492344385,0.0,0.7071067811865476,923.4389530445422,16.73320053068151,8.366600265340756,8.366600265340756,8.366600265340756,0.0,1.224744871391589,1560.608118651188,30.38420642373271,15.192103211866355,15.192103211866355,15.192103211866355,0.0,1.5811388300841898,2614.7966077689484,30.639843341636066,15.319921670818033,15.319921670818033,15.319921670818033,0.0,1.3416407864998738,3030.6907628459885,18.417383093154143,9.208691546577072,9.208691546577072,9.208691546577072,0.0,0.5477225575051662,1643.9112506458493,47.044659633161345,23.522329816580672,23.522329816580672,23.522329816580672,0.0,2.5099800796022267,4301.7570596211035,27.10719461692781,13.553597308463905,13.553597308463905,13.553597308463905,0.0,1.3038404810405297,1690.116061103497,34.3394816501356,17.1697408250678,17.1697408250678,17.1697408250678,0.0,1.1401754250991378,2818.095278729944,13.386560424545209,6.6932802122726045,6.6932802122726045,6.6932802122726045,0.0,0.547722557505166,1329.3572507042643
0.0,22.68920448142684,11.34460224071342,11.34460224071342,11.34460224071342,0.0,1.6431676725154984,2309.993138517948,48.38181476546741,24.190907382733705,24.190907382733705,24.190907382733705,0.0,2.8809720581775866,3761.3886797298683,22.645087767549057,11.322543883774529,11.322543883774529,11.322543883774529,0.0,0.8366600265340756,1866.0748109333667,41.8186561237924,20.9093280618962,20.9093280618962,20.9093280618962,0.0,2.701851217221259,4244.869880220123,33.87034100802648,16.93517050401324,16.93517050401324,16.93517050401324,0.0,1.5811388300841898,2299.764227045894,25.471552759892752,12.735776379946376,12.735776379946376,12.735776379946376,0.0,1.3416407864998738,2665.142266371535,26.810445725500355,13.405222862750177,13.405222862750177,13.405222862750177,0.0,1.0954451150103321,2593.1998958815343,26.06146580681908,13.03073290340954,13.03073290340954,13.03073290340954,0.0,1.3038404810405297,2535.302112175194,30.996774025694997,15.498387012847498,15.498387012847498,15.498387012847498,0.0,1.6431676725154984,3052.4643323059486,40.024992192379,20.0124960961895,20.0124960961895,20.0124960961895,0.0,1.7320508075688772,3055.378487192708,25.58906016249913,12.794530081249565,12.794530081249565,12.794530081249565,0.0,1.3038404810405295,2600.4676117960016,12.11610498468877,6.058052492344385,6.058052492344385,6.058052492344385,0.0,0.7071067811865476,926.7816895040602,16.75708805252273,8.378544026261364,8.378544026261364,8.378544026261364,0.0,1.224744871391589,1558.1613523637402,30.38420642373271,15.192103211866355,15.192103211866355,15.192103211866355,0.0,1.5811388300841898,2616.4862506804807,29.886451780029024,14.943225890014512,14.943225890014512,14.943225890014512,0.0,1.0954451150103324,3028.9080870835282,13.236313686219438,6.618156843109719,6.618156843109719,6.618156843109719,0.0,0.44721359549995787,1012.2019561332611,47.56889740155851,23.784448700779254,23.784448700779254,23.784448700779254,0.0,2.5099800796022267,4298.397666572975,27.10719461692781,13.553597308463905,13.553597308463905,13.553597308463905,0.0,1.3038404810405297,1685.325695525942,34.3394816501356,17.1697408250678,17.1697408250678,17.1697408250678,0.0,1.1401754250991378,2822.000797306762,22.199099080818574,11.099549540409287,11.099549540409287,11.099549540409287,0.0,1.3038404810405297,2462.371275823368
0.0,22.86482013924448,11.43241006962224,11.43241006962224,11.43241006962224,0.0,1.6431676725154984,2311.6499951333462,48.38181476546741,24.190907382733705,24.190907382733705,24.190907382733705,0.0,2.8809720581775866,3762.4971495005816,22.22611077089287,11.113055385446435,11.113055385446435,11.113055385446435,0.0,0.8366600265340756,1865.9096173180521,41.70371686073077,20.851858430365386,20.851858430365386,20.851858430365386,0.0,2.701851217221259,4248.985055280849,33.39461034358688,16.69730517179344,16.69730517179344,16.69730517179344,0.0,1.5811388300841898,2301.3318317878457,24.437675830569486,12.218837915284743,12.218837915284743,12.218837915284743,0.0,1.3416407864998738,2660.6887266269987,27.589853207293437,13.794926603646719,13.794926603646719,13.794926603646719,0.0,1.0954451150103321,2593.947281653966,25.97691282658507,12.988456413292536,12.988456413292536,12.988456413292536,0.0,1.3038404810405297,2531.2785702091346,30.996774025694997,15.498387012847498,15.498387012847498,15.498387012847498,0.0,1.6431676725154984,3051.4828854181696,40.209451625208715,20.104725812604357,20.104725812604357,20.104725812604357,0.0,1.7320508075688772,3054.927740552958,26.855167100578615,13.427583550289308,13.427583550289308,13.427583550289308,0.0,1.3038404810405295,2600.960399544753,11.366617790706258,5.683308895353129,5.683308895353129,5.683308895353129,0.0,0.7071067811865476,925.8656490009768,17.515707236649053,8.757853618324527,8.757853618324527,8.757853618324527,0.0,1.224744871391589,1559.1955297524428,28.76108481959608,14.38054240979804,14.38054240979804,14.38054240979804,0.0,1.5811388300841898,2623.9647482388173,29.678274882479272,14.839137441239636,14.839137441239636,14.839137441239636,0.0,1.0954451150103324,3027.6668079562523,26.457513110645905,13.228756555322953,13.228756555322953,13.228756555322953,0.0,2.6832815729997477,2390.094454200503,48.104053883222775,24.052026941611388,24.052026941611388,24.052026941611388,0.0,2.5099800796022267,4301.706963520412,27.33495930123182,13.66747965061591,13.66747965061591,13.66747965061591,0.0,1.3038404810405297,1686.1831751028712,34.76780119593415,17.383900597967074,17.383900597967074,17.383900597967074,0.0,1.1401754250991378,2821.270724336819,22.199099080818574,11.099549540409287,11.099549540409287,11.099549540409287,0.0,1.3038404810405297,2465.417672525286
0.0,22.864820139244483,11.432410069622241,11.432410069622241,11.432410069622241,0.0,1.8708286933869707,2206.889553194722,48.35286961494633,24.176434807473164,24.176434807473164,24.176434807473164,0.0,2.8809720581775866,3762.001555023602,21.83575050232989,10.917875251164945,10.917875251164945,10.917875251164945,0.0,0.8366600265340756,1865.0005898122392,41.34247210799084,20.67123605399542,20.67123605399542,20.67123605399542,0.0,2.701851217221259,4246.652622949045,33.04542328371661,16.522711641858304,16.522711641858304,16.522711641858304,0.0,1.5811388300841898,2301.0663397651097,24.437675830569486,12.218837915284743,12.218837915284743,12.218837915284743,0.0,1.3416407864998738,2660.106915144577,27.589853207293437,13.794926603646719,13.794926603646719,13.794926603646719,0.0,1.0954451150103321,2590.363816146296,26.59323222175146,13.29661611087573,13.29661611087573,13.29661611087573,0.0,1.3038404810405297,2533.7586309670464,30.48278202526797,15.241391012633985,15.241391012633985,15.241391012633985,0.0,1.4142135623730951,3050.238843107208,39.86477141537375,19.932385707686876,19.932385707686876,19.932385707686876,0.0,1.7320508075688772,3056.3945589534083,26.855167100578615,13.427583550289308,13.427583550289308,13.427583550289308,0.0,1.3038404810405295,2600.3788185570193,11.436782764396638,5.718391382198319,5.718391382198319,5.718391382198319,0.0,0.7071067811865476,923.7029825652833,17.1697408250678,8.5848704125339,8.5848704125339,8.5848704125339,0.0,1.224744871391589,1555.39731258608,29.34620929523948,14.67310464761974,14.67310464761974,14.67310464761974,0.0,1.5811388300841898,2625.311086328628,29.543188724306656,14.771594362153328,14.771594362153328,14.771594362153328,0.0,1.0954451150103324,3034.473479864341,26.457513110645905,13.228756555322953,13.228756555322953,13.228756555322953,0.0,2.6832815729997477,2386.7740152766874,48.104053883222775,24.052026941611388,24.052026941611388,24.052026941611388,0.0,2.5099800796022267,4304.384648239514,27.33495930123182,13.66747965061591,13.66747965061591,13.66747965061591,0.0,1.3038404810405297,1684.1402257531881,34.76780119593415,17.383900597967074,17.383900597967074,17.383900597967074,0.0,1.1401754250991378,2825.0122654600987,22.512218904408332,11.256109452204166,11.256109452204166,11.256109452204166,0.0,1.3038404810405297,2468.0571306191437
0.0,23.108440016582687,11.554220008291344,11.554220008291344,11.554220008291344,0.0,1.8708286933869707,2205.5735081833022,48.30320900312939,24.151604501564695,24.151604501564695,24.151604501564695,0.0,2.4899799195977463,3764.1552438761078,21.288494545176274,10.644247272588137,10.644247272588137,10.644247272588137,0.0,0.8366600265340756,1863.4349197114452,41.32795663954365,20.663978319771825,20.663978319771825,20.663978319771825,0.0,2.3021728866442674,4252.942357944674,33.214454684670045,16.607227342335023,16.607227342335023,16.607227342335023,0.0,1.5811388300841898,2305.8818920317663,24.511221919765646,12.255610959882823,12.255610959882823,12.255610959882823,0.0,1.3416407864998738,2577.988692760308,26.847718711279736,13.423859355639868,13.423859355639868,13.423859355639868,0.0,1.0954451150103321,2594.821766518849,27.22498852157701,13.612494260788505,13.612494260788505,13.612494260788505,0.0,1.5811388300841898,2534.9506306829726,30.48278202526797,15.241391012633985,15.241391012633985,15.241391012633985,0.0,1.4142135623730951,3053.468486819538,40.164661084092316,20.082330542046158,20.082330542046158,20.082330542046158,0.0,1.7320508075688772,3059.8834618331466,26.855167100578615,13.427583550289308,13.427583550289308,13.427583550289308,0.0,1.3038404810405295,2606.007060619752,11.610340218959996,5.805170109479998,5.805170109479998,5.805170109479998,0.0,0.7071067811865476,918.8935194025477,17.23948955160796,8.61974477580398,8.61974477580398,8.61974477580398,0.0,1.224744871391589,1554.0550826788606,29.168476134347507,14.584238067173754,14.584238067173754,14.584238067173754,0.0,1.5811388300841898,2625.9726388521262,29.953296980466106,14.976648490233053,14.976648490233053,14.976648490233053,0.0,1.0954451150103324,3032.316523715821,25.667099563448925,12.833549781724463,12.833549781724463,12.833549781724463,0.0,2.23606797749979,2385.412018918325,48.64976875587386,24.32488437793693,24.32488437793693,24.32488437793693,0.0,2.5099800796022267,4307.707835961023,27.327641683833605,13.663820841916802,13.663820841916802,13.663820841916802,0.0,1.3038404810405297,1681.6576048649142,34.77355316903925,17.386776584519627,17.386776584519627,17.386776584519627,0.0,1.1401754250991378,2830.1519747179655,22.512218904408332,11.256109452204166,11.256109452204166,11.256109452204166,0.0,1.3038404810405297,2468.1735149701285
0.0,22.423202269078338,11.211601134539169,11.211601134539169,11.211601134539169,0.0,1.4832396974191326,2205.8951244336163,47.56889740155851,23.784448700779254,23.784448700779254,23.784448700779254,0.0,2.4899799195977463,3766.740341462363,21.382235617446554,10.691117808723277,10.691117808723277,10.691117808723277,0.0,0.8366600265340756,1861.848543786524,42.44997055358225,21.224985276791124,21.224985276791124,21.224985276791124,0.0,2.701851217221259,4264.635588183356,33.50820794969495,16.754103974847474,16.754103974847474,16.754103974847474,0.0,1.3038404810405297,2309.1920665029143,24.511221919765646,12.255610959882823,12.255610959882823,12.255610959882823,0.0,1.3416407864998738,2576.2830395746505,25.984610830258745,12.992305415129373,12.992305415129373,12.992305415129373,0.0,1.0954451150103321,2592.7854326958873,26.959228475607382,13.479614237803691,13.479614237803691,13.479614237803691,0.0,1.5811388300841898,2536.380827084135,30.113120064184645,15.056560032092323,15.056560032092323,15.056560032092323,0.0,1.4142135623730951,3053.4288103704007,39.14077158156185,19.570385790780925,19.570385790780925,19.570385790780925,0.0,1.30384048104053,3060.044068310128,27.09243436828813,13.546217184144066,13.546217184144066,13.546217184144066,0.0,1.3038404810405295,2605.14926635692,10.825894882179488,5.412947441089744,5.412947441089744,5.412947441089744,0.0,0.7071067811865476,918.7250404772909,17.23948955160796,8.61974477580398,8.61974477580398,8.61974477580398,0.0,1.224744871391589,1552.2701762257757,29.01723625709382,14.50861812854691,14.50861812854691,14.50861812854691,0.0,1.5811388300841898,2626.90374776085,29.953296980466106,14.976648490233053,14.976648490233053,14.976648490233053,0.0,1.0954451150103324,3036.61072579282,25.71380951940027,12.856904759700136,12.856904759700136,12.856904759700136,0.0,2.23606797749979,2386.9446369784114,48.074941497624316,24.037470748812158,24.037470748812158,24.037470748812158,0.0,2.1679483388678804,4308.531153421082,26.68332812825267,13.341664064126334,13.341664064126334,13.341664064126334,0.0,1.3038404810405297,1682.4406378829538,34.77355316903925,17.386776584519627,17.386776584519627,17.386776584519627,0.0,1.1401754250991378,2828.3004967647976,22.342784070030305,11.171392035015153,11.171392035015153,11.171392035015153,0.0,1.3416407864998738,2468.412749116322
0.0,22.37856116911898,11.18928058455949,11.18928058455949,11.18928058455949,0.0,1.51657508881031,2206.1444422340073,49.64675215963276,24.82337607981638,24.82337607981638,24.82337607981638,0.0,3.286335345030997,3908.464570646637,20.513410247932935,10.256705123966467,10.256705123966467,10.256705123966467,0.0,0.8366600265340756,1861.234052987426,42.34146903450564,21.17073451725282,21.17073451725282,21.17073451725282,0.0,2.701851217221259,4266.024531106214,33.4245418816773,16.71227094083865,16.71227094083865,16.71227094083865,0.0,1.3038404810405297,2306.5780498391982,23.85791273351464,11.92895636675732,11.92895636675732,11.92895636675732,0.0,1.3416407864998738,2573.5995803543333,24.92388412747901,12.461942063739505,12.461942063739505,12.461942063739505,0.0,1.224744871391589,2592.5937205817654,27.033312782565144,13.516656391282572,13.516656391282572,13.516656391282572,0.0,1.5811388300841898,2535.6061799893137,30.659419433511786,15.329709716755893,15.329709716755893,15.329709716755893,0.0,1.4142135623730951,3052.00953471643,39.329378332234036,19.664689166117018,19.664689166117018,19.664689166117018,0.0,1.30384048104053,3056.8273258396525,26.328691574022436,13.164345787011218,13.164345787011218,13.164345787011218,0.0,1.3038404810405295,2603.1046271711784,10.807404868885037,5.403702434442518,5.403702434442518,5.403702434442518,0.0,0.7071067811865476,914.021881576147,17.23948955160796,8.61974477580398,8.61974477580398,8.61974477580398,0.0,1.224744871391589,1551.4540599063835,28.795833031881543,14.397916515940771,14.397916515940771,14.397916515940771,0.0,1.5811388300841898,2626.7694417287557,29.953296980466106,14.976648490233053,14.976648490233053,14.976648490233053,0.0,1.0954451150103324,3039.865013450433,25.97691282658507,12.988456413292536,12.988456413292536,12.988456413292536,0.0,2.23606797749979,2384.47205896819,47.594117283546716,23.797058641773358,23.797058641773358,23.797058641773358,0.0,2.0,4310.596965618567,26.68332812825267,13.341664064126334,13.341664064126334,13.341664064126334,0.0,1.3038404810405297,1677.5758701173547,34.48477925114209,17.242389625571047,17.242389625571047,17.242389625571047,0.0,1.1401754250991378,2831.1222686418896,22.208106627986094,11.104053313993047,11.104053313993047,11.104053313993047,0.0,1.3416407864998738,2468.8855177994787
0.0,22.37856116911898,11.18928058455949,11.18928058455949,11.18928058455949,0.0,1.51657508881031,2203.905669487694,50.33885179461288,25.16942589730644,25.16942589730644,25.16942589730644,0.0,3.286335345030997,3910.090663910493,20.54263858417414,10.27131929208707,10.27131929208707,10.27131929208707,0.0,0.8366600265340756,1863.1464515705684,42.81588490268536,21.40794245134268,21.40794245134268,21.40794245134268,0.0,2.701851217221259,4267.742998354048,33.454446640170275,16.727223320085137,16.727223320085137,16.727223320085137,0.0,1.3038404810405297,2308.444887797844,23.52020408074726,11.76010204037363,11.76010204037363,11.76010204037363,0.0,1.3416407864998738,2575.211001063796,24.92388412747901,12.461942063739505,12.461942063739505,12.461942063739505,0.0,1.224744871391589,2589.4987352767716,28.30547650190683,14.152738250953416,14.152738250953416,14.152738250953416,0.0,1.5811388300841898,2535.2572453303433,30.659419433511786,15.329709716755893,15.329709716755893,15.329709716755893,0.0,1.4142135623730951,3049.2145382048802,39.329378332234036,19.664689166117018,19.664689166117018,19.664689166117018,0.0,1.30384048104053,3056.1021416176523,25.479403446705735,12.739701723352868,12.739701723352868,12.739701723352868,0.0,1.3038404810405295,2601.828530091866,10.807404868885037,5.403702434442518,5.403702434442518,5.403702434442518,0.0,0.7071067811865476,915.0742046413503,17.57270610919104,8.78635305459552,8.78635305459552,8.78635305459552,0.0,1.224744871391589,1545.3557842775235,28.795833031881543,14.397916515940771,14.397916515940771,14.397916515940771,0.0,1.5811388300841898,2623.083166809623,29.277978072264485,14.638989036132243,14.638989036132243,14.638989036132243,0.0,1.0954451150103324,3038.998239551975,26.457513110645905,13.228756555322953,13.228756555322953,13.228756555322953,0.0,2.3874672772626644,2414.6762722982144,47.12536472007405,23.562682360037027,23.562682360037027,23.562682360037027,0.0,2.0,4305.975940480857,26.68332812825267,13.341664064126334,13.341664064126334,13.341664064126334,0.0,1.3038404810405297,1678.210117953053,34.48477925114209,17.242389625571047,17.242389625571047,17.242389625571047,0.0,1.1401754250991378,2835.540777347418,22.512218904408336,11.256109452204168,11.256109452204168,11.256109452204168,0.0,1.3416407864998738,2469.5956551630065
0.0,19.79898987322333,9.899494936611665,9.899494936611665,9.899494936611665,0.0,2.5495097567963922,1879.887842399115,50.37062636100528,25.18531318050264,25.18531318050264,25.18531318050264,0.0,3.286335345030997,3911.6813264886496,20.54263858417414,10.27131929208707,10.27131929208707,10.27131929208707,0.0,0.8366600265340756,1863.1418893900702,42.81121348431974,21.40560674215987,21.40560674215987,21.40560674215987,0.0,2.3021728866442674,4268.137626647013,33.244548425268164,16.622274212634082,16.622274212634082,16.622274212634082,0.0,1.3038404810405297,2313.101748734802,23.52020408074726,11.76010204037363,11.76010204037363,11.76010204037363,0.0,1.3416407864998738,2574.957708390567,25.019992006393608,12.509996003196804,12.509996003196804,12.509996003196804,0.0,1.224744871391589,2593.3093143703472,28.263050083103202,14.131525041551601,14.131525041551601,14.131525041551601,0.0,1.5811388300841898,2536.14234616277,31.16408188925193,15.582040944625964,15.582040944625964,15.582040944625964,0.0,1.4142135623730951,3052.0821908985345,39.00256401827962,19.50128200913981,19.50128200913981,19.50128200913981,0.0,1.30384048104053,3054.8064259458406,25.479403446705735,12.739701723352868,12.739701723352868,12.739701723352868,0.0,1.3038404810405295,2602.262477153294,10.807404868885037,5.403702434442518,5.403702434442518,5.403702434442518,0.0,0.7071067811865476,913.6158930316395,17.57270610919104,8.78635305459552,8.78635305459552,8.78635305459552,0.0,1.224744871391589,1548.3147935739685,29.380265485526166,14.690132742763083,14.690132742763083,14.690132742763083,0.0,1.5811388300841898,2623.994531244301,28.61468154636707,14.307340773183535,14.307340773183535,14.307340773183535,0.0,1.0954451150103324,3039.1249069427863,25.667099563448925,12.833549781724463,12.833549781724463,12.833549781724463,0.0,1.9493588689617927,2413.883344323002,47.53104248804143,23.765521244020714,23.765521244020714,23.765521244020714,0.0,2.16794833886788,4305.619839233371,26.053790511171304,13.026895255585652,13.026895255585652,13.026895255585652,0.0,1.3038404810405297,1678.9780224886806,34.48477925114209,17.242389625571047,17.242389625571047,17.242389625571047,0.0,1.1401754250991378,2834.246937018721,21.72556098240043,10.862780491200215,10.862780491200215,10.862780491200215,0.0,1.3416407864998738,2468.6987463034043
0.0,19.204166214652485,9.602083107326242,9.602083107326242,9.602083107326242,0.0,2.16794833886788,1881.0872653866966,50.37062636100528,25.18531318050264,25.18531318050264,25.18531318050264,0.0,3.286335345030997,3914.1928031204598,20.54263858417414,10.27131929208707,10.27131929208707,10.27131929208707,0.0,0.8366600265340756,1862.8509602219926,42.261093218230876,21.130546609115438,21.130546609115438,21.130546609115438,0.0,2.3021728866442674,4268.185949557494,33.244548425268164,16.622274212634082,16.622274212634082,16.622274212634082,0.0,1.3038404810405297,2314.1450905247925,23.596609926004202,11.798304963002101,11.798304963002101,11.798304963002101,0.0,1.3416407864998738,2573.3348985314756,25.155516293648198,12.577758146824099,12.577758146824099,12.577758146824099,0.0,1.3038404810405297,2596.403377751616,28.263050083103202,14.131525041551601,14.131525041551601,14.131525041551601,0.0,1.5811388300841898,2535.8857032603028,31.324112118302732,15.662056059151366,15.662056059151366,15.662056059151366,0.0,1.4142135623730951,3050.9203857196926,38.894729720104756,19.447364860052378,19.447364860052378,19.447364860052378,0.0,1.30384048104053,3298.3686877000273,25.791471458604295,12.895735729302148,12.895735729302148,12.895735729302148,0.0,1.5165750888103104,2602.742822485541,9.338094023943002,4.669047011971501,4.669047011971501,4.669047011971501,0.0,0.7071067811865476,912.8095639288625,18.297540818372287,9.148770409186143,9.148770409186143,9.148770409186143,0.0,1.224744871391589,1551.1106665870104,29.380265485526166,14.690132742763083,14.690132742763083,14.690132742763083,0.0,1.5811388300841898,2620.410406787456,28.96894889359985,14.484474446799926,14.484474446799926,14.484474446799926,0.0,1.0954451150103324,3039.6585828016937,26.252618916976648,13.126309458488324,13.126309458488324,13.126309458488324,0.0,1.9493588689617927,2414.6794404226825,46.93825731745907,23.469128658729534,23.469128658729534,23.469128658729534,0.0,2.16794833886788,4302.4558916972055,26.138094804327267,13.069047402163633,13.069047402163633,13.069047402163633,0.0,1.3038404810405297,1676.5292123908846,35.552777669262355,17.776388834631177,17.776388834631177,17.776388834631177,0.0,1.1401754250991378,2830.511914830955,20.947553556441857,10.473776778220929,10.473776778220929,10.473776778220929,0.0,1.3416407864998738,2469.5023385289596
0.0,19.204166214652485,9.602083107326242,9.602083107326242,9.602083107326242,0.0,2.16794833886788,1879.1398298157592,50.34679731621466,25.17339865810733,25.17339865810733,25.17339865810733,0.0,2.8809720581775866,3917.5097574862534,21.326040420106118,10.663020210053059,10.663020210053059,10.663020210053059,0.0,0.8366600265340756,1862.7449369143378,42.014283285568496,21.007141642784248,21.007141642784248,21.007141642784248,0.0,2.280350850198276,4271.5938477341215,33.244548425268164,16.622274212634082,16.622274212634082,16.622274212634082,0.0,1.3038404810405297,2314.5024735350794,23.280893453645632,11.640446726822816,11.640446726822816,11.640446726822816,0.0,1.3416407864998738,2579.740742787926,25.155516293648198,12.577758146824099,12.577758146824099,12.577758146824099,0.0,1.3038404810405297,2595.6978445111827,30.377623343507306,15.188811671753653,15.188811671753653,15.188811671753653,0.0,1.6733200530681511,2888.9705259832613,30.770115371899408,15.385057685949704,15.385057685949704,15.385057685949704,0.0,1.4142135623730951,3050.6940685686595,38.894729720104756,19.447364860052378,19.447364860052378,19.447364860052378,0.0,1.30384048104053,3294.7142819977576,25.97691282658507,12.988456413292536,12.988456413292536,12.988456413292536,0.0,1.5165750888103104,2606.173727900732,9.486832980505136,4.743416490252568,4.743416490252568,4.743416490252568,0.0,0.7071067811865476,916.3507516229796,19.56527536223296,9.78263768111648,9.78263768111648,9.78263768111648,0.0,1.224744871391589,1545.4899546745687,28.892905703649816,14.446452851824908,14.446452851824908,14.446452851824908,0.0,1.5811388300841898,2618.174325746855,28.726294574831613,14.363147287415806,14.363147287415806,14.363147287415806,0.0,1.0954451150103324,3035.238672658215,26.43482551483932,13.21741275741966,13.21741275741966,13.21741275741966,0.0,1.9493588689617927,2413.820063716432,46.355150738618036,23.177575369309018,23.177575369309018,23.177575369309018,0.0,1.816590212458495,4299.293930402991,25.86116780039138,12.93058390019569,12.93058390019569,12.93058390019569,0.0,1.0,1673.0511946739705,35.552777669262355,17.776388834631177,17.776388834631177,17.776388834631177,0.0,1.1401754250991378,2828.772436941508,20.717142660125695,10.358571330062848,10.358571330062848,10.358571330062848,0.0,1.3416407864998738,2467.640715339249
0.0,18.740330840195966,9.370165420097983,9.370165420097983,9.370165420097983,0.0,1.816590212458495,1876.197484275043,51.71846865482388,25.85923432741194,25.85923432741194,25.85923432741194,0.0,3.361547262794322,3981.7993420060734,21.38223561744655,10.691117808723275,10.691117808723275,10.691117808723275,0.0,0.8366600265340756,1865.6021280005016,41.674932513442656,20.837466256721328,20.837466256721328,20.837466256721328,0.0,2.280350850198276,4271.181136407118,32.75973137863008,16.37986568931504,16.37986568931504,16.37986568931504,0.0,1.3038404810405297,2315.4864931586194,22.995651762887697,11.497825881443848,11.497825881443848,11.497825881443848,0.0,1.3416407864998738,2577.3164338125034,25.155516293648198,12.577758146824099,12.577758146824099,12.577758146824099,0.0,1.3038404810405297,2596.348069885854,30.377623343507306,15.188811671753653,15.188811671753653,15.188811671753653,0.0,1.6733200530681511,2890.1844750811324,30.265491900843113,15.132745950421556,15.132745950421556,15.132745950421556,0.0,1.3038404810405297,3047.1510464694725,38.48116422355228,19.24058211177614,19.24058211177614,19.24058211177614,0.0,1.30384048104053,3296.136040881808,26.20686932847951,13.103434664239755,13.103434664239755,13.103434664239755,0.0,1.5165750888103104,2604.5033499690494,10.639548862616309,5.319774431308154,5.319774431308154,5.319774431308154,0.0,0.7071067811865476,913.5114668136356,19.56527536223296,9.78263768111648,9.78263768111648,9.78263768111648,0.0,1.224744871391589,1545.4422344429443,28.795833031881543,14.397916515940771,14.397916515940771,14.397916515940771,0.0,1.4832396974191326,2616.437043003328,29.168476134347507,14.584238067173754,14.584238067173754,14.584238067173754,0.0,1.0954451150103324,3035.883561667015,26.442390209661458,13.221195104830729,13.221195104830729,13.221195104830729,0.0,1.9493588689617927,2416.786647596349,46.355150738618036,23.177575369309018,23.177575369309018,23.177575369309018,0.0,1.816590212458495,4300.476624747541,33.00303016391071,16.501515081955354,16.501515081955354,16.501515081955354,0.0,2.701851217221259,2993.0182592159376,35.73793502708292,17.86896751354146,17.86896751354146,17.86896751354146,0.0,1.1401754250991378,2831.2919312568247,20.717142660125695,10.358571330062848,10.358571330062848,10.358571330062848,0.0,1.3416407864998738,2469.8766770832913
0.0,17.72004514666935,8.860022573334675,8.860022573334675,8.860022573334675,0.0,1.816590212458495,1874.7185655452395,51.70299797884064,25.85149898942032,25.85149898942032,25.85149898942032,0.0,3.361547262794322,3983.1884841167134,20.995237555217138,10.497618777608569,10.497618777608569,10.497618777608569,0.0,0.8366600265340756,1871.703689155952,40.06494727314639,20.032473636573194,20.032473636573194,20.032473636573194,0.0,1.8708286933869707,4273.380804468518,32.81463088318989,16.407315441594946,16.407315441594946,16.407315441594946,0.0,1.3038404810405297,2316.5296889960205,23.57965224510319,11.789826122551595,11.789826122551595,11.789826122551595,0.0,1.3416407864998738,2579.2223052695554,25.155516293648198,12.577758146824099,12.577758146824099,12.577758146824099,0.0,1.3038404810405297,2596.218692637429,30.509015061125783,15.254507530562892,15.254507530562892,15.254507530562892,0.0,1.6733200530681511,2890.6396869897153,30.48278202526797,15.241391012633985,15.241391012633985,15.241391012633985,0.0,1.3038404810405297,3047.418628938269,32.13720585240727,16.068602926203635,16.068602926203635,16.068602926203635,0.0,1.2247448713915892,2800.032053387961,26.328691574022436,13.164345787011218,13.164345787011218,13.164345787011218,0.0,1.5165750888103104,2606.272376402743,10.620734437881403,5.310367218940701,5.310367218940701,5.310367218940701,0.0,0.7071067811865476,908.866876940732,19.56527536223296,9.78263768111648,9.78263768111648,9.78263768111648,0.0,1.224744871391589,1543.551100547047,29.380265485526166,14.690132742763083,14.690132742763083,14.690132742763083,0.0,1.4832396974191326,2615.6953759946896,28.948229652260256,14.474114826130128,14.474114826130128,14.474114826130128,0.0,1.0954451150103324,3036.148497685843,26.1686835740738,13.0843417870369,13.0843417870369,13.0843417870369,0.0,1.51657508881031,2416.875503620325,46.66904755831214,23.33452377915607,23.33452377915607,23.33452377915607,0.0,1.816590212458495,4300.830175675389,33.38862081608044,16.69431040804022,16.69431040804022,16.69431040804022,0.0,2.280350850198276,2996.495536455878,35.73793502708292,17.86896751354146,17.86896751354146,17.86896751354146,0.0,1.1401754250991378,2831.9212029998293,20.5621010599598,10.2810505299799,10.2810505299799,10.2810505299799,0.0,1.3416407864998738,2468.231816503466
0.0,19.677398201998148,9.838699100999074,9.838699100999074,9.838699100999074,0.0,2.5495097567963922,1932.4430910119966,51.70299797884064,25.85149898942032,25.85149898942032,25.85149898942032,0.0,3.361547262794322,3981.2107706073543,20.995237555217138,10.497618777608569,10.497618777608569,10.497618777608569,0.0,0.8366600265340756,1874.4160423982719,40.55613393803704,20.27806696901852,20.27806696901852,20.27806696901852,0.0,1.8708286933869707,4276.594322588945,32.81463088318989,16.407315441594946,16.407315441594946,16.407315441594946,0.0,1.3038404810405297,2314.397653818375,23.477648945326703,11.738824472663351,11.738824472663351,11.738824472663351,0.0,1.3416407864998738,2582.549263808921,26.43482551483932,13.21741275741966,13.21741275741966,13.21741275741966,0.0,1.3038404810405297,2599.5311692687974,31.749015732775085,15.874507866387543,15.874507866387543,15.874507866387543,0.0,1.6733200530681511,2890.0047231795315,30.01333037168651,15.006665185843255,15.006665185843255,15.006665185843255,0.0,1.3038404810405297,3049.0889950934525,32.71085446759225,16.355427233796124,16.355427233796124,16.355427233796124,0.0,1.2247448713915892,2798.2891737631408,26.328691574022436,13.164345787011218,13.164345787011218,13.164345787011218,0.0,1.5165750888103104,2601.400814945671,39.30903204099536,19.65451602049768,19.65451602049768,19.65451602049768,0.0,1.9235384061671348,3831.0491121884615,19.6468827043885,9.82344135219425,9.82344135219425,9.82344135219425,0.0,1.3038404810405297,1546.4853054588007,29.257477676655586,14.628738838327793,14.628738838327793,14.628738838327793,0.0,1.4832396974191326,2619.4768943436015,28.621670111997307,14.310835055998654,14.310835055998654,14.310835055998654,0.0,1.0954451150103324,3031.7475488569294,26.1686835740738,13.0843417870369,13.0843417870369,13.0843417870369,0.0,1.51657508881031,2414.5849125677896,46.66904755831214,23.33452377915607,23.33452377915607,23.33452377915607,0.0,1.816590212458495,4303.591465276415,33.38862081608044,16.69431040804022,16.69431040804022,16.69431040804022,0.0,2.280350850198276,2997.9697630229693,36.40329655402104,18.20164827701052,18.20164827701052,18.20164827701052,0.0,1.3416407864998738,2829.101412109506,20.75572210259137,10.377861051295685,10.377861051295685,10.377861051295685,0.0,1.3416407864998738,2469.3141355445237
0.0,18.94201678808252,9.47100839404126,9.47100839404126,9.47100839404126,0.0,2.16794833886788,1934.5089040890973,51.67978328127935,25.839891640639674,25.839891640639674,25.839891640639674,0.0,2.949576240750525,3980.3073625035545,20.591260281974,10.295630140987,10.295630140987,10.295630140987,0.0,0.8366600265340756,1871.5947210868064,47.824679821196916,23.912339910598458,23.912339910598458,23.912339910598458,0.0,3.271085446759225,4846.723377705808,33.184333653096004,16.592166826548002,16.592166826548002,16.592166826548002,0.0,1.3038404810405297,2317.2116217557686,23.177575369309018,11.588787684654509,11.588787684654509,11.588787684654509,0.0,1.3416407864998738,2584.158915392008,26.419689627245813,13.209844813622906,13.209844813622906,13.209844813622906,0.0,1.3416407864998738,2604.3403579409505,31.317726609701413,15.658863304850707,15.658863304850707,15.658863304850707,0.0,1.6733200530681511,2889.6533183065403,30.01333037168651,15.006665185843255,15.006665185843255,15.006665185843255,0.0,1.3038404810405297,3048.570615878858,32.97271599368181,16.486357996840905,16.486357996840905,16.486357996840905,0.0,1.2247448713915892,2795.547477686616,26.817904466978774,13.408952233489387,13.408952233489387,13.408952233489387,0.0,1.5165750888103104,2599.960134309755,38.54867053479276,19.27433526739638,19.27433526739638,19.27433526739638,0.0,1.9235384061671348,3830.2040154540073,18.033302526159762,9.016651263079881,9.016651263079881,9.016651263079881,0.0,1.3038404810405297,1547.7388991687196,29.257477676655586,14.628738838327793,14.628738838327793,14.628738838327793,0.0,1.4832396974191326,2619.219063003322,29.543188724306656,14.771594362153328,14.771594362153328,14.771594362153328,0.0,1.2247448713915892,3033.3082105186736,25.19523764523764,12.59761882261882,12.59761882261882,12.59761882261882,0.0,1.51657508881031,2415.245805296016,46.66904755831214,23.33452377915607,23.33452377915607,23.33452377915607,0.0,1.816590212458495,4302.927456976238,34.48477925114209,17.242389625571047,17.242389625571047,17.242389625571047,0.0,2.280350850198276,2997.5090992355636,36.6333181680284,18.3166590840142,18.3166590840142,18.3166590840142,0.0,1.3416407864998738,2832.56424463771,20.81345718519631,10.406728592598155,10.406728592598155,10.406728592598155,0.0,1.3416407864998738,2466.91866505566
0.0,18.94201678808252,9.47100839404126,9.47100839404126,9.47100839404126,0.0,2.16794833886788,1931.5842461565067,51.67978328127935,25.839891640639674,25.839891640639674,25.839891640639674,0.0,2.949576240750525,3981.4205128320723,20.610676844781203,10.305338422390601,10.305338422390601,10.305338422390601,0.0,0.8366600265340756,1870.099516068597,47.70744176750625,23.853720883753127,23.853720883753127,23.853720883753127,0.0,2.9154759474226504,4845.2822105631785,33.30465432938765,16.652327164693826,16.652327164693826,16.652327164693826,0.0,1.3038404810405297,2316.7826397830245,23.55419283269966,11.77709641634983,11.77709641634983,11.77709641634983,0.0,1.3416407864998738,2585.482836918474,25.667099563448925,12.833549781724463,12.833549781724463,12.833549781724463,0.0,1.3416407864998738,2600.212010586829,31.317726609701413,15.658863304850707,15.658863304850707,15.658863304850707,0.0,1.6733200530681511,2892.679519061868,29.427877939124325,14.713938969562163,14.713938969562163,14.713938969562163,0.0,1.3038404810405297,3048.3739928033765,32.71085446759225,16.355427233796124,16.355427233796124,16.355427233796124,0.0,1.2247448713915892,2791.8623175221232,26.817904466978774,13.408952233489387,13.408952233489387,13.408952233489387,0.0,1.5165750888103104,2595.3597631157036,37.66696165076233,18.833480825381166,18.833480825381166,18.833480825381166,0.0,1.9235384061671348,3830.0753517391795,18.033302526159762,9.016651263079881,9.016651263079881,9.016651263079881,0.0,1.3038404810405297,1545.209953372033,29.257477676655586,14.628738838327793,14.628738838327793,14.628738838327793,0.0,1.4832396974191326,2619.249758995885,29.243802762294788,14.621901381147394,14.621901381147394,14.621901381147394,0.0,1.2247448713915892,3030.577882186828,25.51862065237853,12.759310326189265,12.759310326189265,12.759310326189265,0.0,1.51657508881031,2410.7439308230146,46.66904755831214,23.33452377915607,23.33452377915607,23.33452377915607,0.0,1.816590212458495,4301.709288178363,34.193566646373704,17.096783323186852,17.096783323186852,17.096783323186852,0.0,2.280350850198276,2999.116920028294,42.83456548162943,21.417282740814716,21.417282740814716,21.417282740814716,0.0,1.3416407864998738,3468.6337800350157,20.659138413786767,10.329569206893384,10.329569206893384,10.329569206893384,0.0,1.3416407864998738,2469.4082692013485
0.0,19.110206696946005,9.555103348473002,9.555103348473002,9.555103348473002,0.0,2.16794833886788,1929.7596482463819,51.67978328127935,25.839891640639674,25.839891640639674,25.839891640639674,0.0,2.949576240750525,3983.097576007899,20.6688170924221,10.33440854621105,10.33440854621105,10.33440854621105,0.0,0.8366600265340756,1869.2633575823393,37.05671329192594,18.52835664596297,18.52835664596297,18.52835664596297,0.0,2.5099800796022267,3948.1619141063607,34.785054261852174,17.392527130926087,17.392527130926087,17.392527130926087,0.0,1.6733200530681507,2320.086463906033,23.97498696558561,11.987493482792805,11.987493482792805,11.987493482792805,0.0,1.3416407864998738,2586.5848139970203,25.67489045740994,12.83744522870497,12.83744522870497,12.83744522870497,0.0,1.3416407864998738,2600.766233247425,31.317726609701413,15.658863304850707,15.658863304850707,15.658863304850707,0.0,1.6733200530681511,2894.2274444141394,29.312113536898018,14.656056768449009,14.656056768449009,14.656056768449009,0.0,1.3038404810405297,3045.4434816624,32.71085446759225,16.355427233796124,16.355427233796124,16.355427233796124,0.0,1.2247448713915892,2789.3842151987596,25.97691282658507,12.988456413292536,12.988456413292536,12.988456413292536,0.0,1.5165750888103104,2599.1161382285327,38.3822875816437,19.19114379082185,19.19114379082185,19.19114379082185,0.0,1.9235384061671348,3835.0768310426324,17.1697408250678,8.5848704125339,8.5848704125339,8.5848704125339,0.0,0.894427190999916,1545.3770737266682,29.610808837314796,14.805404418657398,14.805404418657398,14.805404418657398,0.0,1.4832396974191326,2618.435372507788,29.03790626061046,14.51895313030523,14.51895313030523,14.51895313030523,0.0,1.2247448713915892,3033.928344572429,29.257477676655586,14.628738838327793,14.628738838327793,14.628738838327793,0.0,2.5099800796022267,2527.4412357164706,46.66904755831214,23.33452377915607,23.33452377915607,23.33452377915607,0.0,1.816590212458495,4309.028510000833,34.28119017770533,17.140595088852663,17.140595088852663,17.140595088852663,0.0,2.280350850198276,2997.6848233261617,42.83456548162943,21.417282740814716,21.417282740814716,21.417282740814716,0.0,1.3416407864998738,3471.090635520772,21.98181066245454,10.990905331227268,10.99090533122727,10.99090533122727,0.0,1.3416407864998738,2471.7747065620683
0.0,16.11417595369576,8.05708797684788,8.05708797684788,10.737783756436894,0.0,1.414213562373095,2018.6304763378562,34.39185950192284,17.19592975096142,17.19592975096142,17.19592975096142,0.0,2.3874672772626644,3609.7699788213654,20.6688170924221,10.33440854621105,10.33440854621105,10.33440854621105,0.0,0.8366600265340756,1872.3496735385727,37.427262790645,18.7136313953225,18.7136313953225,18.7136313953225,0.0,2.16794833886788,3949.0547349967183,34.30451865279558,17.15225932639779,17.15225932639779,17.15225932639779,0.0,1.6733200530681507,2322.080468028617,23.97498696558561,11.987493482792805,11.987493482792805,11.987493482792805,0.0,1.3416407864998738,2585.2810678918454,25.93838853899756,12.96919426949878,12.96919426949878,12.96919426949878,0.0,1.3416407864998738,2601.3204915965275,30.44995894906921,15.224979474534605,15.224979474534605,15.224979474534605,0.0,1.6733200530681511,2892.8996180303247,29.685013053727975,14.842506526863987,14.842506526863987,14.842506526863987,0.0,1.3038404810405297,3048.380996529141,31.89357302028106,15.94678651014053,15.94678651014053,15.94678651014053,0.0,1.2247448713915892,2792.548799931704,26.115129714401192,13.057564857200596,13.057564857200596,13.057564857200596,0.0,1.5165750888103104,2601.3179928643867,38.3822875816437,19.19114379082185,19.19114379082185,19.19114379082185,0.0,1.9235384061671348,3832.9756456309506,17.1697408250678,8.5848704125339,8.5848704125339,8.5848704125339,0.0,0.894427190999916,1548.2145523150207,28.89982698910151,14.449913494550755,14.449913494550755,14.449913494550755,0.0,1.4832396974191326,2622.322310472151,28.36899716239543,14.184498581197715,14.184498581197715,14.184498581197715,0.0,0.8366600265340756,3033.0359707725192,27.878306978724517,13.939153489362258,13.939153489362258,13.939153489362258,0.0,2.073644135332772,2529.390539240629,46.99787229226447,23.498936146132234,23.498936146132234,23.498936146132234,0.0,1.816590212458495,4310.894373561013,34.39185950192284,17.19592975096142,17.19592975096142,17.19592975096142,0.0,2.280350850198276,2997.2661376661235,41.990475110434275,20.995237555217138,20.995237555217138,20.995237555217138,0.0,1.095445115010332,3469.2165542093217,22.027255843613386,11.013627921806691,11.013627921806693,11.013627921806693,0.0,1.3416407864998738,2474.217310585309
0.0,20.813457185196313,10.406728592598157,10.406728592598157,10.406728592598157,0.0,2.16794833886788,2018.8072468663272,34.397674339989905,17.198837169994952,17.198837169994952,17.198837169994952,0.0,2.0,3610.698159636167,20.268201696253172,10.134100848126586,10.134100848126586,10.134100848126586,0.0,0.8366600265340756,1873.2054078504045,38.09461904258921,19.047309521294604,19.047309521294604,19.047309521294604,0.0,2.3874672772626644,3980.237593410725,34.30451865279558,17.15225932639779,17.15225932639779,17.15225932639779,0.0,1.6733200530681507,2322.4554247606134,24.51938009004306,12.25969004502153,12.25969004502153,12.25969004502153,0.0,1.3416407864998738,2587.5786944554943,25.163465580082566,12.581732790041283,12.581732790041283,12.581732790041283,0.0,1.3416407864998738,2603.320821566178,30.44995894906921,15.224979474534605,15.224979474534605,15.224979474534605,0.0,1.6733200530681511,2889.531744072039,29.257477676655586,14.628738838327793,14.628738838327793,14.628738838327793,0.0,1.3038404810405297,3050.3895980677617,31.704889212864316,15.852444606432158,15.852444606432158,15.852444606432158,0.0,1.2247448713915892,2791.1982552301797,26.2449995237188,13.1224997618594,13.1224997618594,13.1224997618594,0.0,1.5165750888103104,2598.8122864108523,38.91015291668744,19.45507645834372,19.45507645834372,19.45507645834372,0.0,1.9235384061671348,3835.9925964474955,17.72004514666935,8.860022573334675,8.860022573334675,8.860022573334675,0.0,0.894427190999916,1551.6142239616136,28.89982698910151,14.449913494550755,14.449913494550755,14.449913494550755,0.0,1.4832396974191326,2620.9936665318364,28.36899716239543,14.184498581197715,14.184498581197715,14.184498581197715,0.0,0.8366600265340756,3033.7779582560092,28.085583490467133,14.042791745233567,14.042791745233567,14.042791745233567,0.0,2.073644135332772,2533.439499968373,46.424131655853294,23.212065827926647,23.212065827926647,23.212065827926647,0.0,1.816590212458495,4311.002354441482,34.39185950192284,17.19592975096142,17.19592975096142,17.19592975096142,0.0,2.280350850198276,2997.634734252991,42.35563716909474,21.17781858454737,21.17781858454737,21.17781858454737,0.0,1.095445115010332,3469.4157289088316,22.333830840229805,11.166915420114902,11.166915420114902,11.166915420114902,0.0,1.3416407864998738,2475.25075497413
0.0,20.813457185196313,10.406728592598157,10.406728592598157,10.406728592598157,0.0,2.16794833886788,2016.654581231005,34.77355316903925,17.386776584519627,17.386776584519627,17.386776584519627,0.0,2.0,3612.8253071522845,20.268201696253172,10.134100848126586,10.134100848126586,10.134100848126586,0.0,0.8366600265340756,1874.8770626363746,37.97367509209505,18.986837546047525,18.986837546047525,18.986837546047525,0.0,2.3874672772626644,3977.0952591055698,33.50820794969495,16.754103974847474,16.754103974847474,16.754103974847474,0.0,1.6733200530681507,2322.9319404580065,24.95596121170251,12.477980605851254,12.477980605851254,12.477980605851254,0.0,1.3038404810405297,2585.0156285794483,25.314027731674784,12.657013865837392,12.657013865837392,12.657013865837392,0.0,1.3416407864998738,2604.5593677242223,30.561413579872248,15.280706789936124,15.280706789936124,15.280706789936124,0.0,1.6733200530681511,2891.943688940018,30.152943471575043,15.076471735787521,15.076471735787521,15.076471735787521,0.0,1.3038404810405297,3052.2846033749865,31.704889212864316,15.852444606432158,15.852444606432158,15.852444606432158,0.0,1.2247448713915892,2789.362238935632,27.459060435491963,13.729530217745982,13.729530217745982,13.729530217745982,0.0,1.5165750888103104,2601.0030372915753,39.07428822128434,19.53714411064217,19.53714411064217,19.53714411064217,0.0,1.9235384061671348,3830.6504277994354,15.937377450509228,7.968688725254614,7.968688725254614,7.968688725254614,0.0,1.0954451150103321,1668.7220559458067,29.277978072264485,14.638989036132243,14.638989036132243,14.638989036132243,0.0,1.4832396974191326,2614.4748038564076,28.684490582891655,14.342245291445828,14.342245291445828,14.342245291445828,0.0,0.8366600265340756,3037.93026582244,28.319604517012593,14.159802258506296,14.159802258506296,14.159802258506296,0.0,2.073644135332772,2538.298977662009,46.41982335166734,23.20991167583367,23.20991167583367,23.20991167583367,0.0,1.51657508881031,4316.781069269092,34.39185950192284,17.19592975096142,17.19592975096142,17.19592975096142,0.0,2.280350850198276,3003.2582639526695,41.871231173682965,20.935615586841482,20.935615586841482,20.935615586841482,0.0,1.095445115010332,3472.030486617305,21.954498400100146,10.977249200050073,10.977249200050073,10.977249200050073,0.0,0.894427190999916,2478.3075475009146
0.0,20.813457185196313,10.406728592598157,10.406728592598157,10.406728592598157,0.0,2.16794833886788,2017.6640453752455,37.86819245752297,18.934096228761486,18.934096228761486,18.934096228761486,0.0,3.2093613071762426,3779.5532804817026,19.979989989987484,9.989994994993742,9.989994994993742,9.989994994993742,0.0,0.8366600265340756,1873.8200820783195,37.5339846006256,18.7669923003128,18.7669923003128,18.7669923003128,0.0,2.0,3979.027984319788,33.86443562205046,16.93221781102523,16.93221781102523,16.93221781102523,0.0,1.6733200530681507,2322.4746930806373,24.714368290530913,12.357184145265457,12.357184145265457,12.357184145265457,0.0,1.3038404810405297,2582.8304822423015,24.72245942457991,12.361229712289955,12.361229712289955,12.361229712289955,0.0,1.3416407864998738,2606.393427708104,30.561413579872248,15.280706789936124,15.280706789936124,15.280706789936124,0.0,1.6733200530681511,2892.171554386081,30.152943471575043,15.076471735787521,15.076471735787521,15.076471735787521,0.0,1.3038404810405297,3049.9890491606684,31.368774282716245,15.684387141358123,15.684387141358123,15.684387141358123,0.0,1.2247448713915892,2787.467757661064,28.09270367906941,14.046351839534704,14.046351839534704,14.046351839534704,0.0,1.5165750888103104,2600.706634743719,39.25812017914256,19.62906008957128,19.62906008957128,19.62906008957128,0.0,1.9235384061671348,3833.871646260474,15.323185047502363,7.661592523751182,7.661592523751182,7.661592523751182,0.0,1.0954451150103321,1669.2848169201084,29.678274882479272,14.839137441239636,14.839137441239636,14.839137441239636,0.0,1.4832396974191326,2613.7511932087186,28.684490582891655,14.342245291445828,14.342245291445828,14.342245291445828,0.0,0.8366600265340756,3036.3197624756194,28.121166405396487,14.060583202698243,14.060583202698243,14.060583202698243,0.0,2.073644135332772,2540.529177159751,47.34131388121796,23.67065694060898,23.67065694060898,23.67065694060898,0.0,1.51657508881031,4315.663714887896,34.79655155327895,17.398275776639476,17.398275776639476,17.398275776639476,0.0,2.280350850198276,3000.8171053897972,41.871231173682965,20.935615586841482,20.935615586841482,20.935615586841482,0.0,1.095445115010332,3475.605055238584,22.653917983430592,11.326958991715296,11.326958991715296,11.326958991715296,0.0,0.894427190999916,2481.0591488314017
0.0,20.94755355644186,10.47377677822093,10.47377677822093,10.47377677822093,0.0,2.073644135332772,2021.1146182243103,37.159117319979494,18.579558659989747,18.579558659989747,18.579558659989747,0.0,2.792848008753788,3778.637691020403,20.717142660125695,10.358571330062848,10.358571330062848,10.358571330062848,0.0,0.8366600265340756,1876.1379746703067,37.48599738569057,18.742998692845283,18.742998692845283,18.742998692845283,0.0,2.0,3976.2659996534435,33.86443562205046,16.93221781102523,16.93221781102523,16.93221781102523,0.0,1.6733200530681507,2324.1078503374147,24.0249869927124,12.0124934963562,12.0124934963562,12.0124934963562,0.0,0.9999999999999999,2586.1071710197934,24.72245942457991,12.361229712289955,12.361229712289955,12.361229712289955,0.0,1.3416407864998738,2605.730665283732,30.509015061125783,15.254507530562892,15.254507530562892,15.254507530562892,0.0,1.6733200530681511,2893.136567810099,30.495901363953813,15.247950681976906,15.247950681976906,15.247950681976906,0.0,1.3038404810405297,3050.6597974864385,31.793081008294873,15.896540504147437,15.896540504147437,15.896540504147437,0.0,1.2247448713915892,2784.9628902374984,28.16380656090366,14.08190328045183,14.08190328045183,14.08190328045183,0.0,1.5165750888103104,2597.9117575468185,39.25812017914256,19.62906008957128,19.62906008957128,19.62906008957128,0.0,1.9235384061671348,3836.2311843787515,15.270887335056859,7.635443667528429,7.635443667528429,7.635443667528429,0.0,1.0954451150103321,1667.3287918104215,28.98275349237888,14.49137674618944,14.49137674618944,14.49137674618944,0.0,1.140175425099138,2614.9153906006213,30.046630426721727,15.023315213360863,15.023315213360863,15.023315213360863,0.0,0.8944271909999159,3035.2112447076897,27.33495930123182,13.66747965061591,13.66747965061591,13.66747965061591,0.0,1.6431676725154984,2541.8651026362513,47.67389222624895,23.836946113124476,23.836946113124476,23.836946113124476,0.0,1.51657508881031,4316.265666059029,35.625833323586974,17.812916661793487,17.812916661793487,17.812916661793487,0.0,2.280350850198276,3003.42149889089,42.34146903450564,21.17073451725282,21.17073451725282,21.17073451725282,0.0,1.095445115010332,3477.025524784079,23.212065827926647,11.606032913963324,11.606032913963324,11.606032913963324,0.0,0.894427190999916,2480.981499326426
0.0,19.91983935678197,9.959919678390985,9.959919678390985,9.959919678390985,0.0,1.6733200530681511,2017.4934448468475,37.5393127267935,18.76965636339675,18.76965636339675,18.76965636339675,0.0,2.792848008753788,3777.5872987927096,20.717142660125695,10.358571330062848,10.358571330062848,10.358571330062848,0.0,0.8366600265340756,1875.5479732600818,37.86819245752297,18.934096228761486,18.934096228761486,18.934096228761486,0.0,2.280350850198276,3977.032474094221,33.25657829663178,16.62828914831589,16.62828914831589,16.62828914831589,0.0,1.6733200530681507,2324.165807338194,22.689204481426845,11.344602240713423,11.344602240713423,11.344602240713423,0.0,0.9999999999999999,2585.930142134547,25.93838853899756,12.96919426949878,12.96919426949878,12.96919426949878,0.0,1.3416407864998738,2604.7605072251845,31.260198335903116,15.630099167951558,15.630099167951558,15.630099167951558,0.0,1.6733200530681511,2893.19385800537,31.0290186760716,15.5145093380358,15.5145093380358,15.5145093380358,0.0,1.5165750888103104,3050.9157313829564,31.515075757484702,15.757537878742351,15.757537878742351,15.757537878742351,0.0,1.2247448713915892,2785.9395542617217,28.16380656090366,14.08190328045183,14.08190328045183,14.08190328045183,0.0,1.5165750888103104,2600.151764801432,39.73411632338134,19.86705816169067,19.86705816169067,19.86705816169067,0.0,1.9235384061671348,3834.1204597664896,15.517731793016658,7.758865896508329,7.758865896508329,7.758865896508329,0.0,1.0954451150103321,1667.8621645687633,22.82104292095346,11.41052146047673,11.41052146047673,11.41052146047673,0.0,0.7071067811865476,1935.1065345349853,29.966648127543394,14.983324063771697,14.983324063771697,14.983324063771697,0.0,0.8944271909999159,3032.125277754862,27.400729917285048,13.700364958642524,13.700364958642524,13.700364958642524,0.0,1.6431676725154984,2542.5554074591964,47.18050444834179,23.590252224170897,23.590252224170897,23.590252224170897,0.0,1.51657508881031,4316.08157939583,35.42315626818141,17.711578134090704,17.711578134090704,17.711578134090704,0.0,2.280350850198276,3006.397794703821,42.708313008125245,21.354156504062622,21.354156504062622,21.354156504062622,0.0,1.095445115010332,3474.6585443752597,23.212065827926647,11.606032913963324,11.606032913963324,11.606032913963324,0.0,0.894427190999916,2481.0953830919116
0.0,21.279097725232617,10.639548862616309,10.639548862616309,10.639548862616309,0.0,2.4899799195977463,2118.9139907037284,36.48013157871007,18.240065789355036,18.240065789355036,18.240065789355036,0.0,2.3874672772626644,3780.6865381832436,20.851858430365386,10.425929215182693,10.425929215182693,10.425929215182693,0.0,0.8366600265340756,1878.5143864234844,37.37913856685304,18.68956928342652,18.68956928342652,18.68956928342652,0.0,1.9493588689617927,3973.8963876779676,33.573799308389276,16.786899654194638,16.786899654194638,16.786899654194638,0.0,1.5165750888103102,2322.2464339514013,22.759613353482084,11.379806676741042,11.379806676741042,11.379806676741042,0.0,0.9999999999999999,2584.452804753842,25.93838853899756,12.96919426949878,12.96919426949878,12.96919426949878,0.0,1.3416407864998738,2604.469101371717,31.260198335903116,15.630099167951558,15.630099167951558,15.630099167951558,0.0,1.6733200530681511,2891.68414596062,31.591137997862628,15.795568998931314,15.795568998931314,15.795568998931314,0.0,1.5165750888103104,3210.3356989573535,31.515075757484702,15.757537878742351,15.757537878742351,15.757537878742351,0.0,1.2247448713915892,2784.058943341538,28.16380656090366,14.08190328045183,14.08190328045183,14.08190328045183,0.0,1.5165750888103104,2598.0266164918326,40.12480529547776,20.06240264773888,20.06240264773888,20.06240264773888,0.0,1.9235384061671348,3836.0019160579154,15.517731793016658,7.758865896508329,7.758865896508329,7.758865896508329,0.0,1.0954451150103321,1666.2270853638167,22.82104292095346,11.41052146047673,11.41052146047673,11.41052146047673,0.0,0.8366600265340757,1934.265571218182,30.509015061125787,15.254507530562893,15.254507530562893,15.254507530562893,0.0,0.8944271909999159,3041.1572139565556,26.60826939130014,13.30413469565007,13.30413469565007,13.30413469565007,0.0,1.6431676725154984,2543.8088175018183,46.22986047999713,23.114930239998564,23.114930239998564,23.114930239998564,0.0,1.3038404810405297,4314.058217038802,35.42315626818141,17.711578134090704,17.711578134090704,17.711578134090704,0.0,2.280350850198276,3007.2297384802514,42.708313008125245,21.354156504062622,21.354156504062622,21.354156504062622,0.0,1.095445115010332,3474.535753161852,22.44994432064365,11.224972160321824,11.224972160321824,11.224972160321824,0.0,0.894427190999916,2482.769361016041
0.0,21.817424229271428,10.908712114635714,10.908712114635714,10.908712114635714,0.0,2.4899799195977463,2118.564773614439,38.66264346885764,19.33132173442882,19.33132173442882,19.33132173442882,0.0,3.2093613071762426,3849.6227737273166,20.464603587658374,10.232301793829187,10.232301793829187,10.232301793829187,0.0,0.8366600265340756,1877.9070264525878,38.19424040349539,19.097120201747696,19.097120201747696,19.097120201747696,0.0,2.280350850198276,4007.065796814422,34.3685903115039,17.18429515575195,17.18429515575195,17.18429515575195,0.0,1.5165750888103102,2323.054820704841,22.521101216414795,11.260550608207398,11.260550608207398,11.260550608207398,0.0,0.9999999999999999,2583.1114958514663,25.93838853899756,12.96919426949878,12.96919426949878,12.96919426949878,0.0,1.3416407864998738,2603.7353360124757,31.260198335903116,15.630099167951558,15.630099167951558,15.630099167951558,0.0,1.6733200530681511,2895.2103205121384,31.0290186760716,15.5145093380358,15.5145093380358,15.5145093380358,0.0,1.5165750888103104,3209.5569320390623,31.20897306865447,15.604486534327235,15.604486534327235,15.604486534327235,0.0,1.2247448713915892,2785.4665138895493,38.55904563134311,19.279522815671555,19.279522815671555,19.279522815671555,0.0,2.073644135332772,3444.91368542087,39.764305601883706,19.882152800941853,19.882152800941853,19.882152800941853,0.0,1.5165750888103104,3836.697108190846,15.517731793016658,7.758865896508329,7.758865896508329,7.758865896508329,0.0,1.0954451150103321,1671.1074770941575,22.117866081518805,11.058933040759403,11.058933040759403,11.058933040759403,0.0,0.8366600265340757,1932.8367235749636,29.685013053727975,14.842506526863987,14.842506526863987,14.842506526863987,0.0,0.8944271909999159,3040.420908361209,26.705804612480787,13.352902306240393,13.352902306240393,13.352902306240393,0.0,1.7320508075688774,2546.273512409851,46.11724189497893,23.058620947489466,23.058620947489466,23.058620947489466,0.0,1.3038404810405297,4310.487350636817,35.42315626818141,17.711578134090704,17.711578134090704,17.711578134090704,0.0,2.280350850198276,3008.9076589353817,42.81588490268536,21.40794245134268,21.40794245134268,21.40794245134268,0.0,1.095445115010332,3476.938840416955,23.03909720453473,11.519548602267365,11.519548602267365,11.519548602267365,0.0,0.894427190999916,2482.9304259282017
0.0,21.13764414498456,10.56882207249228,10.56882207249228,10.56882207249228,0.0,2.073644135332772,2116.3486716512475,38.66264346885764,19.33132173442882,19.33132173442882,19.33132173442882,0.0,3.2093613071762426,3849.173443740877,20.464603587658374,10.232301793829187,10.232301793829187,10.232301793829187,0.0,0.8366600265340756,1875.2681141639453,37.85762802923606,18.92881401461803,18.92881401461803,18.92881401461803,0.0,2.280350850198276,4004.10666691086,33.98234835911138,16.99117417955569,16.99117417955569,16.99117417955569,0.0,1.5165750888103102,2318.9801206564925,22.960836221705865,11.480418110852932,11.480418110852932,11.480418110852932,0.0,0.9999999999999999,2580.6558662479583,25.984610830258745,12.992305415129373,12.992305415129373,12.992305415129373,0.0,1.3416407864998738,2602.4897117952264,31.029018676071598,15.514509338035799,15.514509338035799,15.514509338035799,0.0,1.6733200530681511,2896.733384348653,30.899838187278586,15.449919093639293,15.449919093639293,15.449919093639293,0.0,1.1401754250991378,3208.762876873266,30.38420642373271,15.192103211866355,15.192103211866355,15.192103211866355,0.0,0.8366600265340756,2785.6525267879338,37.94733192202055,18.973665961010276,18.973665961010276,18.973665961010276,0.0,2.073644135332772,3444.8726101265343,39.764305601883706,19.882152800941853,19.882152800941853,19.882152800941853,0.0,1.5165750888103104,3837.8526157214533,15.517731793016658,7.758865896508329,7.758865896508329,7.758865896508329,0.0,1.0954451150103321,1673.54019969644,22.045407685048605,11.022703842524303,11.022703842524303,11.022703842524303,0.0,0.8366600265340757,1935.3538952863375,29.685013053727975,14.842506526863987,14.842506526863987,14.842506526863987,0.0,0.8944271909999159,3045.5629693046903,26.705804612480787,13.352902306240393,13.352902306240393,13.352902306240393,0.0,1.7320508075688774,2544.7739192313334,46.11724189497893,23.058620947489466,23.058620947489466,23.058620947489466,0.0,1.3038404810405297,4311.0950117110615,34.66987164671943,17.334935823359714,17.334935823359714,17.334935823359714,0.0,1.8708286933869707,3009.4347808184843,42.81588490268536,21.40794245134268,21.40794245134268,21.40794245134268,0.0,1.095445115010332,3482.3650440469332,22.297981971469973,11.148990985734986,11.148990985734986,11.148990985734986,0.0,0.894427190999916,2485.8357749457223
0.0,21.13764414498456,10.56882207249228,10.56882207249228,10.56882207249228,0.0,2.073644135332772,2118.0238903279633,37.61382724477795,18.806913622388976,18.806913622388976,18.806913622388976,0.0,2.7748873851023217,3851.4296955805903,19.979989989987484,9.989994994993742,9.989994994993742,9.989994994993742,0.0,0.8366600265340756,1878.1138676874734,37.40053475553525,18.700267377767624,18.700267377767624,18.700267377767624,0.0,2.280350850198276,4006.5387181456267,33.98234835911138,16.99117417955569,16.99117417955569,16.99117417955569,0.0,1.5165750888103102,2320.486112865147,23.426480742954116,11.713240371477058,11.713240371477058,11.713240371477058,0.0,0.9999999999999999,2583.8595163050177,26.660832695172893,13.330416347586446,13.330416347586446,13.330416347586446,0.0,1.3416407864998738,2605.7684087424195,30.561413579872248,15.280706789936124,15.280706789936124,15.280706789936124,0.0,1.6733200530681511,2894.5279407875823,30.899838187278586,15.449919093639293,15.449919093639293,15.449919093639293,0.0,1.1401754250991378,3205.9505298740964,30.25227264190246,15.12613632095123,15.12613632095123,15.12613632095123,0.0,0.8366600265340756,2782.44556101283,37.507332616436486,18.753666308218243,18.753666308218243,18.753666308218243,0.0,2.073644135332772,3444.9252967227026,39.764305601883706,19.882152800941853,19.882152800941853,19.882152800941853,0.0,1.5165750888103104,3840.208627145145,16.34625339336204,8.17312669668102,8.17312669668102,8.17312669668102,0.0,1.0954451150103321,1671.3918451398524,23.435016535091247,11.717508267545623,11.717508267545623,11.717508267545623,0.0,0.8366600265340757,1932.2127988397137,29.685013053727975,14.842506526863987,14.842506526863987,14.842506526863987,0.0,0.8944271909999159,3039.6718243915743,26.705804612480787,13.352902306240393,13.352902306240393,13.352902306240393,0.0,1.7320508075688774,2541.727030977166,46.848692617830864,23.424346308915432,23.424346308915432,23.424346308915432,0.0,1.3038404810405297,4310.653871514158,34.66987164671943,17.334935823359714,17.334935823359714,17.334935823359714,0.0,1.8708286933869707,3005.8916813484816,43.42810150121693,21.714050750608465,21.714050750608465,21.714050750608465,0.0,1.0,3480.849580203086,22.297981971469973,11.148990985734986,11.148990985734986,11.148990985734986,0.0,0.894427190999916,2484.2472703014087
0.0,21.817424229271428,10.908712114635714,10.908712114635714,10.908712114635714,0.0,2.4899799195977463,2181.791396994681,37.29879354617251,18.649396773086256,18.649396773086256,18.649396773086256,0.0,2.7748873851023217,3852.96357366638,19.979989989987484,9.989994994993742,9.989994994993742,9.989994994993742,0.0,0.8366600265340756,1879.5113194657808,37.094473981982816,18.547236990991408,18.547236990991408,18.547236990991408,0.0,2.280350850198276,4009.893726771322,34.785054261852174,17.392527130926087,17.392527130926087,17.392527130926087,0.0,1.5165750888103102,2325.848167873389,22.40535650240808,11.20267825120404,11.20267825120404,11.20267825120404,0.0,0.9999999999999999,2580.731388579602,26.660832695172893,13.330416347586446,13.330416347586446,13.330416347586446,0.0,1.3416407864998738,2603.4409346094258,30.561413579872248,15.280706789936124,15.280706789936124,15.280706789936124,0.0,1.6733200530681511,2897.1856171118893,31.324112118302732,15.662056059151366,15.662056059151366,15.662056059151366,0.0,1.1401754250991378,3207.428596243414,30.25227264190246,15.12613632095123,15.12613632095123,15.12613632095123,0.0,0.8366600265340756,2782.496145549891,37.507332616436486,18.753666308218243,18.753666308218243,18.753666308218243,0.0,2.073644135332772,3447.661308771498,39.764305601883706,19.882152800941853,19.882152800941853,19.882152800941853,0.0,1.5165750888103104,3842.0608662539435,16.93517050401324,8.46758525200662,8.46758525200662,8.46758525200662,0.0,1.0954451150103321,1673.013837360588,23.469128658729538,11.734564329364769,11.734564329364769,11.734564329364769,0.0,0.8366600265340757,1934.382123573313,30.245660845813898,15.122830422906949,15.122830422906949,15.122830422906949,0.0,0.8944271909999159,3041.2146422112332,26.81044572550035,13.405222862750175,13.405222862750175,13.405222862750175,0.0,1.7320508075688774,2543.426193149705,47.18898176481455,23.594490882407275,23.594490882407275,23.594490882407275,0.0,1.3038404810405297,4313.855873809416,35.031414473298106,17.515707236649053,17.515707236649053,17.515707236649053,0.0,1.8708286933869707,3006.2482765067825,43.48792935976603,21.743964679883014,21.743964679883014,21.743964679883014,0.0,1.0,3476.669843398996,22.56546033210934,11.28273016605467,11.28273016605467,11.28273016605467,0.0,0.894427190999916,2486.697649494204
0.0,22.154006409676782,11.077003204838391,11.077003204838391,11.077003204838391,0.0,2.073644135332772,2183.6347679957835,38.03682426281143,19.018412131405714,19.018412131405714,19.018412131405714,0.0,3.2093613071762426,3918.864210456902,19.979989989987484,9.989994994993742,9.989994994993742,9.989994994993742,0.0,0.8366600265340756,1881.4251778904204,36.64423556304593,18.322117781522966,18.322117781522966,18.322117781522966,0.0,1.9493588689617927,4008.978323712913,35.59213396243614,17.79606698121807,17.79606698121807,17.79606698121807,0.0,1.5165750888103102,2328.469712064127,22.40535650240808,11.20267825120404,11.20267825120404,11.20267825120404,0.0,0.9999999999999999,2579.2683652539918,27.9069883720906,13.9534941860453,13.9534941860453,13.9534941860453,0.0,1.3416407864998738,2603.8378021681765,30.14630989026683,15.073154945133416,15.073154945133416,15.073154945133416,0.0,1.6733200530681511,2896.504393229881,31.324112118302732,15.662056059151366,15.662056059151366,15.662056059151366,0.0,1.1401754250991378,3209.152177756611,30.25227264190246,15.12613632095123,15.12613632095123,15.12613632095123,0.0,0.8366600265340756,2784.4034908755593,37.507332616436486,18.753666308218243,18.753666308218243,18.753666308218243,0.0,2.073644135332772,3446.998810559702,38.894729720104756,19.447364860052378,19.447364860052378,19.447364860052378,0.0,1.5165750888103104,3840.4783946794964,17.204650534085253,8.602325267042627,8.602325267042627,8.602325267042627,0.0,1.0954451150103321,1674.3324938613596,23.537204591879643,11.768602295939822,11.768602295939822,11.768602295939822,0.0,0.8366600265340757,1934.0823405429253,30.548322376196047,15.274161188098024,15.274161188098024,15.274161188098024,0.0,0.8944271909999159,3047.7218212953753,25.752669764511797,12.876334882255899,12.876334882255899,12.876334882255899,0.0,1.3038404810405297,2539.6021932578337,50.05197298808509,25.025986494042545,25.025986494042545,25.025986494042545,0.0,1.51657508881031,4437.921641940065,33.823069050575526,16.911534525287763,16.911534525287763,16.911534525287763,0.0,1.9235384061671346,3004.770423842727,43.48792935976603,21.743964679883014,21.743964679883014,21.743964679883014,0.0,1.0,3478.364457615102,22.56546033210934,11.28273016605467,11.28273016605467,11.28273016605467,0.0,0.894427190999916,2482.1186917631476
0.0,22.315913604421397,11.157956802210698,11.157956802210698,11.157956802210698,0.0,2.073644135332772,2184.0655896744493,37.95787138394354,18.97893569197177,18.97893569197177,18.97893569197177,0.0,2.7748873851023217,3919.2682990578737,32.63740185737829,16.318700928689147,16.318700928689147,16.318700928689147,0.0,2.345207879911715,3131.807417450824,36.64423556304593,18.322117781522966,18.322117781522966,18.322117781522966,0.0,1.9493588689617927,4011.741230438474,35.59213396243614,17.79606698121807,17.79606698121807,17.79606698121807,0.0,1.5165750888103102,2326.361644284912,22.40535650240808,11.20267825120404,11.20267825120404,11.20267825120404,0.0,0.9999999999999999,2580.8999011972546,27.9069883720906,13.9534941860453,13.9534941860453,13.9534941860453,0.0,1.3416407864998738,2605.1735642755166,30.086541841826886,15.043270920913443,15.043270920913443,15.043270920913443,0.0,1.6733200530681511,2898.209447227719,30.899838187278586,15.449919093639293,15.449919093639293,15.449919093639293,0.0,1.1401754250991378,3214.216809737638,30.672463220289302,15.336231610144651,15.336231610144651,15.336231610144651,0.0,0.8366600265340756,2781.467742038365,36.894444026167406,18.447222013083703,18.447222013083703,18.447222013083703,0.0,2.073644135332772,3449.7417584509135,38.894729720104756,19.447364860052378,19.447364860052378,19.447364860052378,0.0,1.5165750888103104,3837.1526161986308,17.00588133558505,8.502940667792526,8.502940667792526,8.502940667792526,0.0,0.8944271909999159,1676.2217037134437,24.273442277518036,12.136721138759018,12.136721138759018,12.136721138759018,0.0,0.8366600265340757,1935.9586255909499,31.508728949292767,15.754364474646383,15.754364474646383,15.754364474646383,0.0,0.8944271909999159,3047.039743751302,24.92388412747901,12.461942063739505,12.461942063739505,12.461942063739505,0.0,1.3038404810405297,2543.3590977288286,50.58458263146984,25.29229131573492,25.29229131573492,25.29229131573492,0.0,1.51657508881031,4444.785844109927,33.9234432214656,16.9617216107328,16.9617216107328,16.9617216107328,0.0,1.9235384061671346,3003.0776380240322,44.127089185669156,22.063544592834578,22.063544592834578,22.063544592834578,0.0,1.0,3476.3488461315274,22.56546033210934,11.28273016605467,11.28273016605467,11.28273016605467,0.0,0.894427190999916,2483.7329365292076
0.0,21.651789764358973,10.825894882179487,10.825894882179487,10.825894882179487,0.0,1.6733200530681511,2182.7930960125377,37.22902093797257,18.614510468986285,18.614510468986285,18.614510468986285,0.0,2.345207879911715,3918.4426498291386,32.63740185737829,16.318700928689147,16.318700928689147,16.318700928689147,0.0,2.345207879911715,3132.076739162053,36.64423556304593,18.322117781522966,18.322117781522966,18.322117781522966,0.0,1.9493588689617927,4013.8441424649263,35.59213396243614,17.79606698121807,17.79606698121807,17.79606698121807,0.0,1.5165750888103102,2326.979200594625,22.40535650240808,11.20267825120404,11.20267825120404,11.20267825120404,0.0,0.9999999999999999,2578.1114793584857,27.151427218472328,13.575713609236164,13.575713609236164,13.575713609236164,0.0,1.3416407864998738,2605.5739866678127,28.74021572639983,14.370107863199914,14.370107863199914,14.370107863199914,0.0,1.3038404810405297,2895.422387148376,30.397368307141328,15.198684153570664,15.198684153570664,15.198684153570664,0.0,1.1401754250991378,3212.637965909013,30.672463220289302,15.336231610144651,15.336231610144651,15.336231610144651,0.0,0.8366600265340756,2782.051886647695,35.70434147271169,17.852170736355845,17.852170736355845,17.852170736355845,0.0,1.7888543819998317,3451.3105047213585,38.564232132897445,19.282116066448722,19.282116066448722,19.282116066448722,0.0,1.5165750888103104,3836.4949237552755,16.1245154965971,8.06225774829855,8.06225774829855,8.06225774829855,0.0,0.5477225575051662,1678.4092170862266,24.223955085823622,12.111977542911811,12.111977542911811,12.111977542911811,0.0,0.8366600265340757,1933.215973449423,31.906112267087632,15.953056133543816,15.953056133543816,15.953056133543816,0.0,0.8944271909999159,3045.737595394587,24.535688292770594,12.267844146385297,12.267844146385297,12.267844146385297,0.0,1.3038404810405297,2544.0233292955472,51.12729212465687,25.563646062328434,25.563646062328434,25.563646062328434,0.0,1.51657508881031,4444.854215832056,33.9234432214656,16.9617216107328,16.9617216107328,16.9617216107328,0.0,1.9235384061671346,3004.8627755689613,43.977266854592045,21.988633427296023,21.988633427296023,21.988633427296023,0.0,0.8366600265340757,3473.99111973534,22.67156809750927,11.335784048754634,11.335784048754634,11.335784048754634,0.0,0.894427190999916,2479.214754715694
0.0,21.651789764358973,10.825894882179487,10.825894882179487,10.825894882179487,0.0,1.6733200530681511,2185.8869366918316,36.507533469134835,18.253766734567417,18.253766734567417,18.253766734567417,0.0,2.345207879911715,3917.8739515201355,32.63740185737829,16.318700928689147,16.318700928689147,16.318700928689147,0.0,2.345207879911715,3131.265830299306,36.155220923125334,18.077610461562667,18.077610461562667,18.077610461562667,0.0,1.9493588689617927,4013.0866923105464,35.59213396243614,17.79606698121807,17.79606698121807,17.79606698121807,0.0,1.5165750888103102,2328.126779193951,21.890637268019404,10.945318634009702,10.945318634009702,10.945318634009702,0.0,0.9999999999999999,2580.1642002012195,27.261694738221983,13.630847369110992,13.630847369110992,13.630847369110992,0.0,1.3416407864998738,2604.078819851657,30.44995894906921,15.224979474534605,15.224979474534605,15.224979474534605,0.0,1.3038404810405297,2896.696014427472,30.397368307141328,15.198684153570664,15.198684153570664,15.198684153570664,0.0,1.1401754250991378,3212.9995798319055,29.819456735494025,14.909728367747013,14.909728367747013,14.909728367747013,0.0,0.8366600265340756,2782.2416861229003,35.9722114972099,17.98610574860495,17.98610574860495,17.98610574860495,0.0,1.7888543819998317,3450.7438763257987,37.85234470941001,18.926172354705006,18.926172354705006,18.926172354705006,0.0,1.5165750888103104,3842.1036165101013,16.284962388657824,8.142481194328912,8.142481194328912,8.142481194328912,0.0,0.5477225575051662,1681.6135703543785,24.20743687382041,12.103718436910205,12.103718436910205,12.103718436910205,0.0,0.8366600265340757,1936.6731009646414,31.906112267087632,15.953056133543816,15.953056133543816,15.953056133543816,0.0,0.8944271909999159,3043.666161063003,24.42949037536395,12.214745187681975,12.214745187681975,12.214745187681975,0.0,1.3038404810405297,2544.1535331029063,51.12729212465687,25.563646062328434,25.563646062328434,25.563646062328434,0.0,1.51657508881031,4448.295999593553,33.9234432214656,16.9617216107328,16.9617216107328,16.9617216107328,0.0,1.9235384061671346,3007.7992452954704,43.977266854592045,21.988633427296023,21.988633427296023,21.988633427296023,0.0,0.8366600265340757,3477.3117059015576,22.512218904408336,11.256109452204168,11.256109452204168,11.256109452204168,0.0,0.894427190999916,2476.426861427569
0.0,21.651789764358973,10.825894882179487,10.825894882179487,10.825894882179487,0.0,1.6733200530681511,2189.5461401852212,36.894444026167406,18.447222013083703,18.447222013083703,18.447222013083703,0.0,2.345207879911715,3912.8569741302836,32.53920712002676,16.26960356001338,16.26960356001338,16.26960356001338,0.0,2.3874672772626644,3129.6869332251113,36.64423556304593,18.322117781522966,18.322117781522966,18.322117781522966,0.0,1.9493588689617927,4015.472051951053,36.40329655402103,18.201648277010516,18.201648277010516,18.201648277010516,0.0,1.5165750888103102,2332.009069450631,21.97271034715563,10.986355173577815,10.986355173577815,10.986355173577815,0.0,0.9999999999999999,2577.238987754143,27.217641337926402,13.608820668963201,13.608820668963201,13.608820668963201,0.0,1.3416407864998738,2601.3865918006113,30.44995894906921,15.224979474534605,15.224979474534605,15.224979474534605,0.0,1.3038404810405297,2897.708059829354,30.899838187278586,15.449919093639293,15.449919093639293,15.449919093639293,0.0,1.1401754250991378,3215.973522900958,29.819456735494025,14.909728367747013,14.909728367747013,14.909728367747013,0.0,0.8366600265340756,2779.4967710001033,35.50774563387544,17.75387281693772,17.75387281693772,17.75387281693772,0.0,1.7888543819998317,3452.9425567188346,37.85234470941001,18.926172354705006,18.926172354705006,18.926172354705006,0.0,1.5165750888103104,3837.985969229174,16.284962388657824,8.142481194328912,8.142481194328912,8.142481194328912,0.0,0.5477225575051662,1679.5455337679894,24.20743687382041,12.103718436910205,12.103718436910205,12.103718436910205,0.0,0.8366600265340757,1931.0927735352334,31.906112267087632,15.953056133543816,15.953056133543816,15.953056133543816,0.0,0.8944271909999159,3039.415683976116,24.68197723035981,12.340988615179905,12.340988615179905,12.340988615179905,0.0,1.3038404810405297,2545.141292737989,50.13182621848121,25.065913109240604,25.065913109240604,25.065913109240604,0.0,1.51657508881031,4447.994120949352,34.2227994179319,17.11139970896595,17.11139970896595,17.11139970896595,0.0,1.9235384061671346,3010.200325559746,43.977266854592045,21.988633427296023,21.988633427296023,21.988633427296023,0.0,0.8366600265340757,3478.7024592511502,22.512218904408336,11.256109452204168,11.256109452204168,11.256109452204168,0.0,0.894427190999916,2479.1868223270308
0.0,22.07260745811423,11.036303729057115,11.036303729057115,11.036303729057115,0.0,1.7888543819998317,2226.7981947181474,39.4715087119811,19.73575435599055,19.73575435599055,19.73575435599055,0.0,3.2093613071762426,4001.699264062706,33.087762088119526,16.543881044059763,16.543881044059763,16.543881044059763,0.0,2.3874672772626644,3128.54066618927,36.56774535024001,18.283872675120005,18.283872675120005,18.283872675120005,0.0,1.9493588689617927,4012.6770739744306,36.04441704342019,18.022208521710095,18.022208521710095,18.022208521710095,0.0,1.3038404810405297,2333.5880527633835,21.97271034715563,10.986355173577815,10.986355173577815,10.986355173577815,0.0,0.9999999999999999,2576.8277978941474,27.349588662354687,13.674794331177344,13.674794331177344,13.674794331177344,0.0,1.3416407864998738,2600.9040159144665,31.22178726466504,15.61089363233252,15.61089363233252,15.61089363233252,0.0,1.3038404810405297,2900.4827701608574,30.938648968563577,15.469324484281788,15.469324484281788,15.469324484281788,0.0,1.0954451150103321,3215.8412118759843,28.319604517012593,14.159802258506296,14.159802258506296,14.159802258506296,0.0,0.8366600265340756,2777.747648725492,36.09986149557918,18.04993074778959,18.04993074778959,18.04993074778959,0.0,2.0,3453.325527661706,38.02630668366309,19.013153341831543,19.013153341831543,19.013153341831543,0.0,1.5165750888103104,3840.4272288379584,16.97056274847714,8.48528137423857,8.48528137423857,8.48528137423857,0.0,0.5477225575051662,1681.786252768169,24.20743687382041,12.103718436910205,12.103718436910205,12.103718436910205,0.0,0.8366600265340757,1928.6506422885404,31.906112267087632,15.953056133543816,15.953056133543816,15.953056133543816,0.0,0.8944271909999159,3039.210473132784,24.875690945177784,12.437845472588892,12.437845472588892,12.437845472588892,0.0,1.3038404810405297,2540.444252488135,50.13182621848121,25.065913109240604,25.065913109240604,25.065913109240604,0.0,1.51657508881031,4450.429226490406,34.87119154832539,17.435595774162696,17.435595774162696,17.435595774162696,0.0,2.1908902300206647,3012.0674461240073,43.977266854592045,21.988633427296023,21.988633427296023,21.988633427296023,0.0,0.8366600265340757,3477.9762362615415,22.512218904408336,11.256109452204168,11.256109452204168,11.256109452204168,0.0,0.894427190999916,2480.5174258609836
0.0,21.090282122342508,10.545141061171254,10.545141061171254,10.545141061171254,0.0,1.4142135623730951,2224.7716062553477,39.074288221284334,19.537144110642167,19.537144110642167,19.537144110642167,0.0,2.7748873851023217,3999.618081767308,34.42673379802388,17.21336689901194,17.21336689901194,17.21336689901194,0.0,2.3874672772626644,3128.210718605766,36.56774535024001,18.283872675120005,18.283872675120005,18.283872675120005,0.0,1.9493588689617927,4013.7287277542814,36.04441704342019,18.022208521710095,18.022208521710095,18.022208521710095,0.0,1.3038404810405297,2335.4033270508116,21.354156504062622,10.677078252031311,10.677078252031311,10.677078252031311,0.0,0.9999999999999999,2576.7845660823104,27.224988521577014,13.612494260788507,13.612494260788507,13.612494260788507,0.0,1.3416407864998738,2606.346427472756,31.918646587848926,15.959323293924463,15.959323293924463,15.959323293924463,0.0,1.224744871391589,2903.4918288157796,30.47622023808071,15.238110119040355,15.238110119040355,15.238110119040355,0.0,1.0954451150103321,3219.2981377933916,28.156704352604905,14.078352176302452,14.078352176302452,14.078352176302452,0.0,1.140175425099138,2775.843529451903,36.09986149557918,18.04993074778959,18.04993074778959,18.04993074778959,0.0,2.0,3457.606151660423,38.141840542899864,19.070920271449932,19.070920271449932,19.070920271449932,0.0,1.5165750888103104,3840.6701498566626,17.515707236649053,8.757853618324527,8.757853618324527,8.757853618324527,0.0,0.5477225575051662,1686.2327834554753,24.20743687382041,12.103718436910205,12.103718436910205,12.103718436910205,0.0,0.8366600265340757,1929.6964269024286,31.22178726466504,15.61089363233252,15.61089363233252,15.61089363233252,0.0,0.8944271909999159,3040.604002496872,23.97498696558561,11.987493482792805,11.987493482792805,11.987493482792805,0.0,1.3038404810405297,2542.5691141048655,50.13182621848121,25.065913109240604,25.065913109240604,25.065913109240604,0.0,1.51657508881031,4449.708114022761,35.25904139366242,17.62952069683121,17.62952069683121,17.62952069683121,0.0,1.8165902124584952,3009.180071049255,42.93250516799596,21.46625258399798,21.46625258399798,21.46625258399798,0.0,0.8366600265340757,3477.6689031591263,22.342784070030305,11.171392035015153,11.171392035015153,11.171392035015153,0.0,0.894427190999916,2476.282637341707
0.0,21.32604042010612,10.66302021005306,10.66302021005306,10.66302021005306,0.0,1.4142135623730951,2222.926899382883,38.6367700513384,19.3183850256692,19.3183850256692,19.3183850256692,0.0,2.4899799195977463,3999.5395109937344,34.33365695640358,17.16682847820179,17.16682847820179,17.16682847820179,0.0,2.3874672772626644,3132.1533646997555,36.122015447646326,18.061007723823163,18.061007723823163,18.061007723823163,0.0,1.6733200530681511,4014.656610471187,35.6931365951495,17.84656829757475,17.84656829757475,17.84656829757475,0.0,1.3038404810405297,2336.1274579953892,21.46625258399798,10.73312629199899,10.73312629199899,10.73312629199899,0.0,0.9999999999999999,2576.2242332529986,45.506043554675244,22.753021777337622,22.753021777337622,22.753021777337622,0.0,3.5777087639996634,4234.856373007236,31.918646587848926,15.959323293924463,15.959323293924463,15.959323293924463,0.0,1.224744871391589,2901.0795921518597,31.016124838541646,15.508062419270823,15.508062419270823,15.508062419270823,0.0,1.0954451150103321,3219.5286456250083,27.48090245970827,13.740451229854134,13.740451229854134,13.740451229854134,0.0,1.140175425099138,2776.4891860045122,35.64828186603108,17.82414093301554,17.82414093301554,17.82414093301554,0.0,1.7888543819998317,3459.188951184945,38.30404678359716,19.15202339179858,19.15202339179858,19.15202339179858,0.0,1.5165750888103104,3840.6939867685373,18.253766734567417,9.126883367283709,9.126883367283709,9.126883367283709,0.0,0.8366600265340756,1686.3887452186107,24.23220996937754,12.11610498468877,12.11610498468877,12.11610498468877,0.0,0.8366600265340757,1927.46660152647,31.099839227880263,15.549919613940132,15.549919613940132,15.549919613940132,0.0,0.8944271909999159,3040.156295324305,23.97498696558561,11.987493482792805,11.987493482792805,11.987493482792805,0.0,1.3038404810405297,2541.7920449950266,50.68727650998818,25.34363825499409,25.34363825499409,25.34363825499409,0.0,1.51657508881031,4450.333043717065,35.84410690755176,17.92205345377588,17.92205345377588,17.92205345377588,0.0,1.8165902124584952,3006.2803428822135,42.741080940940186,21.370540470470093,21.370540470470093,21.370540470470093,0.0,0.8366600265340757,3473.115143498701,22.342784070030305,11.171392035015153,11.171392035015153,11.171392035015153,0.0,0.894427190999916,2481.589309293542
0.0,21.6794833886788,10.8397416943394,10.8397416943394,10.8397416943394,0.0,1.4142135623730951,2225.1223112449347,38.6367700513384,19.3183850256692,19.3183850256692,19.3183850256692,0.0,2.4899799195977463,4001.895151050312,35.014282800023196,17.507141400011598,17.507141400011598,17.507141400011598,0.0,2.3874672772626644,3134.2909884055116,35.6931365951495,17.84656829757475,17.84656829757475,17.84656829757475,0.0,1.6733200530681511,4014.405161415574,35.05994865940337,17.529974329701684,17.529974329701684,17.529974329701684,0.0,1.3038404810405297,2334.284301450875,21.05231578710523,10.526157893552615,10.526157893552615,10.526157893552615,0.0,0.9999999999999999,2573.8933155824466,44.66766168045961,22.333830840229805,22.333830840229805,22.333830840229805,0.0,3.1304951684997055,4238.56747026634,31.918646587848926,15.959323293924463,15.959323293924463,15.959323293924463,0.0,1.224744871391589,2904.6414580804976,31.016124838541646,15.508062419270823,15.508062419270823,15.508062419270823,0.0,1.0954451150103321,3215.680410115408,28.057084666800293,14.028542333400146,14.028542333400146,14.028542333400146,0.0,1.140175425099138,2778.273510653694,34.44996371551065,17.224981857755324,17.224981857755324,17.224981857755324,0.0,1.7888543819998317,3458.8403692567254,38.48636122056748,19.24318061028374,19.24318061028374,19.24318061028374,0.0,1.5165750888103104,3841.735154848652,17.515707236649053,8.757853618324527,8.757853618324527,8.757853618324527,0.0,0.8366600265340756,1683.8371952181126,24.23220996937754,12.11610498468877,12.11610498468877,12.11610498468877,0.0,0.8366600265340757,1925.623405549486,31.24099870362662,15.62049935181331,15.62049935181331,15.62049935181331,0.0,0.8944271909999159,3039.7494962578744,23.562682360037027,11.781341180018513,11.781341180018513,11.781341180018513,0.0,1.3038404810405297,2541.989240732541,51.71846865482388,25.85923432741194,25.85923432741194,25.85923432741194,0.0,1.51657508881031,4453.165671744091,36.32079294288604,18.16039647144302,18.16039647144302,18.16039647144302,0.0,1.8165902124584952,3001.0831877840374,42.741080940940186,21.370540470470093,21.370540470470093,21.370540470470093,0.0,0.8366600265340757,3473.638337536019,21.6794833886788,10.8397416943394,10.8397416943394,10.8397416943394,0.0,0.894427190999916,2482.1421796504724
0.0,21.23205124334434,10.61602562167217,10.61602562167217,10.61602562167217,0.0,1.4142135623730951,2225.275196464473,39.07428822128434,19.53714411064217,19.53714411064217,19.53714411064217,0.0,2.9154759474226504,4060.155785188544,33.87034100802647,16.935170504013236,16.935170504013236,16.935170504013236,0.0,1.9493588689617927,3132.7219314838653,35.28172331391991,17.640861656959956,17.640861656959956,17.640861656959956,0.0,1.6733200530681511,4014.0449050801612,34.75629439396553,17.378147196982766,17.378147196982766,17.378147196982766,0.0,1.3038404810405297,2328.401662084959,20.42547429069886,10.21273714534943,10.21273714534943,10.21273714534943,0.0,0.9999999999999999,2574.9102314449724,44.66766168045961,22.333830840229805,22.333830840229805,22.333830840229805,0.0,3.1304951684997055,4238.102134210548,31.45155004129367,15.725775020646836,15.725775020646836,15.725775020646836,0.0,1.224744871391589,2904.6714099877113,30.574499178236756,15.287249589118378,15.287249589118378,15.287249589118378,0.0,1.0954451150103321,3216.0437963435757,27.400729917285048,13.700364958642524,13.700364958642524,13.700364958642524,0.0,1.140175425099138,2777.862343601641,34.31034829318992,17.15517414659496,17.15517414659496,17.15517414659496,0.0,1.7888543819998317,3455.73918286667,38.48636122056748,19.24318061028374,19.24318061028374,19.24318061028374,0.0,1.5165750888103104,3841.997501300593,17.515707236649053,8.757853618324527,8.757853618324527,8.757853618324527,0.0,0.8366600265340756,1682.4943684898324,24.09979253022731,12.049896265113656,12.049896265113656,12.049896265113656,0.0,0.8366600265340757,1925.8340530793405,31.79308100829487,15.896540504147435,15.896540504147435,15.896540504147435,0.0,0.8944271909999159,3038.0544267672362,23.765521244020714,11.882760622010357,11.882760622010357,11.882760622010357,0.0,1.3038404810405297,2542.962642273771,51.23670559276816,25.61835279638408,25.61835279638408,25.61835279638408,0.0,1.51657508881031,4453.376999536419,36.91612113968638,18.45806056984319,18.45806056984319,18.45806056984319,0.0,1.8165902124584952,3001.3350029611825,42.39339571206817,21.196697856034085,21.196697856034085,21.196697856034085,0.0,0.8366600265340757,3471.6155749160935,21.51278689523977,10.756393447619885,10.756393447619885,10.756393447619885,0.0,0.894427190999916,2480.9472586090983
0.0,21.428952377566198,10.714476188783099,10.714476188783099,10.714476188783099,0.0,1.4142135623730951,2222.934254538357,39.07428822128434,19.53714411064217,19.53714411064217,19.53714411064217,0.0,2.9154759474226504,4060.391951523892,34.54272716506327,17.271363582531635,17.271363582531635,17.271363582531635,0.0,2.1908902300206643,3130.0716445474536,35.73793502708292,17.86896751354146,17.86896751354146,17.86896751354146,0.0,1.6733200530681511,4013.7360650645674,35.569649984221094,17.784824992110547,17.784824992110547,17.784824992110547,0.0,1.224744871391589,2328.734677888402,20.851858430365386,10.425929215182693,10.425929215182693,10.425929215182693,0.0,0.9999999999999999,2576.4688043910023,42.997674355713706,21.498837177856853,21.498837177856853,21.498837177856853,0.0,2.6832815729997477,4238.832539744876,31.06122985330748,15.53061492665374,15.53061492665374,15.53061492665374,0.0,1.224744871391589,2904.6984869345733,30.574499178236756,15.287249589118378,15.287249589118378,15.287249589118378,0.0,1.0954451150103321,3220.6526201998254,29.664793948382652,14.832396974191326,14.832396974191326,14.832396974191326,0.0,1.140175425099138,2776.777574815815,34.31034829318992,17.15517414659496,17.15517414659496,17.15517414659496,0.0,1.7888543819998317,3453.624255763791,38.971784665319085,19.485892332659542,19.485892332659542,19.485892332659542,0.0,1.5165750888103104,3843.2614665151264,17.515707236649053,8.757853618324527,8.757853618324527,8.757853618324527,0.0,0.8366600265340756,1684.601495903408,24.09979253022731,12.049896265113656,12.049896265113656,12.049896265113656,0.0,0.8366600265340757,1927.071041762602,32.63740185737829,16.318700928689147,16.318700928689147,16.318700928689147,0.0,0.8944271909999159,3032.2186596616016,23.383755044902433,11.691877522451216,11.691877522451216,11.691877522451216,0.0,1.140175425099138,2547.2679089565745,51.252317020794294,25.626158510397147,25.626158510397147,25.626158510397147,0.0,1.7888543819998317,4453.336030438305,36.29325006113396,18.14662503056698,18.14662503056698,18.14662503056698,0.0,1.8165902124584952,2999.704452108574,43.02092514114498,21.51046257057249,21.51046257057249,21.51046257057249,0.0,0.8366600265340757,3473.393686295868,21.51278689523977,10.756393447619885,10.756393447619885,10.756393447619885,0.0,0.894427190999916,2479.3419086523745
0.0,21.428952377566198,10.714476188783099,10.714476188783099,10.714476188783099,0.0,1.4142135623730951,2219.8834879335445,38.79690709322072,19.39845354661036,19.39845354661036,19.39845354661036,0.0,2.9154759474226504,4056.638534550497,34.42673379802388,17.21336689901194,17.21336689901194,17.21336689901194,0.0,2.1908902300206643,3134.7876642605315,36.12755181298617,18.063775906493085,18.063775906493085,18.063775906493085,0.0,1.6733200530681511,4009.008144167333,35.569649984221094,17.784824992110547,17.784824992110547,17.784824992110547,0.0,1.224744871391589,2327.5082814030975,21.614809737770074,10.807404868885037,10.807404868885037,10.807404868885037,0.0,0.9999999999999999,2579.2584205542494,43.05810028322197,21.529050141610984,21.529050141610984,21.529050141610984,0.0,2.6832815729997477,4235.317780285205,30.639843341636066,15.319921670818033,15.319921670818033,15.319921670818033,0.0,1.224744871391589,2905.326745823953,29.414282245195107,14.707141122597553,14.707141122597553,14.707141122597553,0.0,1.0954451150103321,3218.789213353369,29.664793948382652,14.832396974191326,14.832396974191326,14.832396974191326,0.0,1.140175425099138,2775.2468899180844,34.50797009387831,17.253985046939157,17.253985046939157,17.253985046939157,0.0,1.7888543819998317,3456.1691509531183,39.15609786482816,19.57804893241408,19.57804893241408,19.57804893241408,0.0,1.5165750888103104,3843.180883070689,28.39013913315678,14.19506956657839,14.19506956657839,14.19506956657839,0.0,2.3452078799117144,2689.151408902072,24.08318915758459,12.041594578792296,12.041594578792296,12.041594578792296,0.0,0.8366600265340757,1923.4216126476276,33.17830616532435,16.589153082662175,16.589153082662175,16.589153082662175,0.0,0.8944271909999159,3032.700446796551,22.93468988235943,11.467344941179714,11.467344941179714,11.467344941179714,0.0,1.140175425099138,2548.981129784997,51.633322573702344,25.816661286851172,25.816661286851172,25.816661286851172,0.0,1.7888543819998317,4453.945801196956,36.29325006113396,18.14662503056698,18.14662503056698,18.14662503056698,0.0,1.8165902124584952,2994.4366248094148,43.09060222368678,21.54530111184339,21.54530111184339,21.54530111184339,0.0,0.8366600265340757,3470.8949134193044,21.614809737770074,10.807404868885037,10.807404868885037,10.807404868885037,0.0,0.894427190999916,2477.1859639518384
0.0,21.69792616818483,10.848963084092414,10.848963084092414,10.848963084092414,0.0,0.8944271909999159,2220.260525253737,39.557553008243566,19.778776504121783,19.778776504121783,19.778776504121783,0.0,3.3466401061363023,4128.247109851832,34.33365695640358,17.16682847820179,17.16682847820179,17.16682847820179,0.0,2.1908902300206643,3132.4111000952607,36.12755181298617,18.063775906493085,18.063775906493085,18.063775906493085,0.0,1.6733200530681511,4012.767835297726,35.05424368033063,17.527121840165314,17.527121840165314,17.527121840165314,0.0,1.095445115010332,2325.827444158315,45.838848153067715,22.919424076533858,22.919424076533858,22.919424076533858,0.0,3.7815340802378077,4192.757767865918,44.98888751680797,22.494443758403985,22.494443758403985,22.494443758403985,0.0,3.1304951684997055,4271.714854715844,30.639843341636066,15.319921670818033,15.319921670818033,15.319921670818033,0.0,1.224744871391589,2906.697731103116,28.474550040343043,14.237275020171522,14.237275020171522,14.237275020171522,0.0,1.0954451150103321,3215.420470171825,29.380265485526166,14.690132742763083,14.690132742763083,14.690132742763083,0.0,1.140175425099138,2776.985109790832,34.72751070837067,17.363755354185336,17.363755354185336,17.363755354185336,0.0,1.7888543819998317,3454.1375913533034,39.15609786482816,19.57804893241408,19.57804893241408,19.57804893241408,0.0,1.5165750888103104,3843.6486181751834,28.858274376684413,14.429137188342207,14.429137188342207,14.429137188342207,0.0,2.3452078799117144,2691.181023268409,24.08318915758459,12.041594578792296,12.041594578792296,12.041594578792296,0.0,0.8366600265340757,1924.653397367952,34.07051511204373,17.035257556021865,17.035257556021865,17.035257556021865,0.0,0.8944271909999159,3028.6755686273164,23.09112383579457,11.545561917897285,11.545561917897285,11.545561917897285,0.0,1.140175425099138,2546.985178598415,52.19961685683143,26.099808428415717,26.099808428415717,26.099808428415717,0.0,1.7888543819998317,4454.523453749009,36.09432088293115,18.047160441465575,18.047160441465575,18.047160441465575,0.0,1.8165902124584952,2997.381640699095,42.62862887778588,21.31431443889294,21.31431443889294,21.31431443889294,0.0,0.8366600265340757,3469.3255396402337,28.085583490467133,14.042791745233567,14.042791745233567,14.042791745233567,0.0,0.8944271909999159,2850.6282114649744
0.0,21.844907873461036,10.922453936730518,10.922453936730518,10.922453936730518,0.0,0.8944271909999159,2221.407729346416,39.30903204099536,19.65451602049768,19.65451602049768,19.65451602049768,0.0,3.3466401061363023,4129.909296824811,34.33365695640358,17.16682847820179,17.16682847820179,17.16682847820179,0.0,2.1908902300206643,3129.2741650421112,36.07214992206592,18.03607496103296,18.03607496103296,18.03607496103296,0.0,1.6733200530681511,4011.4355036570137,34.76780119593415,17.383900597967074,17.383900597967074,17.383900597967074,0.0,1.095445115010332,2325.405835547851,45.60701700396552,22.80350850198276,22.80350850198276,22.80350850198276,0.0,3.3466401061363023,4193.5091152875775,44.98888751680797,22.494443758403985,22.494443758403985,22.494443758403985,0.0,3.1304951684997055,4270.551697380562,30.639843341636066,15.319921670818033,15.319921670818033,15.319921670818033,0.0,1.224744871391589,2908.0422452227203,27.914154115788644,13.957077057894322,13.957077057894322,13.957077057894322,0.0,1.0954451150103321,3213.502964056514,29.277978072264485,14.638989036132243,14.638989036132243,14.638989036132243,0.0,1.140175425099138,2777.0130536243432,34.72751070837067,17.363755354185336,17.363755354185336,17.363755354185336,0.0,1.7888543819998317,3453.344393482932,39.35987804859156,19.67993902429578,19.67993902429578,19.67993902429578,0.0,1.5165750888103104,3851.069111298835,29.14103635768639,14.570518178843194,14.570518178843194,14.570518178843194,0.0,2.3452078799117144,2688.9753066921235,24.108089928486663,12.054044964243332,12.054044964243332,12.054044964243332,0.0,0.8366600265340757,1923.5949417691866,32.53920712002676,16.26960356001338,16.26960356001338,16.26960356001338,0.0,0.8944271909999157,3028.690855798921,28.192197502145874,14.096098751072937,14.096098751072937,14.096098751072937,0.0,1.9235384061671346,2812.1291399933966,53.35916041318491,26.679580206592455,26.679580206592455,26.679580206592455,0.0,1.7888543819998317,4453.600981228561,35.16816742453322,17.58408371226661,17.58408371226661,17.58408371226661,0.0,1.8165902124584952,2995.0928533185747,42.27528828996912,21.13764414498456,21.13764414498456,21.13764414498456,0.0,0.8366600265340757,3465.2010475584243,28.14249455894058,14.07124727947029,14.07124727947029,14.07124727947029,0.0,0.8944271909999159,2850.736431170023
0.0,22.16303228351211,11.081516141756055,11.081516141756055,11.081516141756055,0.0,0.8944271909999159,2222.588738385939,39.30903204099536,19.65451602049768,19.65451602049768,19.65451602049768,0.0,3.3466401061363023,4131.76762415313,34.01764248151244,17.00882124075622,17.00882124075622,17.00882124075622,0.0,1.7888543819998317,3126.165110802691,35.67632268045573,17.838161340227867,17.838161340227867,17.838161340227867,0.0,1.7888543819998317,4009.754443853139,34.76780119593415,17.383900597967074,17.383900597967074,17.383900597967074,0.0,1.095445115010332,2326.4824736068826,46.00869483043395,23.004347415216976,23.004347415216976,23.004347415216976,0.0,3.3466401061363023,4190.678405699965,44.98888751680797,22.494443758403985,22.494443758403985,22.494443758403985,0.0,3.1304951684997055,4275.090782661814,30.776614498674153,15.388307249337076,15.388307249337076,15.388307249337076,0.0,1.224744871391589,2911.9622765413706,27.914154115788644,13.957077057894322,13.957077057894322,13.957077057894322,0.0,1.0954451150103321,3215.2864880131597,29.277978072264485,14.638989036132243,14.638989036132243,14.638989036132243,0.0,1.140175425099138,2776.7698500235847,34.65833233148993,17.329166165744965,17.329166165744965,17.329166165744965,0.0,1.7888543819998317,3454.004386216092,39.55755300824357,19.778776504121787,19.778776504121787,19.778776504121787,0.0,1.5165750888103104,3853.0350115201395,29.14103635768639,14.570518178843194,14.570518178843194,14.570518178843194,0.0,2.3452078799117144,2685.0131657032894,22.759613353482088,11.379806676741044,11.379806676741044,11.379806676741044,0.0,0.8366600265340757,1923.7162472672524,32.53920712002676,16.26960356001338,16.26960356001338,16.26960356001338,0.0,0.8944271909999157,3029.4836688782466,28.691462144686877,14.345731072343439,14.345731072343439,14.345731072343439,0.0,1.9235384061671346,2813.0411479393615,54.01851534427802,27.00925767213901,27.00925767213901,27.00925767213901,0.0,1.7888543819998317,4453.263892921685,35.16816742453322,17.58408371226661,17.58408371226661,17.58408371226661,0.0,1.8165902124584952,2993.6161577597086,41.914198071775154,20.957099035887577,20.957099035887577,20.957099035887577,0.0,0.8366600265340757,3464.1976415903296,27.5826032128949,13.79130160644745,13.79130160644745,13.79130160644745,0.0,0.8944271909999159,2849.0827997796064
0.0,22.16303228351211,11.081516141756055,11.081516141756055,11.081516141756055,0.0,0.8944271909999159,2221.2587197352764,39.30903204099536,19.65451602049768,19.65451602049768,19.65451602049768,0.0,3.3466401061363023,4132.382666210863,34.01764248151244,17.00882124075622,17.00882124075622,17.00882124075622,0.0,1.7888543819998317,3130.5152451313825,35.67632268045573,17.838161340227867,17.838161340227867,17.838161340227867,0.0,1.7888543819998317,4007.895557521428,34.33365695640358,17.16682847820179,17.16682847820179,17.16682847820179,0.0,1.095445115010332,2324.0041523198706,44.25833254879809,22.129166274399044,22.129166274399044,22.129166274399044,0.0,2.9154759474226504,4189.7089397713535,44.98888751680797,22.494443758403985,22.494443758403985,22.494443758403985,0.0,3.1304951684997055,4271.894251968323,30.776614498674153,15.388307249337076,15.388307249337076,15.388307249337076,0.0,1.224744871391589,2914.234033155196,27.914154115788644,13.957077057894322,13.957077057894322,13.957077057894322,0.0,1.0954451150103321,3219.320114558352,29.277978072264485,14.638989036132243,14.638989036132243,14.638989036132243,0.0,1.140175425099138,2779.9280206508943,34.193566646373704,17.096783323186852,17.096783323186852,17.096783323186852,0.0,1.7888543819998317,3453.979299301025,39.67366884975475,19.836834424877374,19.836834424877374,19.836834424877374,0.0,1.5165750888103104,3848.908455653369,28.6705423736629,14.33527118683145,14.33527118683145,14.33527118683145,0.0,2.3452078799117144,2685.2287053433643,22.7771815640127,11.38859078200635,11.38859078200635,11.38859078200635,0.0,0.8366600265340757,1919.4298111678895,33.015148038438355,16.507574019219177,16.507574019219177,16.507574019219177,0.0,0.8944271909999157,3028.810905289401,28.684490582891655,14.342245291445828,14.342245291445828,14.342245291445828,0.0,1.9235384061671346,2816.150422118819,53.542506478498,26.771253239249,26.771253239249,26.771253239249,0.0,1.7888543819998317,4449.565518115224,35.16816742453322,17.58408371226661,17.58408371226661,17.58408371226661,0.0,1.8165902124584952,2995.0822526267953,41.914198071775154,20.957099035887577,20.957099035887577,20.957099035887577,0.0,0.8366600265340757,3465.7551558065957,28.234730386529282,14.117365193264641,14.117365193264641,14.117365193264641,0.0,0.8944271909999159,2850.4496662807433
0.0,22.67156809750927,11.335784048754634,11.335784048754634,11.335784048754634,0.0,1.140175425099138,2224.35750274096,38.42915559832144,19.21457779916072,19.21457779916072,19.21457779916072,0.0,3.03315017762062,4188.229136520589,33.19638534539566,16.59819267269783,16.59819267269783,16.59819267269783,0.0,1.7888543819998317,3130.8037785846627,35.25904139366242,17.62952069683121,17.62952069683121,17.62952069683121,0.0,1.5811388300841898,4006.9246062285724,33.823069050575526,16.911534525287763,16.911534525287763,16.911534525287763,0.0,1.095445115010332,2323.186324856446,44.474711915874174,22.237355957937087,22.237355957937087,22.237355957937087,0.0,2.9154759474226504,4186.873093371711,44.2402531638326,22.1201265819163,22.1201265819163,22.1201265819163,0.0,2.8284271247461903,4271.405120098069,30.285309970347008,15.142654985173504,15.142654985173504,15.142654985173504,0.0,1.0954451150103321,2913.6048977169157,27.914154115788644,13.957077057894322,13.957077057894322,13.957077057894322,0.0,1.0954451150103321,3218.0259943014753,29.846272799128535,14.923136399564267,14.923136399564267,14.923136399564267,0.0,1.140175425099138,2779.0327993746314,34.50797009387831,17.253985046939157,17.253985046939157,17.253985046939157,0.0,1.7888543819998317,3455.459043311033,40.23928428786974,20.11964214393487,20.11964214393487,20.11964214393487,0.0,1.5165750888103104,3851.2239223394945,28.6705423736629,14.33527118683145,14.33527118683145,14.33527118683145,0.0,2.3452078799117144,2682.9444086674625,22.16303228351211,11.081516141756055,11.081516141756055,11.081516141756055,0.0,0.8366600265340757,1919.0429385503598,33.184333653096004,16.592166826548002,16.592166826548002,16.592166826548002,0.0,0.8944271909999157,3028.9218874048242,28.948229652260256,14.474114826130128,14.474114826130128,14.474114826130128,0.0,1.9235384061671346,2812.3878999881936,53.001886758869254,26.500943379434627,26.500943379434627,26.500943379434627,0.0,1.5811388300841898,4445.261859553383,34.97427626127523,17.487138130637614,17.487138130637614,17.487138130637614,0.0,1.8165902124584952,2999.2747956797825,41.689327171351664,20.844663585675832,20.844663585675832,20.844663585675832,0.0,0.5477225575051662,3464.2261329191547,28.234730386529282,14.117365193264641,14.117365193264641,14.117365193264641,0.0,0.8944271909999159,2852.6748500311073
0.0,22.108821768696767,11.054410884348384,11.054410884348384,11.054410884348384,0.0,0.8366600265340756,2223.2746793862425,38.42915559832144,19.21457779916072,19.21457779916072,19.21457779916072,0.0,3.03315017762062,4186.808354821128,32.391356871857035,16.195678435928517,16.195678435928517,16.195678435928517,0.0,1.7888543819998317,3128.4223979507624,34.859718874368454,17.429859437184227,17.429859437184227,17.429859437184227,0.0,1.5811388300841898,3999.742591717622,33.50820794969495,16.754103974847474,16.754103974847474,16.754103974847474,0.0,1.095445115010332,2321.665630533389,44.330576355378014,22.165288177689007,22.165288177689007,22.165288177689007,0.0,2.9154759474226504,4239.509205084947,44.528642467517464,22.264321233758732,22.264321233758732,22.264321233758732,0.0,2.8284271247461903,4271.787330848763,29.81274895074253,14.906374475371265,14.906374475371265,14.906374475371265,0.0,1.0954451150103321,2917.8826741320495,28.02142037798941,14.010710188994706,14.010710188994706,14.010710188994706,0.0,1.0954451150103321,3217.0085949527706,29.189039038652847,14.594519519326424,14.594519519326424,14.594519519326424,0.0,0.8944271909999157,2781.251750561247,34.058772731852805,17.029386365926403,17.029386365926403,17.029386365926403,0.0,1.7888543819998317,3453.75821388817,39.35987804859156,19.67993902429578,19.67993902429578,19.67993902429578,0.0,1.5165750888103104,3854.356664866395,28.474550040343043,14.237275020171522,14.237275020171522,14.237275020171522,0.0,2.3452078799117144,2679.9093641390186,22.154006409676782,11.077003204838391,11.077003204838391,11.077003204838391,0.0,0.8366600265340757,1921.464415491476,35.17385392589217,17.586926962946084,17.586926962946084,17.586926962946084,0.0,0.8944271909999157,3026.7899332461116,28.948229652260256,14.474114826130128,14.474114826130128,14.474114826130128,0.0,1.9235384061671346,2810.8501027269313,53.001886758869254,26.500943379434627,26.500943379434627,26.500943379434627,0.0,1.5811388300841898,4448.438231559476,48.38594837346892,24.19297418673446,24.19297418673446,24.19297418673446,0.0,3.8987177379235853,4277.26998212645,41.318276827573534,20.659138413786767,20.659138413786767,20.659138413786767,0.0,0.5477225575051662,3463.028053597025,28.234730386529282,14.117365193264641,14.117365193264641,14.117365193264641,0.0,0.8944271909999159,2852.9204335207105
0.0,21.05231578710523,10.526157893552615,10.526157893552615,10.526157893552615,0.0,0.8366600265340756,2220.9827329360305,39.532265303167236,19.766132651583618,19.766132651583618,19.766132651583618,0.0,3.03315017762062,4188.52185144115,33.06357512429653,16.531787562148264,16.531787562148264,16.531787562148264,0.0,1.7888543819998317,3132.457310164019,33.77573093213528,16.88786546606764,16.88786546606764,16.88786546606764,0.0,1.3038404810405297,3999.2405779097608,33.214454684670045,16.607227342335023,16.607227342335023,16.607227342335023,0.0,1.095445115010332,2322.7308711945084,44.50617934624359,22.253089673121796,22.253089673121796,22.253089673121796,0.0,2.9154759474226504,4234.7800769343385,44.167861619055095,22.083930809527548,22.083930809527548,22.083930809527548,0.0,2.8284271247461903,4272.934389854354,38.382287581643695,19.191143790821847,19.191143790821847,19.191143790821847,0.0,3.420526275297414,3904.5171276356314,28.035691537752374,14.017845768876187,14.017845768876187,14.017845768876187,0.0,1.0954451150103321,3215.4251196381483,29.086079144497972,14.543039572248986,14.543039572248986,14.543039572248986,0.0,0.8366600265340757,2781.89431862535,42.06185920760042,21.03092960380021,21.03092960380021,21.03092960380021,0.0,2.6076809620810595,4148.019189926681,38.600518131237564,19.300259065618782,19.300259065618782,19.300259065618782,0.0,1.5165750888103104,3851.138039592972,28.474550040343043,14.237275020171522,14.237275020171522,14.237275020171522,0.0,2.3452078799117144,2678.8035948908237,22.045407685048602,11.022703842524301,11.022703842524301,11.022703842524301,0.0,0.8366600265340757,1923.124410952136,35.17385392589217,17.586926962946084,17.586926962946084,17.586926962946084,0.0,0.8944271909999157,3025.068147992703,29.23696290656743,14.618481453283716,14.618481453283716,14.618481453283716,0.0,1.9235384061671346,2805.7381916351355,53.001886758869254,26.500943379434627,26.500943379434627,26.500943379434627,0.0,1.5811388300841898,4450.190333008241,48.14561246884289,24.072806234421446,24.072806234421446,24.072806234421446,0.0,3.5071355833500366,4278.320897267992,41.31343607108951,20.656718035544756,20.656718035544756,20.656718035544756,0.0,0.5477225575051662,3463.616751316462,28.234730386529282,14.117365193264641,14.117365193264641,14.117365193264641,0.0,0.8944271909999159,2847.689993661529
0.0,21.60555484129024,10.80277742064512,10.80277742064512,10.80277742064512,0.0,0.8366600265340756,2223.2371218563258,40.06494727314639,20.032473636573194,20.032473636573194,20.032473636573194,0.0,3.03315017762062,4187.457904266023,33.075670817082454,16.537835408541227,16.537835408541227,16.537835408541227,0.0,1.4142135623730951,3128.982949777771,33.39461034358688,16.69730517179344,16.69730517179344,16.69730517179344,0.0,1.3038404810405297,3999.1741272417735,33.214454684670045,16.607227342335023,16.607227342335023,16.607227342335023,0.0,1.095445115010332,2321.90680260858,44.50617934624359,22.253089673121796,22.253089673121796,22.253089673121796,0.0,2.9154759474226504,4230.767637202497,44.2402531638326,22.1201265819163,22.1201265819163,22.1201265819163,0.0,2.8284271247461903,4270.132281323378,37.804761604856076,18.902380802428038,18.902380802428038,18.902380802428038,0.0,3.0,3904.30676305026,28.65658737533135,14.328293687665674,14.328293687665674,14.328293687665674,0.0,1.0954451150103321,3216.6313435020807,28.865203966021095,14.432601983010548,14.432601983010548,14.432601983010548,0.0,0.8366600265340757,2783.3483971648247,42.06185920760042,21.03092960380021,21.03092960380021,21.03092960380021,0.0,2.6076809620810595,4141.881190956592,37.72002120890178,18.86001060445089,18.86001060445089,18.86001060445089,0.0,1.5165750888103104,3852.9838696781485,28.474550040343043,14.237275020171522,14.237275020171522,14.237275020171522,0.0,2.3452078799117144,2681.024710814878,22.7771815640127,11.38859078200635,11.38859078200635,11.38859078200635,0.0,0.8366600265340757,1925.2630209921967,34.85398112124352,17.42699056062176,17.42699056062176,17.42699056062176,0.0,0.8944271909999157,3023.899667647722,28.684490582891655,14.342245291445828,14.342245291445828,14.342245291445828,0.0,1.51657508881031,2804.278659477335,53.001886758869254,26.500943379434627,26.500943379434627,26.500943379434627,0.0,1.5811388300841898,4444.1407155939605,49.33558553417604,24.66779276708802,24.66779276708802,24.66779276708802,0.0,3.8987177379235853,4317.021403699547,41.31343607108951,20.656718035544756,20.656718035544756,20.656718035544756,0.0,0.5477225575051662,3466.1498380768253,28.899826989101513,14.449913494550756,14.449913494550756,14.449913494550756,0.0,0.8944271909999159,2848.4467170723065
0.0,21.419617176784463,10.709808588392232,10.709808588392232,10.709808588392232,0.0,0.8366600265340756,2220.951665390312,40.06494727314639,20.032473636573194,20.032473636573194,20.032473636573194,0.0,3.03315017762062,4186.139653666609,33.988233257996804,16.994116628998402,16.994116628998402,16.994116628998402,0.0,1.4142135623730951,3124.9107667259877,39.08964057138413,19.544820285692065,19.544820285692065,19.544820285692065,0.0,2.701851217221259,4202.245863820916,33.50820794969495,16.754103974847474,16.754103974847474,16.754103974847474,0.0,1.095445115010332,2323.4933397795658,43.48792935976603,21.743964679883014,21.743964679883014,21.743964679883014,0.0,2.701851217221259,4227.515381403124,43.39585233636966,21.69792616818483,21.69792616818483,21.69792616818483,0.0,2.3874672772626644,4273.3191783436905,38.07886552931954,19.03943276465977,19.03943276465977,19.03943276465977,0.0,3.0,3907.9182181821566,28.65658737533135,14.328293687665674,14.328293687665674,14.328293687665674,0.0,1.0954451150103321,3216.7056595218655,28.684490582891655,14.342245291445828,14.342245291445828,14.342245291445828,0.0,0.8366600265340757,2788.1740081996318,42.06185920760042,21.03092960380021,21.03092960380021,21.03092960380021,0.0,2.6076809620810595,4147.139098221809,38.12086043100287,19.060430215501434,19.060430215501434,19.060430215501434,0.0,1.8708286933869707,3856.58711816549,28.305476501906835,14.152738250953417,14.152738250953417,14.152738250953417,0.0,2.3452078799117144,2681.98029448391,23.52020408074726,11.76010204037363,11.76010204037363,11.76010204037363,0.0,0.8366600265340757,1927.3209385050534,34.42673379802388,17.21336689901194,17.21336689901194,17.21336689901194,0.0,0.8944271909999157,3025.2249503136127,28.684490582891655,14.342245291445828,14.342245291445828,14.342245291445828,0.0,1.51657508881031,2808.6097450518114,51.94997593839674,25.97498796919837,25.97498796919837,25.97498796919837,0.0,1.5811388300841898,4448.738158174742,49.90791520390328,24.95395760195164,24.95395760195164,24.95395760195164,0.0,3.8987177379235853,4324.871292882599,41.31343607108951,20.656718035544756,20.656718035544756,20.656718035544756,0.0,0.5477225575051662,3467.3777844359565,28.36899716239543,14.184498581197715,14.184498581197715,14.184498581197715,0.0,0.894427190999916,2847.020811304336
0.0,21.288494545176274,10.644247272588137,10.644247272588137,10.644247272588137,0.0,0.8366600265340756,2217.6677388644134,41.10960958218893,20.554804791094465,20.554804791094465,20.554804791094465,0.0,3.03315017762062,4188.378182542737,34.911316216951775,17.455658108475888,17.455658108475888,17.455658108475888,0.0,1.4142135623730951,3122.5927528257666,39.08964057138413,19.544820285692065,19.544820285692065,19.544820285692065,0.0,2.701851217221259,4203.508213385577,32.96664981462326,16.48332490731163,16.48332490731163,16.48332490731163,0.0,1.095445115010332,2321.226787713773,42.64739147943283,21.323695739716413,21.323695739716413,21.323695739716413,0.0,2.701851217221259,4230.815488768093,43.575222317275674,21.787611158637837,21.787611158637837,21.787611158637837,0.0,2.3874672772626644,4271.930980247691,37.50733261643648,18.75366630821824,18.75366630821824,18.75366630821824,0.0,2.588435821108957,3910.743497085944,29.189039038652847,14.594519519326424,14.594519519326424,14.594519519326424,0.0,1.0954451150103321,3217.3167080659,28.684490582891655,14.342245291445828,14.342245291445828,14.342245291445828,0.0,0.8366600265340757,2790.206891970558,42.19952606368939,21.099763031844695,21.099763031844695,21.099763031844695,0.0,2.6076809620810595,4146.081258248565,38.351010416936866,19.175505208468433,19.175505208468433,19.175505208468433,0.0,1.8708286933869707,3860.851110830357,28.79583303188154,14.39791651594077,14.39791651594077,14.39791651594077,0.0,2.3452078799117144,2682.698771759513,23.52020408074726,11.76010204037363,11.76010204037363,11.76010204037363,0.0,0.8366600265340757,1924.619754652851,34.91704454847231,17.458522274236156,17.458522274236156,17.458522274236156,0.0,0.8944271909999157,3027.0973390361933,28.684490582891655,14.342245291445828,14.342245291445828,14.342245291445828,0.0,1.51657508881031,2808.194313077355,50.44997522298698,25.22498761149349,25.22498761149349,25.22498761149349,0.0,1.5811388300841898,4451.461198303316,49.286915099243124,24.643457549621562,24.643457549621562,24.643457549621562,0.0,3.5071355833500366,4328.772077622013,41.74685616905781,20.873428084528904,20.873428084528904,20.873428084528904,0.0,0.5477225575051662,3464.3318980721233,28.36899716239543,14.184498581197715,14.184498581197715,14.184498581197715,0.0,0.894427190999916,2850.7266617478426
0.0,21.288494545176274,10.644247272588137,10.644247272588137,10.644247272588137,0.0,0.8366600265340756,2216.220589201355,41.10960958218893,20.554804791094465,20.554804791094465,20.554804791094465,0.0,3.03315017762062,4239.318258871348,35.42315626818141,17.711578134090704,17.711578134090704,17.711578134090704,0.0,1.4142135623730951,3123.145849940409,39.08964057138413,19.544820285692065,19.544820285692065,19.544820285692065,0.0,2.701851217221259,4201.619592490496,34.60057802985378,17.30028901492689,17.30028901492689,17.30028901492689,0.0,1.095445115010332,2321.339634779883,42.10463157421046,21.05231578710523,21.05231578710523,21.05231578710523,0.0,2.701851217221259,4230.790623512348,44.25833254879809,22.129166274399044,22.129166274399044,22.129166274399044,0.0,2.3874672772626644,4271.2248594519115,37.37913856685304,18.68956928342652,18.68956928342652,18.68956928342652,0.0,2.588435821108957,3948.095616876572,28.128277586798664,14.064138793399332,14.064138793399332,14.064138793399332,0.0,1.0954451150103321,3217.574598979797,28.684490582891655,14.342245291445828,14.342245291445828,14.342245291445828,0.0,0.8366600265340757,2792.55286431609,42.81588490268536,21.40794245134268,21.40794245134268,21.40794245134268,0.0,2.6076809620810595,4149.498282925299,38.351010416936866,19.175505208468433,19.175505208468433,19.175505208468433,0.0,1.8708286933869707,3860.0788852042906,28.94822965226026,14.47411482613013,14.47411482613013,14.47411482613013,0.0,2.3452078799117144,2683.621657387643,23.52020408074726,11.76010204037363,11.76010204037363,11.76010204037363,0.0,0.8366600265340757,1921.2521177607066,34.08812109811862,17.04406054905931,17.04406054905931,17.04406054905931,0.0,0.8944271909999157,3029.974785373634,29.03101789465881,14.515508947329405,14.515508947329405,14.515508947329405,0.0,1.51657508881031,2807.11921727596,50.44997522298698,25.22498761149349,25.22498761149349,25.22498761149349,0.0,1.5811388300841898,4450.983340791111,49.286915099243124,24.643457549621562,24.643457549621562,24.643457549621562,0.0,3.5071355833500366,4329.8652173018045,41.31343607108951,20.656718035544756,20.656718035544756,20.656718035544756,0.0,0.5477225575051662,3463.7866129425465,29.0516780926679,14.52583904633395,14.52583904633395,14.52583904633395,0.0,0.894427190999916,2845.217970560428
0.0,22.333830840229805,11.166915420114902,11.166915420114902,11.166915420114902,0.0,0.8366600265340756,2217.6007981600296,41.871231173682965,20.935615586841482,20.935615586841482,20.935615586841482,0.0,3.03315017762062,4242.653026114674,35.28739151595085,17.643695757975426,17.643695757975426,17.643695757975426,0.0,1.4142135623730951,3123.350652744581,39.08964057138413,19.544820285692065,19.544820285692065,19.544820285692065,0.0,2.701851217221259,4199.245027382899,34.60057802985378,17.30028901492689,17.30028901492689,17.30028901492689,0.0,1.095445115010332,2317.668699361494,42.10463157421046,21.05231578710523,21.05231578710523,21.05231578710523,0.0,2.701851217221259,4231.086479853609,44.35312841277377,22.176564206386885,22.176564206386885,22.176564206386885,0.0,2.3874672772626644,4271.4756583644485,38.14708376796318,19.07354188398159,19.07354188398159,19.07354188398159,0.0,2.588435821108957,3954.2551384552817,28.128277586798664,14.064138793399332,14.064138793399332,14.064138793399332,0.0,1.0954451150103321,3220.2217780767833,28.16380656090366,14.08190328045183,14.08190328045183,14.08190328045183,0.0,0.8366600265340757,2794.680786780487,43.44191524323024,21.72095762161512,21.72095762161512,21.72095762161512,0.0,2.6076809620810595,4149.399197474256,38.704004960727254,19.352002480363627,19.352002480363627,19.352002480363627,0.0,1.8708286933869707,3857.5823387194214,29.099828178186893,14.549914089093447,14.549914089093447,14.549914089093447,0.0,2.3452078799117144,2684.4540040760617,23.52020408074726,11.76010204037363,11.76010204037363,11.76010204037363,0.0,0.8366600265340757,1922.916222824073,33.38862081608044,16.69431040804022,16.69431040804022,16.69431040804022,0.0,0.8944271909999157,3031.6232780475875,28.684490582891655,14.342245291445828,14.342245291445828,14.342245291445828,0.0,1.6733200530681511,2806.4754052013354,50.44997522298698,25.22498761149349,25.22498761149349,25.22498761149349,0.0,1.5811388300841898,4453.584904321461,48.674428604761246,24.337214302380623,24.337214302380623,24.337214302380623,0.0,3.1304951684997055,4328.986948467274,41.31343607108951,20.656718035544756,20.656718035544756,20.656718035544756,0.0,0.5477225575051662,3462.508512624915,29.141036357686392,14.570518178843196,14.570518178843196,14.570518178843196,0.0,0.894427190999916,2843.35113906109
0.0,21.84490787346104,10.92245393673052,10.92245393673052,10.92245393673052,0.0,0.8366600265340756,2218.266169782157,41.53071152773571,20.765355763867856,20.765355763867856,20.765355763867856,0.0,2.6076809620810595,4239.235343785481,35.14541221838208,17.57270610919104,17.57270610919104,17.57270610919104,0.0,1.4142135623730951,3126.1366412874536,39.08964057138413,19.544820285692065,19.544820285692065,19.544820285692065,0.0,2.701851217221259,4198.100618136731,34.583232931581165,17.291616465790582,17.291616465790582,17.291616465790582,0.0,1.095445115010332,2322.057966546055,42.51117500140404,21.25558750070202,21.25558750070202,21.25558750070202,0.0,2.701851217221259,4227.783248937911,44.46571713129116,22.23285856564558,22.23285856564558,22.23285856564558,0.0,2.3874672772626644,4270.6887969038435,38.14708376796318,19.07354188398159,19.07354188398159,19.07354188398159,0.0,2.588435821108957,3953.8402471521276,27.60434748368452,13.80217374184226,13.80217374184226,13.80217374184226,0.0,1.0954451150103321,3217.1168303311583,28.50964748992874,14.25482374496437,14.25482374496437,14.25482374496437,0.0,0.8366600265340757,2799.9661962245186,43.93176527297759,21.965882636488796,21.965882636488796,21.965882636488796,0.0,2.6076809620810595,4143.354232985637,38.01578619468497,19.007893097342485,19.007893097342485,19.007893097342485,0.0,1.4832396974191326,3863.1506312852985,28.305476501906835,14.152738250953417,14.152738250953417,14.152738250953417,0.0,1.9235384061671346,2688.8012570660553,23.52020408074726,11.76010204037363,11.76010204037363,11.76010204037363,0.0,0.8366600265340757,1920.230767381879,33.38862081608044,16.69431040804022,16.69431040804022,16.69431040804022,0.0,0.8944271909999157,3030.2854156003195,28.156704352604905,14.078352176302452,14.078352176302452,14.078352176302452,0.0,1.6733200530681511,2804.075837062899,51.67978328127935,25.839891640639674,25.839891640639674,25.839891640639674,0.0,1.5811388300841898,4453.722128736817,49.90791520390328,24.95395760195164,24.95395760195164,24.95395760195164,0.0,3.8987177379235853,4402.77645355746,41.689327171351664,20.844663585675832,20.844663585675832,20.844663585675832,0.0,0.5477225575051662,3462.4889891521675,28.91366458960192,14.45683229480096,14.45683229480096,14.45683229480096,0.0,0.894427190999916,2840.8907933956207
0.0,21.288494545176274,10.644247272588137,10.644247272588137,10.644247272588137,0.0,0.8366600265340756,2213.623319356751,40.76763422127902,20.38381711063951,20.38381711063951,20.38381711063951,0.0,2.6076809620810595,4241.725450804189,35.81619745310772,17.90809872655386,17.90809872655386,17.90809872655386,0.0,1.4142135623730951,3121.618410376259,38.277930978567795,19.138965489283898,19.138965489283898,19.138965489283898,0.0,2.3021728866442674,4195.40591599907,33.60357123878354,16.80178561939177,16.80178561939177,16.80178561939177,0.0,1.095445115010332,2322.3117361801364,42.857904755132395,21.428952377566198,21.428952377566198,21.428952377566198,0.0,2.701851217221259,4227.821046354729,55.5517776493246,27.7758888246623,27.7758888246623,27.7758888246623,0.0,3.03315017762062,5352.861524455868,37.587231874667225,18.793615937333612,18.793615937333612,18.793615937333612,0.0,2.1908902300206643,3955.43402169724,36.204972034238615,18.102486017119308,18.102486017119308,18.102486017119308,0.0,2.0,3901.166043633621,27.806474066303338,13.903237033151669,13.903237033151669,13.903237033151669,0.0,0.8366600265340757,2798.538779434725,43.93176527297759,21.965882636488796,21.965882636488796,21.965882636488796,0.0,2.6076809620810595,4139.023520107128,36.260170986910694,18.130085493455347,18.130085493455347,18.130085493455347,0.0,1.4832396974191326,3862.9698419739184,28.79583303188154,14.39791651594077,14.39791651594077,14.39791651594077,0.0,2.073644135332772,2689.166878421642,24.273442277518036,12.136721138759018,12.136721138759018,12.136721138759018,0.0,0.8366600265340757,1921.7797220285158,33.027261466854924,16.513630733427462,16.513630733427462,16.513630733427462,0.0,0.8944271909999157,3027.6514330417895,28.156704352604905,14.078352176302452,14.078352176302452,14.078352176302452,0.0,1.6733200530681511,2804.575992908732,51.83820984563413,25.919104922817066,25.919104922817066,25.919104922817066,0.0,1.5811388300841898,4456.942000968826,49.30314391598167,24.651571957990836,24.651571957990836,24.651571957990836,0.0,3.5071355833500366,4403.866903075069,41.689327171351664,20.844663585675832,20.844663585675832,20.844663585675832,0.0,0.5477225575051662,3464.033674778581,28.474550040343043,14.237275020171522,14.237275020171522,14.237275020171522,0.0,0.894427190999916,2836.6168757870705
0.0,21.288494545176274,10.644247272588137,10.644247272588137,10.644247272588137,0.0,0.8366600265340756,2210.852595719579,40.76763422127902,20.38381711063951,20.38381711063951,20.38381711063951,0.0,2.6076809620810595,4244.789771001621,36.370317568038914,18.185158784019457,18.185158784019457,18.185158784019457,0.0,1.7888543819998317,3197.228127613042,38.27270567911289,19.136352839556444,19.136352839556444,19.136352839556444,0.0,2.3874672772626644,4192.426087601307,34.40930106817051,17.204650534085253,17.204650534085253,17.204650534085253,0.0,1.51657508881031,2322.519171072652,43.289721643826724,21.644860821913362,21.644860821913362,21.644860821913362,0.0,2.701851217221259,4229.25610480141,54.69186411158427,27.345932055792137,27.345932055792137,27.345932055792137,0.0,2.4899799195977463,5354.773543297606,36.80760790923529,18.403803954617644,18.403803954617644,18.403803954617644,0.0,2.1908902300206643,3956.2194959329545,36.01666281042707,18.008331405213536,18.008331405213536,18.008331405213536,0.0,2.0,3905.0308577525993,27.806474066303338,13.903237033151669,13.903237033151669,13.903237033151669,0.0,0.8366600265340757,2799.2800324369123,43.93176527297759,21.965882636488796,21.965882636488796,21.965882636488796,0.0,2.6076809620810595,4136.06657344874,36.6333181680284,18.3166590840142,18.3166590840142,18.3166590840142,0.0,1.4832396974191326,3869.9077895991268,28.649607327151973,14.324803663575986,14.324803663575986,14.324803663575986,0.0,2.073644135332772,2689.8476350901365,24.265201420964964,12.132600710482482,12.132600710482482,12.132600710482482,0.0,0.8366600265340757,1921.7691068388003,47.34131388121796,23.67065694060898,23.67065694060898,23.67065694060898,0.0,3.4641016151377544,4881.062691668691,27.298351598585583,13.649175799292792,13.649175799292792,13.649175799292792,0.0,1.6733200530681511,2806.333408560002,52.218770571510014,26.109385285755007,26.109385285755007,26.109385285755007,0.0,1.7888543819998317,4456.3570660349915,52.585169011804076,26.292584505902038,26.292584505902038,26.292584505902038,0.0,3.5071355833500366,4505.076891685646,47.65291176832744,23.82645588416372,23.82645588416372,23.82645588416372,0.0,3.271085446759225,4110.718574653342,26.996296042235127,13.498148021117563,13.498148021117563,13.498148021117563,0.0,0.44721359549995787,2838.84178847642
0.0,21.288494545176274,10.644247272588137,10.644247272588137,10.644247272588137,0.0,0.8366600265340756,2208.526997797401,40.76763422127902,20.38381711063951,20.38381711063951,20.38381711063951,0.0,2.6076809620810595,4243.808289732231,36.370317568038914,18.185158784019457,18.185158784019457,18.185158784019457,0.0,1.7888543819998317,3193.930994871367,38.27270567911289,19.136352839556444,19.136352839556444,19.136352839556444,0.0,2.3874672772626644,4191.835242468387,34.40930106817051,17.204650534085253,17.204650534085253,17.204650534085253,0.0,1.51657508881031,2322.504897734341,43.289721643826724,21.644860821913362,21.644860821913362,21.644860821913362,0.0,2.701851217221259,4228.883363253236,55.234047470740364,27.617023735370182,27.617023735370182,27.617023735370182,0.0,2.701851217221259,5347.694615439442,36.80760790923529,18.403803954617644,18.403803954617644,18.403803954617644,0.0,2.1908902300206643,3956.4622707666504,35.86084215408221,17.930421077041107,17.930421077041107,17.930421077041107,0.0,1.6431676725154984,3906.3533506327867,27.72724292099739,13.863621460498695,13.863621460498695,13.863621460498695,0.0,0.8366600265340757,2795.269074704616,44.9577579512146,22.4788789756073,22.4788789756073,22.4788789756073,0.0,2.6076809620810595,4138.299372930866,36.04441704342019,18.022208521710095,18.022208521710095,18.022208521710095,0.0,1.4832396974191326,3865.368831043165,29.154759474226505,14.577379737113253,14.577379737113253,14.577379737113253,0.0,2.073644135332772,2688.554221138194,24.273442277518036,12.136721138759018,12.136721138759018,12.136721138759018,0.0,0.8366600265340757,1922.9405087001521,46.61759324546903,23.308796622734516,23.308796622734516,23.308796622734516,0.0,3.03315017762062,4880.969012399075,27.66224864323217,13.831124321616086,13.831124321616086,13.831124321616086,0.0,1.6733200530681511,2805.6534532974665,52.55473337388365,26.277366686941825,26.277366686941825,26.277366686941825,0.0,1.7888543819998317,4452.029570881128,52.40229002629561,26.201145013147805,26.201145013147805,26.201145013147805,0.0,3.1937438845342623,4505.452951701971,47.615123647849536,23.807561823924768,23.807561823924768,23.807561823924768,0.0,2.8284271247461903,4109.2797057391945,26.54806960967219,13.274034804836095,13.274034804836095,13.274034804836095,0.0,0.44721359549995787,2837.207747064004
0.0,21.288494545176274,10.644247272588137,10.644247272588137,10.644247272588137,0.0,0.8366600265340756,2207.0820555656737,40.88031311034689,20.440156555173445,20.440156555173445,20.440156555173445,0.0,2.6076809620810595,4239.952983229885,36.370317568038914,18.185158784019457,18.185158784019457,18.185158784019457,0.0,1.7888543819998317,3192.9948794196334,38.05259518088089,19.026297590440446,19.026297590440446,19.026297590440446,0.0,2.3874672772626644,4190.881792654142,34.420923869065454,17.210461934532727,17.210461934532727,17.210461934532727,0.0,1.51657508881031,2322.1759623249914,42.45939236494088,21.22969618247044,21.22969618247044,21.22969618247044,0.0,2.2803508501982757,4234.027834107848,55.234047470740364,27.617023735370182,27.617023735370182,27.617023735370182,0.0,2.701851217221259,5346.809890018533,38.51233568611491,19.256167843057455,19.256167843057455,19.256167843057455,0.0,3.0,4068.5232578910004,35.54152500948714,17.77076250474357,17.77076250474357,17.77076250474357,0.0,1.6431676725154984,3909.8372984051393,28.24889378365107,14.124446891825535,14.124446891825535,14.124446891825535,0.0,0.8366600265340757,2795.4268368175904,45.59824558028521,22.799122790142604,22.799122790142604,22.799122790142604,0.0,2.6076809620810595,4139.860782683399,35.47957158704147,17.739785793520735,17.739785793520735,17.739785793520735,0.0,1.4832396974191326,3870.042829220369,29.154759474226505,14.577379737113253,14.577379737113253,14.577379737113253,0.0,2.073644135332772,2690.5694007031298,24.273442277518036,12.136721138759018,12.136721138759018,12.136721138759018,0.0,0.8366600265340757,1920.6554350012914,46.784612855083026,23.392306427541513,23.392306427541513,23.392306427541513,0.0,3.03315017762062,4877.596303508522,27.978563222581677,13.989281611290838,13.989281611290838,13.989281611290838,0.0,1.6733200530681511,2807.101049125236,52.96413881108613,26.482069405543065,26.482069405543065,26.482069405543065,0.0,1.7888543819998317,4454.285318656631,52.40229002629561,26.201145013147805,26.201145013147805,26.201145013147805,0.0,3.1937438845342623,4505.944151895361,47.77865632267195,23.889328161335975,23.889328161335975,23.889328161335975,0.0,2.8284271247461903,4111.115992039145,26.023066690918657,13.011533345459329,13.011533345459329,13.011533345459329,0.0,0.44721359549995787,2837.649819833307
0.0,20.36663938896155,10.183319694480774,10.183319694480774,10.183319694480774,0.0,0.8366600265340756,2206.5052005377192,40.88031311034689,20.440156555173445,20.440156555173445,20.440156555173445,0.0,2.6076809620810595,4238.806341412639,36.2381014955254,18.1190507477627,18.1190507477627,18.1190507477627,0.0,1.7888543819998317,3189.5753949389564,38.06835956539236,19.03417978269618,19.03417978269618,19.03417978269618,0.0,2.3874672772626644,4193.169171402461,35.23066845803525,17.615334229017623,17.615334229017623,17.615334229017623,0.0,1.51657508881031,2322.7494483908504,41.63171867698954,20.81585933849477,20.81585933849477,20.81585933849477,0.0,2.2803508501982757,4229.699492871805,55.234047470740364,27.617023735370182,27.617023735370182,27.617023735370182,0.0,2.701851217221259,5343.977666495249,38.51233568611491,19.256167843057455,19.256167843057455,19.256167843057455,0.0,3.0,4068.3022257447883,35.17385392589217,17.586926962946084,17.586926962946084,17.586926962946084,0.0,1.5165750888103102,3918.280298804566,28.788886744714528,14.394443372357264,14.394443372357264,14.394443372357264,0.0,0.8366600265340757,2793.0140171506478,45.93473631142341,22.967368155711704,22.967368155711704,22.967368155711704,0.0,2.5099800796022267,4137.143519386293,34.97427626127523,17.487138130637614,17.487138130637614,17.487138130637614,0.0,1.4832396974191326,3871.938209734241,29.154759474226505,14.577379737113253,14.577379737113253,14.577379737113253,0.0,2.073644135332772,2687.125508791876,24.306377763870945,12.153188881935472,12.153188881935472,12.153188881935472,0.0,0.8366600265340757,1924.2093960897291,46.784612855083026,23.392306427541513,23.392306427541513,23.392306427541513,0.0,3.03315017762062,4879.733209920395,27.129319932501073,13.564659966250536,13.564659966250536,13.564659966250536,0.0,1.6733200530681511,2809.2880236814453,52.96413881108613,26.482069405543065,26.482069405543065,26.482069405543065,0.0,1.7888543819998317,4452.835074421688,53.415353598005886,26.707676799002943,26.707676799002943,26.707676799002943,0.0,3.847076812334269,4563.165535020618,47.53945729601885,23.769728648009426,23.769728648009426,23.769728648009426,0.0,2.8284271247461903,4110.704294886705,26.28307440159922,13.14153720079961,13.14153720079961,13.14153720079961,0.0,0.7071067811865476,2839.870419579034
0.0,20.36663938896155,10.183319694480774,10.183319694480774,10.183319694480774,0.0,0.8366600265340756,2203.1749363135013,41.289223775702055,20.644611887851028,20.644611887851028,20.644611887851028,0.0,2.1908902300206643,4238.38168408651,36.2381014955254,18.1190507477627,18.1190507477627,18.1190507477627,0.0,1.7888543819998317,3189.495728167699,38.0946190425892,19.0473095212946,19.0473095212946,19.0473095212946,0.0,2.3874672772626644,4194.985125122615,34.88266044899672,17.44133022449836,17.44133022449836,17.44133022449836,0.0,1.51657508881031,2321.4364087779786,42.27055712904669,21.135278564523347,21.135278564523347,21.135278564523347,0.0,2.2803508501982757,4231.383733484828,55.234047470740364,27.617023735370182,27.617023735370182,27.617023735370182,0.0,2.4083189157584592,5343.953994936708,38.51233568611491,19.256167843057455,19.256167843057455,19.256167843057455,0.0,3.0,4064.242672380674,34.14674215792775,17.073371078963874,17.073371078963874,17.073371078963874,0.0,1.5165750888103102,3918.8228206950107,28.65658737533135,14.328293687665674,14.328293687665674,14.328293687665674,0.0,0.8366600265340757,2792.597124541956,46.31198548971962,23.15599274485981,23.15599274485981,23.15599274485981,0.0,2.5099800796022267,4137.6905756714095,35.38361202590827,17.691806012954135,17.691806012954135,17.691806012954135,0.0,1.4832396974191326,3875.3301149708523,29.154759474226505,14.577379737113253,14.577379737113253,14.577379737113253,0.0,2.073644135332772,2691.4382214719326,25.05992817228334,12.52996408614167,12.52996408614167,12.52996408614167,0.0,0.8366600265340757,1924.7319293865314,46.784612855083026,23.392306427541513,23.392306427541513,23.392306427541513,0.0,3.03315017762062,4879.254369265861,28.156704352604905,14.078352176302452,14.078352176302452,14.078352176302452,0.0,1.6733200530681511,2804.0254635077763,52.5433154644813,26.27165773224065,26.27165773224065,26.27165773224065,0.0,1.7888543819998317,4451.17796768451,52.90368607195533,26.451843035977664,26.451843035977664,26.451843035977664,0.0,3.5071355833500366,4563.268477747063,47.53945729601885,23.769728648009426,23.769728648009426,23.769728648009426,0.0,2.8284271247461903,4111.9757051811475,26.570660511172846,13.285330255586423,13.285330255586423,13.285330255586423,0.0,0.7071067811865476,2841.8334222821713
0.0,20.36663938896155,10.183319694480774,10.183319694480774,10.183319694480774,0.0,0.8366600265340756,2203.8727957847295,42.10938137755054,21.05469068877527,21.05469068877527,21.05469068877527,0.0,2.1908902300206643,4236.295527934754,36.12755181298616,18.06377590649308,18.06377590649308,18.06377590649308,0.0,1.7888543819998317,3189.9352187779614,38.0946190425892,19.0473095212946,19.0473095212946,19.0473095212946,0.0,2.3874672772626644,4196.217725523784,35.36665095821203,17.683325479106013,17.683325479106013,17.683325479106013,0.0,1.51657508881031,2319.1654749068684,42.27055712904669,21.135278564523347,21.135278564523347,21.135278564523347,0.0,2.2803508501982757,4226.203000330202,55.90348826325599,27.951744131627994,27.951744131627994,27.951744131627994,0.0,2.4083189157584592,5337.600303507185,37.815340802378074,18.907670401189037,18.907670401189037,18.907670401189037,0.0,2.588435821108957,4062.122351677753,33.80532502432124,16.90266251216062,16.90266251216062,16.90266251216062,0.0,1.5165750888103102,3920.210606587355,28.65658737533135,14.328293687665674,14.328293687665674,14.328293687665674,0.0,0.8366600265340757,2791.430851731778,46.548899020277595,23.274449510138798,23.274449510138798,23.274449510138798,0.0,2.16794833886788,4137.954965922177,35.38361202590827,17.691806012954135,17.691806012954135,17.691806012954135,0.0,1.4832396974191326,3875.48349241743,28.192197502145874,14.096098751072937,14.096098751072937,14.096098751072937,0.0,2.073644135332772,2785.3739066775215,25.115732121520967,12.557866060760484,12.557866060760484,12.557866060760484,0.0,0.8366600265340757,1929.1240758437493,48.008332610079265,24.004166305039632,24.004166305039632,24.004166305039632,0.0,3.03315017762062,4923.999522745712,26.404545063303022,13.202272531651511,13.202272531651511,13.202272531651511,0.0,1.3038404810405297,2808.1041291234196,52.05766033928148,26.02883016964074,26.02883016964074,26.02883016964074,0.0,1.7888543819998317,4448.975533760553,53.28039038896018,26.64019519448009,26.64019519448009,26.64019519448009,0.0,3.5071355833500366,4563.71128578485,45.92602747897971,22.963013739489856,22.963013739489856,22.963013739489856,0.0,2.3874672772626644,4111.921412186765,26.570660511172846,13.285330255586423,13.285330255586423,13.285330255586423,0.0,0.7071067811865476,2842.278663326311
0.0,20.75572210259137,10.377861051295685,10.377861051295685,10.377861051295685,0.0,0.8366600265340756,2202.095433899267,41.54515615568198,20.77257807784099,20.77257807784099,20.77257807784099,0.0,2.1908902300206643,4238.37801523177,35.45137514963277,17.725687574816384,17.725687574816384,17.725687574816384,0.0,1.4142135623730951,3190.627164054114,38.0946190425892,19.0473095212946,19.0473095212946,19.0473095212946,0.0,2.3874672772626644,4196.720660229842,34.888393485513205,17.444196742756603,17.444196742756603,17.444196742756603,0.0,1.5165750888103102,2320.0705377207823,41.44876355212541,20.724381776062707,20.724381776062707,20.724381776062707,0.0,2.2803508501982757,4222.976379285113,55.90348826325599,27.951744131627994,27.951744131627994,27.951744131627994,0.0,2.4083189157584592,5340.796335753686,37.239763694201926,18.619881847100963,18.619881847100963,18.619881847100963,0.0,2.588435821108957,4076.277407144906,33.80532502432124,16.90266251216062,16.90266251216062,16.90266251216062,0.0,1.5165750888103102,3920.722471688094,28.65658737533135,14.328293687665674,14.328293687665674,14.328293687665674,0.0,0.8366600265340757,2793.3251332417426,46.548899020277595,23.274449510138798,23.274449510138798,23.274449510138798,0.0,2.16794833886788,4137.934968072843,35.38361202590827,17.691806012954135,17.691806012954135,17.691806012954135,0.0,1.4832396974191326,3876.3469014008538,28.192197502145874,14.096098751072937,14.096098751072937,14.096098751072937,0.0,2.073644135332772,2790.295987883723,25.203174403237387,12.601587201618694,12.601587201618694,12.601587201618694,0.0,0.8366600265340757,1930.5697863584212,47.467883879524265,23.733941939762133,23.733941939762133,23.733941939762133,0.0,2.6076809620810595,4923.216661899007,25.55777768116782,12.77888884058391,12.77888884058391,12.77888884058391,0.0,1.3038404810405297,2807.9113768066113,52.05766033928148,26.02883016964074,26.02883016964074,26.02883016964074,0.0,1.7888543819998317,4449.040042526028,52.774994078635395,26.387497039317697,26.387497039317697,26.387497039317697,0.0,3.1937438845342623,4561.956236089952,45.92602747897971,22.963013739489856,22.963013739489856,22.963013739489856,0.0,2.3874672772626644,4109.936410700292,27.22498852157701,13.612494260788505,13.612494260788505,13.612494260788505,0.0,0.7071067811865476,2838.6815073199036
0.0,20.765355763867856,10.382677881933928,10.382677881933928,10.382677881933928,0.0,0.7071067811865476,2201.9240904263706,41.727688649145186,20.863844324572593,20.863844324572593,20.863844324572593,0.0,2.1908902300206643,4236.241931240472,35.564026768632374,17.782013384316187,17.782013384316187,17.782013384316187,0.0,1.4832396974191326,3189.838365811033,38.28837943815329,19.144189719076646,19.144189719076646,19.144189719076646,0.0,2.3874672772626644,4195.002765195752,34.911316216951775,17.455658108475888,17.455658108475888,17.455658108475888,0.0,1.5165750888103102,2318.1900914290873,46.916947897321705,23.458473948660853,23.458473948660853,23.458473948660853,0.0,2.16794833886788,4468.616676332845,56.45174930859096,28.22587465429548,28.22587465429548,28.22587465429548,0.0,2.4083189157584592,5334.108707178735,37.27197338483703,18.635986692418516,18.635986692418516,18.635986692418516,0.0,2.588435821108957,4081.227474669845,33.80532502432124,16.90266251216062,16.90266251216062,16.90266251216062,0.0,1.5165750888103102,3924.0101044722096,28.962044126753206,14.481022063376603,14.481022063376603,14.481022063376603,0.0,0.8366600265340757,2796.7817755413093,47.42573141238836,23.71286570619418,23.71286570619418,23.71286570619418,0.0,2.449489742783178,4135.122948595362,35.82178108358098,17.91089054179049,17.91089054179049,17.91089054179049,0.0,1.4832396974191326,3873.1360678396004,28.649607327151973,14.324803663575986,14.324803663575986,14.324803663575986,0.0,2.073644135332772,2788.2897087641377,26.698314553544385,13.349157276772193,13.349157276772193,13.349157276772193,0.0,0.8366600265340757,1929.5149131323137,47.63192206913343,23.815961034566715,23.815961034566715,23.815961034566715,0.0,2.6076809620810595,4922.884946857889,26.115129714401192,13.057564857200596,13.057564857200596,13.057564857200596,0.0,1.3038404810405297,2809.532434409683,52.14211349763261,26.071056748816304,26.071056748816304,26.071056748816304,0.0,1.7888543819998317,4447.536700242056,52.774994078635395,26.387497039317697,26.387497039317697,26.387497039317697,0.0,3.1937438845342623,4562.567062520835,46.030424721047275,23.015212360523638,23.015212360523638,23.015212360523638,0.0,2.3874672772626644,4111.232965911808,27.914154115788644,13.957077057894322,13.957077057894322,13.957077057894322,0.0,0.7071067811865476,2839.473683625189
0.0,21.69792616818483,10.848963084092414,10.848963084092414,10.848963084092414,0.0,0.7071067811865476,2200.0360678861607,41.93804954930546,20.96902477465273,20.96902477465273,20.96902477465273,0.0,2.1908902300206643,4237.932361423434,36.2381014955254,18.1190507477627,18.1190507477627,18.1190507477627,0.0,1.4832396974191326,3195.261601183853,37.48599738569057,18.742998692845283,18.742998692845283,18.742998692845283,0.0,1.9235384061671346,4194.77880227313,34.62369131100842,17.31184565550421,17.31184565550421,17.31184565550421,0.0,1.5165750888103102,2315.3676813845354,46.916947897321705,23.458473948660853,23.458473948660853,23.458473948660853,0.0,2.16794833886788,4469.963232510979,56.45174930859096,28.22587465429548,28.22587465429548,28.22587465429548,0.0,2.4083189157584592,5331.979763652522,38.03682426281143,19.018412131405714,19.018412131405714,19.018412131405714,0.0,2.588435821108957,4081.8375151394744,33.80532502432124,16.90266251216062,16.90266251216062,16.90266251216062,0.0,1.6733200530681511,3919.7675568839536,29.175332046096752,14.587666023048376,14.587666023048376,14.587666023048376,0.0,0.8366600265340757,2796.5607449150825,47.277901814695625,23.638950907347812,23.638950907347812,23.638950907347812,0.0,2.449489742783178,4133.550386774063,35.02570484658374,17.51285242329187,17.51285242329187,17.51285242329187,0.0,1.4832396974191326,3873.229105023352,29.003448070875987,14.501724035437993,14.501724035437993,14.501724035437993,0.0,2.073644135332772,2787.103927018151,26.698314553544385,13.349157276772193,13.349157276772193,13.349157276772193,0.0,0.8366600265340757,1928.7055244386065,46.57467122803982,23.28733561401991,23.28733561401991,23.28733561401991,0.0,2.1908902300206643,4925.025451710884,26.472627372438875,13.236313686219438,13.236313686219438,13.236313686219438,0.0,1.3038404810405297,2810.3894392058905,55.08901886946254,27.54450943473127,27.54450943473127,27.54450943473127,0.0,1.6733200530681513,4708.187050234941,53.28039038896018,26.64019519448009,26.64019519448009,26.64019519448009,0.0,3.5071355833500366,4613.682173708978,46.195237849804386,23.097618924902193,23.097618924902193,23.097618924902193,0.0,2.3874672772626644,4112.3221298920635,27.50999818247904,13.75499909123952,13.75499909123952,13.75499909123952,0.0,0.7071067811865476,2838.682299941295
0.0,21.743964679883014,10.871982339941507,10.871982339941507,10.871982339941507,0.0,0.7071067811865476,2198.981241393387,42.57698909035255,21.288494545176274,21.288494545176274,21.288494545176274,0.0,2.1908902300206643,4235.22924999344,35.96109008358896,17.98054504179448,17.98054504179448,17.98054504179448,0.0,1.4832396974191326,3195.7759151730274,36.92153842948584,18.46076921474292,18.46076921474292,18.46076921474292,0.0,1.9235384061671346,4193.445087276093,34.47897910321592,17.23948955160796,17.23948955160796,17.23948955160796,0.0,1.5165750888103102,2315.1726069561205,46.41982335166734,23.20991167583367,23.20991167583367,23.20991167583367,0.0,2.16794833886788,4470.36808327905,56.97367813297646,28.48683906648823,28.48683906648823,28.48683906648823,0.0,2.4083189157584592,5330.023480248469,38.03682426281143,19.018412131405714,19.018412131405714,19.018412131405714,0.0,2.588435821108957,4078.239669269083,34.14674215792775,17.073371078963874,17.073371078963874,17.073371078963874,0.0,1.6733200530681511,3921.211827993994,29.175332046096752,14.587666023048376,14.587666023048376,14.587666023048376,0.0,0.8366600265340757,2800.3190353957884,47.904070808230905,23.952035404115453,23.952035404115453,23.952035404115453,0.0,2.449489742783178,4132.146633409807,35.12833614050059,17.564168070250297,17.564168070250297,17.564168070250297,0.0,1.4832396974191326,3875.1622804729095,28.234730386529282,14.117365193264641,14.117365193264641,14.117365193264641,0.0,1.6733200530681511,2783.0859311203453,27.459060435491963,13.729530217745982,13.729530217745982,13.729530217745982,0.0,0.8366600265340757,1926.2536956486288,45.878099350343625,22.939049675171812,22.939049675171812,22.939049675171812,0.0,2.1908902300206643,4923.871170126205,26.472627372438875,13.236313686219438,13.236313686219438,13.236313686219438,0.0,1.3038404810405297,2812.5767011763432,55.12893976850997,27.564469884254986,27.564469884254983,27.564469884254983,0.0,1.6733200530681513,4710.621158615922,53.16765934287497,26.583829671437485,26.583829671437485,26.583829671437485,0.0,3.3911649915626345,4614.15826559948,46.337889464238664,23.168944732119332,23.168944732119332,23.168944732119332,0.0,1.9493588689617927,4111.510148351819,26.743223440714846,13.371611720357423,13.371611720357423,13.371611720357423,0.0,0.7071067811865476,2840.4251090285766
0.0,21.753160689885963,10.876580344942981,10.876580344942981,10.876580344942981,0.0,0.7071067811865476,2200.244463690342,41.71330722922842,20.85665361461421,20.85665361461421,20.85665361461421,0.0,1.7888543819998317,4237.710549341472,35.96109008358896,17.98054504179448,17.98054504179448,17.98054504179448,0.0,1.4832396974191326,3199.8723724548768,36.92153842948584,18.46076921474292,18.46076921474292,18.46076921474292,0.0,1.9235384061671346,4195.620418960705,34.438350715445125,17.219175357722563,17.219175357722563,17.219175357722563,0.0,1.5165750888103102,2311.848762354493,49.49747468305833,24.748737341529164,24.748737341529164,24.748737341529164,0.0,2.16794833886788,4654.659117486478,57.225868276505864,28.612934138252932,28.612934138252932,28.612934138252932,0.0,2.4083189157584592,5327.4492020102825,36.94861296449435,18.474306482247176,18.474306482247176,18.474306482247176,0.0,2.1908902300206643,4078.3728618163395,34.50797009387831,17.253985046939157,17.253985046939157,17.253985046939157,0.0,1.414213562373095,3921.559804465565,28.39013913315678,14.19506956657839,14.19506956657839,14.19506956657839,0.0,0.7071067811865476,2796.2084149791126,48.17883352676775,24.089416763383873,24.089416763383873,24.089416763383873,0.0,2.449489742783178,4132.4438290193375,34.246167668806386,17.123083834403193,17.123083834403193,17.123083834403193,0.0,1.4832396974191326,3872.9011735390304,28.530685235374214,14.265342617687107,14.265342617687107,14.265342617687107,0.0,1.6431676725154984,2781.940294111288,27.459060435491963,13.729530217745982,13.729530217745982,13.729530217745982,0.0,0.8366600265340757,1924.1601284716405,45.60701700396552,22.80350850198276,22.80350850198276,22.80350850198276,0.0,2.16794833886788,4921.908390045471,26.780589986032794,13.390294993016397,13.390294993016397,13.390294993016397,0.0,1.3038404810405297,2816.6962385035417,55.45087916345421,27.725439581727105,27.725439581727105,27.725439581727105,0.0,1.6733200530681513,4708.353130341861,53.37415104711269,26.687075523556345,26.687075523556345,26.687075523556345,0.0,3.3911649915626345,4611.267483024597,46.337889464238664,23.168944732119332,23.168944732119332,23.168944732119332,0.0,1.9493588689617927,4111.840220631147,26.743223440714846,13.371611720357423,13.371611720357423,13.371611720357423,0.0,0.7071067811865476,2841.4504746695834
0.0,21.753160689885963,10.876580344942981,10.876580344942981,10.876580344942981,0.0,0.7071067811865476,2200.044045013645,40.94874845462313,20.474374227311564,20.474374227311564,20.474374227311564,0.0,1.7888543819998317,4236.944146433842,35.25336863336609,17.626684316683043,17.626684316683043,17.626684316683043,0.0,1.4832396974191326,3200.8125999502067,36.92153842948584,18.46076921474292,18.46076921474292,18.46076921474292,0.0,1.9235384061671346,4199.7718628516,34.438350715445125,17.219175357722563,17.219175357722563,17.219175357722563,0.0,1.5165750888103102,2313.397393445406,48.77294331901654,24.38647165950827,24.38647165950827,24.38647165950827,0.0,1.8708286933869707,4655.100557453083,56.68156666853873,28.340783334269364,28.340783334269364,28.340783334269364,0.0,2.4083189157584592,5328.1837149257535,36.94861296449435,18.474306482247176,18.474306482247176,18.474306482247176,0.0,2.1908902300206643,4078.903774300149,34.50797009387831,17.253985046939157,17.253985046939157,17.253985046939157,0.0,1.414213562373095,3921.1832142862186,27.72724292099739,13.863621460498695,13.863621460498695,13.863621460498695,0.0,0.7071067811865476,2796.159276579215,47.958315233127195,23.979157616563597,23.979157616563597,23.979157616563597,0.0,2.449489742783178,4134.233096960063,34.93994848307593,17.469974241537965,17.469974241537965,17.469974241537965,0.0,1.4832396974191326,3874.366361096999,28.368997162395434,14.184498581197717,14.184498581197717,14.184498581197717,0.0,1.6431676725154984,2781.483740739823,27.40072991728505,13.700364958642526,13.700364958642526,13.700364958642526,0.0,0.8366600265340757,1920.8969779766953,45.60701700396552,22.80350850198276,22.80350850198276,22.80350850198276,0.0,2.16794833886788,4921.656052590429,26.780589986032794,13.390294993016397,13.390294993016397,13.390294993016397,0.0,1.3038404810405297,2817.571773708702,55.03816857418131,27.519084287090656,27.519084287090656,27.519084287090656,0.0,1.6733200530681513,4706.063461110571,53.15261047211135,26.576305236055674,26.576305236055674,26.576305236055674,0.0,3.3911649915626345,4610.761141069877,46.62617290749907,23.313086453749534,23.313086453749534,23.313086453749534,0.0,1.9493588689617927,4115.661125505841,26.32869157402244,13.16434578701122,13.16434578701122,13.16434578701122,0.0,0.7071067811865476,2840.576913234352
0.0,21.13764414498456,10.56882207249228,10.56882207249228,10.56882207249228,0.0,0.44721359549995787,2197.218514394961,40.36334971233185,20.181674856165927,20.181674856165927,20.181674856165927,0.0,1.7888543819998317,4236.858246389653,35.25336863336609,17.626684316683043,17.626684316683043,17.626684316683043,0.0,1.4832396974191326,3198.0271731178273,36.932370625238775,18.466185312619388,18.466185312619388,18.466185312619388,0.0,1.9235384061671346,4200.132938372308,34.80229877464993,17.401149387324963,17.401149387324963,17.401149387324963,0.0,1.5165750888103102,2316.607066379622,48.33218389437829,24.166091947189145,24.166091947189145,24.166091947189145,0.0,1.8708286933869707,4656.813749764961,56.142675390472796,28.071337695236398,28.071337695236398,28.071337695236398,0.0,2.4083189157584592,5326.918687196192,36.796738985948195,18.398369492974098,18.398369492974098,18.398369492974098,0.0,2.1908902300206643,4078.187256612918,34.50797009387831,17.253985046939157,17.253985046939157,17.253985046939157,0.0,1.414213562373095,3917.878150223664,28.16380656090366,14.08190328045183,14.08190328045183,14.08190328045183,0.0,0.7071067811865476,2797.689278672669,47.40042193905029,23.700210969525145,23.700210969525145,23.700210969525145,0.0,2.449489742783178,4134.168876569994,34.93994848307593,17.469974241537965,17.469974241537965,17.469974241537965,0.0,1.4832396974191326,3873.164145759898,28.830539363667828,14.415269681833914,14.415269681833914,14.415269681833914,0.0,1.6431676725154984,2779.0754757652767,27.371518043396865,13.685759021698432,13.685759021698432,13.685759021698432,0.0,0.8366600265340757,1919.126181364842,45.60701700396552,22.80350850198276,22.80350850198276,22.80350850198276,0.0,2.16794833886788,4920.739446465338,26.705804612480787,13.352902306240393,13.352902306240393,13.352902306240393,0.0,1.3038404810405297,2815.9443886554295,55.03816857418131,27.519084287090656,27.519084287090656,27.519084287090656,0.0,1.6733200530681513,4706.117964947331,53.15261047211135,26.576305236055674,26.576305236055674,26.576305236055674,0.0,3.3911649915626345,4610.376752500819,46.74184420837501,23.370922104187503,23.3709221041875,23.3709221041875,0.0,1.9493588689617927,4115.226032674268,26.32869157402244,13.16434578701122,13.16434578701122,13.16434578701122,0.0,0.7071067811865476,2834.29864340369
0.0,22.181073012818835,11.090536506409418,11.090536506409418,11.090536506409418,0.0,0.44721359549995787,2200.8235276823084,40.36334971233185,20.181674856165927,20.181674856165927,20.181674856165927,0.0,1.7888543819998317,4235.688220348613,35.25336863336609,17.626684316683043,17.626684316683043,17.626684316683043,0.0,1.4832396974191326,3198.6304569299655,36.698773821478014,18.349386910739007,18.349386910739007,18.349386910739007,0.0,1.9235384061671346,4202.856112217024,35.59213396243614,17.79606698121807,17.79606698121807,17.79606698121807,0.0,1.5165750888103102,2315.5608823781763,48.690861565595654,24.345430782797827,24.345430782797827,24.345430782797827,0.0,1.8708286933869707,4656.870998857495,55.612948132606675,27.806474066303338,27.806474066303338,27.806474066303338,0.0,2.16794833886788,5328.388762093096,36.943199644860215,18.471599822430107,18.471599822430107,18.471599822430107,0.0,2.1908902300206643,4076.795947800184,35.031414473298106,17.515707236649053,17.515707236649053,17.515707236649053,0.0,1.414213562373095,3920.3151914099967,27.949955277245078,13.974977638622539,13.974977638622539,13.974977638622539,0.0,0.7071067811865476,2804.3579122501465,48.133148660772235,24.066574330386118,24.066574330386118,24.066574330386118,0.0,2.449489742783178,4136.117684495934,34.93994848307593,17.469974241537965,17.469974241537965,17.469974241537965,0.0,1.4832396974191326,3873.002543247293,27.892651361962706,13.946325680981353,13.946325680981353,13.946325680981353,0.0,1.6431676725154984,2776.6816166064123,27.22498852157701,13.612494260788505,13.612494260788505,13.612494260788505,0.0,0.8366600265340757,1921.7447020871425,45.96955514250709,22.984777571253545,22.984777571253545,22.984777571253545,0.0,2.16794833886788,4926.655386771029,26.959228475607386,13.479614237803693,13.479614237803693,13.479614237803693,0.0,1.3038404810405297,2814.754820583846,55.03816857418131,27.519084287090656,27.519084287090656,27.519084287090656,0.0,1.6733200530681513,4706.79542788934,52.10374266787368,26.05187133393684,26.05187133393684,26.05187133393684,0.0,3.0331501776206204,4609.706227082155,46.164921748011224,23.082460874005612,23.082460874005612,23.082460874005612,0.0,1.9493588689617927,4115.360640332752,26.570660511172846,13.285330255586423,13.285330255586423,13.285330255586423,0.0,0.8944271909999159,2835.5568588903307
0.0,22.60088493842664,11.30044246921332,11.30044246921332,11.30044246921332,0.0,0.44721359549995787,2199.9133392022513,40.13477295313878,20.06738647656939,20.06738647656939,20.06738647656939,0.0,1.7888543819998317,4236.379137895947,35.91656999213594,17.95828499606797,17.95828499606797,17.95828499606797,0.0,1.4832396974191326,3201.1895757671086,36.359317925395686,18.179658962697843,18.179658962697843,18.179658962697843,0.0,1.9235384061671346,4201.606692683169,34.739027044521556,17.369513522260778,17.369513522260778,17.369513522260778,0.0,1.4832396974191326,2317.047086271662,49.24631965944257,24.623159829721285,24.623159829721285,24.623159829721285,0.0,2.16794833886788,4654.738370735782,55.612948132606675,27.806474066303338,27.806474066303338,27.806474066303338,0.0,2.16794833886788,5332.587111337235,36.943199644860215,18.471599822430107,18.471599822430107,18.471599822430107,0.0,2.1908902300206643,4077.497418760679,35.031414473298106,17.515707236649053,17.515707236649053,17.515707236649053,0.0,1.414213562373095,3919.7965891102053,30.672463220289302,15.336231610144651,15.336231610144651,15.336231610144651,0.0,0.5477225575051662,3094.861838596353,48.133148660772235,24.066574330386118,24.066574330386118,24.066574330386118,0.0,2.449489742783178,4133.287880126425,34.93994848307593,17.469974241537965,17.469974241537965,17.469974241537965,0.0,1.4832396974191326,3868.526437805486,26.96664606509308,13.48332303254654,13.48332303254654,13.48332303254654,0.0,1.6431676725154984,2779.1464157183227,27.327641683833605,13.663820841916802,13.663820841916802,13.663820841916802,0.0,0.8366600265340757,1924.4365409126901,45.96955514250709,22.984777571253545,22.984777571253545,22.984777571253545,0.0,2.16794833886788,4926.057774732245,26.959228475607386,13.479614237803693,13.479614237803693,13.479614237803693,0.0,1.3038404810405297,2815.988281225616,54.35071296680477,27.175356483402386,27.175356483402386,27.175356483402386,0.0,1.3416407864998738,4706.5616111977115,51.78802950489621,25.894014752448104,25.894014752448104,25.894014752448104,0.0,3.0331501776206204,4609.910161814436,46.164921748011224,23.082460874005612,23.082460874005612,23.082460874005612,0.0,1.9493588689617927,4114.877009097599,26.570660511172846,13.285330255586423,13.285330255586423,13.285330255586423,0.0,0.8944271909999159,2835.3361352756747
0.0,23.52020408074726,11.76010204037363,11.76010204037363,11.76010204037363,0.0,0.44721359549995787,2199.8898154225817,39.512023486528754,19.756011743264377,19.756011743264377,19.756011743264377,0.0,1.7888543819998317,4233.798034861843,35.84410690755176,17.92205345377588,17.92205345377588,17.92205345377588,0.0,1.4832396974191326,3195.7294472467474,36.359317925395686,18.179658962697843,18.179658962697843,18.179658962697843,0.0,1.9235384061671346,4203.380877341477,34.74478378116635,17.372391890583174,17.372391890583174,17.372391890583174,0.0,1.4832396974191326,2316.444193154672,48.77294331901654,24.38647165950827,24.38647165950827,24.38647165950827,0.0,2.16794833886788,4651.8471062579,55.86770086552694,27.93385043276347,27.93385043276347,27.93385043276347,0.0,2.16794833886788,5329.056698891465,37.11064537299237,18.555322686496186,18.555322686496186,18.555322686496186,0.0,2.1908902300206643,4072.8411704852915,35.33836442168766,17.66918221084383,17.66918221084383,17.66918221084383,0.0,1.414213562373095,3916.0179774868247,30.672463220289302,15.336231610144651,15.336231610144651,15.336231610144651,0.0,0.5477225575051662,3095.3845156942944,47.58150901348127,23.790754506740637,23.790754506740637,23.790754506740637,0.0,2.449489742783178,4131.856447167544,34.93994848307593,17.469974241537965,17.469974241537965,17.469974241537965,0.0,1.4832396974191326,3870.2118546663564,26.17632518135424,13.08816259067712,13.08816259067712,13.08816259067712,0.0,1.6431676725154984,2777.375073698185,27.327641683833605,13.663820841916802,13.663820841916802,13.663820841916802,0.0,0.8366600265340757,1924.9038937048258,45.26809030652828,22.63404515326414,22.63404515326414,22.63404515326414,0.0,2.16794833886788,4926.062697530351,27.313000567495326,13.656500283747663,13.656500283747663,13.656500283747663,0.0,1.3038404810405297,2815.7955003870575,53.80334562088124,26.90167281044062,26.90167281044062,26.90167281044062,0.0,1.3416407864998738,4703.430949849269,51.56355301955055,25.781776509775273,25.781776509775273,25.781776509775273,0.0,3.0331501776206204,4606.44671086077,45.488460075056395,22.744230037528197,22.744230037528197,22.744230037528197,0.0,1.5165750888103102,4115.293768371828,26.48018126826174,13.24009063413087,13.24009063413087,13.24009063413087,0.0,0.8944271909999159,2833.863405317906
0.0,24.058262613912916,12.029131306956458,12.029131306956458,12.029131306956458,0.0,0.44721359549995787,2201.4070954732565,39.512023486528754,19.756011743264377,19.756011743264377,19.756011743264377,0.0,1.7888543819998317,4234.604172765147,36.204972034238615,18.102486017119308,18.102486017119308,18.102486017119308,0.0,1.51657508881031,3194.1068078572453,36.359317925395686,18.179658962697843,18.179658962697843,18.179658962697843,0.0,1.9235384061671346,4203.952223800837,34.77355316903925,17.386776584519627,17.386776584519627,17.386776584519627,0.0,1.4832396974191326,2317.985698834227,49.61048276322253,24.805241381611264,24.805241381611264,24.805241381611264,0.0,2.16794833886788,4649.502521775851,56.142675390472796,28.071337695236398,28.071337695236398,28.071337695236398,0.0,2.16794833886788,5328.121357476761,37.11064537299237,18.555322686496186,18.555322686496186,18.555322686496186,0.0,2.1908902300206643,4070.5222883556353,35.70994259306503,17.854971296532515,17.854971296532515,17.854971296532515,0.0,1.414213562373095,3914.769431269229,31.144823004794873,15.572411502397436,15.572411502397436,15.572411502397436,0.0,0.5477225575051662,3092.090360904739,47.04040816149452,23.52020408074726,23.52020408074726,23.52020408074726,0.0,2.16794833886788,4132.812988752334,34.93994848307593,17.469974241537965,17.469974241537965,17.469974241537965,0.0,1.4832396974191326,3871.13966423326,25.24282076155516,12.62141038077758,12.62141038077758,12.62141038077758,0.0,1.6431676725154984,2774.5850680777476,27.22498852157701,13.612494260788505,13.612494260788505,13.612494260788505,0.0,0.8366600265340757,1923.418389222688,45.26809030652828,22.63404515326414,22.63404515326414,22.63404515326414,0.0,2.16794833886788,4931.418883039647,27.313000567495326,13.656500283747663,13.656500283747663,13.656500283747663,0.0,1.3038404810405297,2812.8158133798947,53.769880044500745,26.884940022250372,26.884940022250372,26.884940022250372,0.0,1.3416407864998738,4677.519887718277,50.96273148095577,25.481365740477884,25.481365740477884,25.481365740477884,0.0,3.0331501776206204,4613.263411078973,46.18224767158914,23.09112383579457,23.09112383579457,23.09112383579457,0.0,1.5165750888103102,4116.285133466826,25.946097972527586,12.973048986263793,12.973048986263793,12.973048986263793,0.0,0.8944271909999159,2830.9233829264967
0.0,24.041630560342615,12.020815280171307,12.020815280171307,12.020815280171307,0.0,0.44721359549995787,2199.1729127105946,39.512023486528754,19.756011743264377,19.756011743264377,19.756011743264377,0.0,1.7888543819998317,4235.916099263535,34.739027044521556,17.369513522260778,17.369513522260778,17.369513522260778,0.0,1.51657508881031,3018.114030317609,36.359317925395686,18.179658962697843,18.179658962697843,18.179658962697843,0.0,1.9235384061671346,4204.1624968595115,34.39185950192284,17.19592975096142,17.19592975096142,17.19592975096142,0.0,1.4832396974191326,2315.093691408622,49.36395446071962,24.68197723035981,24.68197723035981,24.68197723035981,0.0,1.949358868961793,4646.74416123806,55.86770086552694,27.93385043276347,27.93385043276347,27.93385043276347,0.0,2.16794833886788,5321.644078665915,37.469987990390386,18.734993995195193,18.734993995195193,18.734993995195193,0.0,2.1908902300206643,4068.701119522052,35.35533905932738,17.67766952966369,17.67766952966369,17.67766952966369,0.0,1.414213562373095,3914.691150014264,29.23696290656743,14.618481453283716,14.618481453283716,14.618481453283716,0.0,0.44721359549995804,3092.258317152692,46.85296148590823,23.426480742954116,23.426480742954116,23.426480742954116,0.0,2.16794833886788,4128.2623705379965,34.93994848307593,17.469974241537965,17.469974241537965,17.469974241537965,0.0,1.4832396974191326,3875.082773309494,25.24282076155516,12.62141038077758,12.62141038077758,12.62141038077758,0.0,1.6431676725154984,2775.5459282814973,27.978563222581677,13.989281611290838,13.989281611290838,13.989281611290838,0.0,0.8366600265340757,1925.1886401077686,45.26809030652828,22.63404515326414,22.63404515326414,22.63404515326414,0.0,2.16794833886788,4932.583673897484,27.806474066303338,13.903237033151669,13.903237033151669,13.903237033151669,0.0,1.3038404810405297,2673.9309452564403,52.76362383309168,26.38181191654584,26.38181191654584,26.38181191654584,0.0,1.3416407864998738,4684.61275880942,52.165122447857826,26.082561223928913,26.082561223928913,26.082561223928913,0.0,3.7682887362833544,4773.739131959349,45.53240604229036,22.76620302114518,22.76620302114518,22.76620302114518,0.0,1.5165750888103102,4116.212579544453,27.313000567495326,13.656500283747663,13.656500283747663,13.656500283747663,0.0,0.8944271909999159,2831.5360319091824
0.0,24.108089928486663,12.054044964243332,12.054044964243332,12.054044964243332,0.0,0.44721359549995787,2196.5367058166817,40.32369030731191,20.161845153655953,20.161845153655953,20.161845153655953,0.0,1.7888543819998317,4232.424423424475,34.058772731852805,17.029386365926403,17.029386365926403,17.029386365926403,0.0,1.51657508881031,3018.6212912520177,35.7603131977336,17.8801565988668,17.8801565988668,17.8801565988668,0.0,1.9235384061671346,4204.963590805513,34.39185950192284,17.19592975096142,17.19592975096142,17.19592975096142,0.0,1.4832396974191326,2318.6169368828478,49.36395446071962,24.68197723035981,24.68197723035981,24.68197723035981,0.0,1.949358868961793,4652.6480846932745,55.86770086552694,27.93385043276347,27.93385043276347,27.93385043276347,0.0,2.16794833886788,5321.783131620453,36.3758161420469,18.18790807102345,18.18790807102345,18.18790807102345,0.0,1.7888543819998317,4066.339447217854,36.04441704342019,18.022208521710095,18.022208521710095,18.022208521710095,0.0,1.414213562373095,3912.191968705012,29.23696290656743,14.618481453283716,14.618481453283716,14.618481453283716,0.0,0.44721359549995804,3095.116362917556,47.467883879524265,23.733941939762133,23.733941939762133,23.733941939762133,0.0,2.16794833886788,4127.3455755485265,34.33948165013561,17.1697408250678,17.169740825067805,17.169740825067805,0.0,1.4832396974191326,3875.095005286967,30.166206257996713,15.083103128998356,15.083103128998356,15.083103128998356,0.0,1.8708286933869709,2879.935971510478,27.978563222581677,13.989281611290838,13.989281611290838,13.989281611290838,0.0,0.8366600265340757,1926.765631829673,45.26809030652828,22.63404515326414,22.63404515326414,22.63404515326414,0.0,2.16794833886788,4934.959391930191,28.21347195933177,14.106735979665885,14.106735979665885,14.106735979665885,0.0,1.3038404810405297,2674.319446139522,53.13002917371682,26.56501458685841,26.56501458685841,26.56501458685841,0.0,1.3416407864998738,4682.116796919957,15.658863304850707,7.829431652425353,7.829431652425353,7.829431652425353,0.0,1.9235384061671346,1528.8275573131198,45.53240604229036,22.76620302114518,22.76620302114518,22.76620302114518,0.0,1.5165750888103102,4116.529569916874,28.305476501906835,14.152738250953417,14.152738250953417,14.152738250953417,0.0,0.8944271909999159,2832.39818881456
0.0,27.806474066303338,13.903237033151669,13.903237033151669,13.903237033151669,0.0,0.7071067811865475,2379.1497851123204,39.557553008243566,19.778776504121783,19.778776504121783,19.778776504121783,0.0,1.4142135623730951,4235.7263013561205,33.36465195382682,16.68232597691341,16.68232597691341,16.68232597691341,0.0,1.51657508881031,3016.624819230923,35.79385422108103,17.896927110540513,17.896927110540513,17.896927110540513,0.0,1.9235384061671346,4203.4327995104195,34.438350715445125,17.219175357722563,17.219175357722563,17.219175357722563,0.0,1.4832396974191326,2319.344045198987,49.36395446071962,24.68197723035981,24.68197723035981,24.68197723035981,0.0,1.949358868961793,4654.023238016759,55.59496380068972,27.79748190034486,27.79748190034486,27.79748190034486,0.0,2.16794833886788,5320.173230262338,36.3758161420469,18.18790807102345,18.18790807102345,18.18790807102345,0.0,1.7888543819998317,4070.736014531033,36.595081636744574,18.297540818372287,18.297540818372287,18.297540818372287,0.0,1.414213562373095,3915.052643324225,30.278705388440898,15.139352694220449,15.139352694220449,15.139352694220449,0.0,0.44721359549995804,3094.6434689637513,47.146579939588406,23.573289969794203,23.573289969794203,23.573289969794203,0.0,2.16794833886788,4124.583894164356,34.33948165013561,17.1697408250678,17.169740825067805,17.169740825067805,0.0,1.4832396974191326,3869.9913694994207,30.245660845813898,15.122830422906949,15.122830422906949,15.122830422906949,0.0,1.8708286933869709,2878.3716403550116,27.978563222581677,13.989281611290838,13.989281611290838,13.989281611290838,0.0,0.8366600265340757,1928.4151005424117,45.21061822182926,22.60530911091463,22.60530911091463,22.60530911091463,0.0,1.7320508075688772,4934.688966895482,28.21347195933177,14.106735979665885,14.106735979665885,14.106735979665885,0.0,1.3038404810405297,2674.518779145138,53.13002917371682,26.56501458685841,26.56501458685841,26.56501458685841,0.0,1.3416407864998738,4681.150104408104,15.836666315863324,7.918333157931662,7.918333157931662,7.918333157931662,0.0,1.9235384061671346,1522.3387599348575,45.685884034349165,22.842942017174583,22.842942017174583,22.842942017174583,0.0,1.5165750888103102,4113.649146439205,28.614681546367066,14.307340773183533,14.307340773183533,14.307340773183533,0.0,0.8944271909999159,2832.144470185093
0.0,27.806474066303338,13.903237033151669,13.903237033151669,13.903237033151669,0.0,0.7071067811865475,2378.084165878071,39.25812017914256,19.62906008957128,19.62906008957128,19.62906008957128,0.0,1.4142135623730951,4237.620558757001,34.09985337211877,17.049926686059386,17.049926686059386,17.049926686059386,0.0,1.51657508881031,3019.9863906978126,35.59213396243614,17.79606698121807,17.79606698121807,17.79606698121807,0.0,1.9235384061671346,4202.612461314985,34.45576874777285,17.227884373886425,17.227884373886425,17.227884373886425,0.0,1.4832396974191326,2314.450409924568,49.91192242340501,24.955961211702505,24.955961211702505,24.955961211702505,0.0,1.949358868961793,4653.167555547511,46.36809247747852,23.18404623873926,23.18404623873926,23.18404623873926,0.0,1.816590212458495,4341.164037444335,35.78826623350173,17.894133116750865,17.894133116750865,17.894133116750865,0.0,1.8708286933869707,4070.232954021182,36.91612113968638,18.45806056984319,18.45806056984319,18.45806056984319,0.0,1.414213562373095,3917.8526261205893,29.852973051272464,14.926486525636232,14.926486525636232,14.926486525636232,0.0,0.44721359549995804,3094.917575639132,46.968074263269514,23.484037131634757,23.484037131634757,23.484037131634757,0.0,2.16794833886788,4126.232385603118,34.33948165013561,17.1697408250678,17.169740825067805,17.169740825067805,0.0,1.4832396974191326,3869.5200865223583,29.30528962491243,14.652644812456215,14.652644812456215,14.652644812456215,0.0,1.6431676725154984,2877.9941799802164,27.349588662354687,13.674794331177344,13.674794331177344,13.674794331177344,0.0,0.8366600265340757,1930.3634890869648,44.86869732898427,22.434348664492134,22.434348664492134,22.434348664492134,0.0,1.7320508075688772,4933.940494168935,27.985710639538887,13.992855319769443,13.992855319769443,13.992855319769443,0.0,1.3038404810405297,2677.135652147646,53.392883420920434,26.696441710460217,26.696441710460217,26.696441710460217,0.0,1.3416407864998738,4676.301177212606,15.684387141358123,7.842193570679061,7.842193570679061,7.842193570679061,0.0,1.9235384061671346,1522.2257716909144,45.418058082661354,22.709029041330677,22.709029041330677,22.709029041330677,0.0,1.5165750888103102,4112.60869765165,28.614681546367066,14.307340773183533,14.307340773183533,14.307340773183533,0.0,0.8944271909999159,2830.712754766898
0.0,28.77498913987632,14.38749456993816,14.38749456993816,14.38749456993816,0.0,0.7071067811865475,2377.0001472444214,39.45630494610462,19.72815247305231,19.72815247305231,19.72815247305231,0.0,1.4142135623730951,4237.780692768327,34.84250278036869,17.421251390184345,17.421251390184345,17.421251390184345,0.0,1.51657508881031,3025.4230613254736,35.66510900025401,17.832554500127006,17.832554500127006,17.832554500127006,0.0,1.9235384061671346,4200.757705462194,51.82663407939975,25.913317039699876,25.913317039699876,25.913317039699876,0.0,2.9664793948382653,4131.670933169775,50.02799216438733,25.013996082193664,25.013996082193664,25.013996082193664,0.0,1.949358868961793,4650.326687448958,46.36809247747852,23.18404623873926,23.18404623873926,23.18404623873926,0.0,1.816590212458495,4338.534625884643,35.52463933666322,17.76231966833161,17.76231966833161,17.76231966833161,0.0,1.8708286933869707,4067.619942915021,36.80760790923529,18.403803954617644,18.403803954617644,18.403803954617644,0.0,1.414213562373095,3920.596676527694,30.31171390733292,15.15585695366646,15.15585695366646,15.15585695366646,0.0,0.44721359549995804,3095.5743085896033,46.805982523604825,23.402991261802413,23.402991261802413,23.402991261802413,0.0,2.16794833886788,4127.027319996803,33.68679266418814,16.84339633209407,16.84339633209407,16.84339633209407,0.0,1.4832396974191326,3873.0442161173423,29.30528962491243,14.652644812456215,14.652644812456215,14.652644812456215,0.0,1.6431676725154984,2879.310420916786,27.349588662354687,13.674794331177344,13.674794331177344,13.674794331177344,0.0,0.8366600265340757,1934.3556549921216,44.86869732898427,22.434348664492134,22.434348664492134,22.434348664492134,0.0,1.7320508075688772,4932.411610966789,27.66224864323217,13.831124321616086,13.831124321616086,13.831124321616086,0.0,1.3038404810405297,2674.342292975976,53.79591062525106,26.89795531262553,26.89795531262553,26.89795531262553,0.0,1.3416407864998738,4675.2362186310975,14.805404418657398,7.402702209328699,7.402702209328699,7.402702209328699,0.0,1.51657508881031,1519.9653943429107,45.58508528016593,22.792542640082964,22.792542640082964,22.792542640082964,0.0,1.5165750888103102,4110.546155926242,28.014282071829005,14.007141035914502,14.007141035914502,14.007141035914502,0.0,0.8944271909999159,2832.768963399592
0.0,28.368997162395434,14.184498581197717,14.184498581197717,14.184498581197717,0.0,0.7071067811865475,2376.1777500852077,39.67366884975474,19.83683442487737,19.83683442487737,19.83683442487737,0.0,1.4142135623730951,4237.42256566418,34.94567212116545,17.472836060582726,17.472836060582726,17.472836060582726,0.0,1.51657508881031,3025.1980926874853,35.64828186603108,17.82414093301554,17.82414093301554,17.82414093301554,0.0,1.9235384061671346,4193.780692883212,51.82663407939975,25.913317039699876,25.913317039699876,25.913317039699876,0.0,2.9664793948382653,4129.194679353349,48.9979591411724,24.4989795705862,24.4989795705862,24.4989795705862,0.0,1.6733200530681511,4651.8751810425865,46.36809247747852,23.18404623873926,23.18404623873926,23.18404623873926,0.0,1.816590212458495,4335.982160941164,33.77573093213528,16.88786546606764,16.88786546606764,16.88786546606764,0.0,1.4832396974191326,4067.4174853339064,37.13758204299251,18.568791021496256,18.568791021496256,18.568791021496256,0.0,1.414213562373095,3923.357070163255,29.37345740630476,14.68672870315238,14.68672870315238,14.68672870315238,0.0,0.44721359549995804,3094.351030507043,47.42573141238836,23.71286570619418,23.71286570619418,23.71286570619418,0.0,2.16794833886788,4123.161990511651,34.51376536977674,17.25688268488837,17.25688268488837,17.25688268488837,0.0,1.4832396974191326,3873.7638931664383,28.809720581775867,14.404860290887934,14.404860290887934,14.404860290887934,0.0,1.6431676725154984,2878.152237113249,28.16380656090366,14.08190328045183,14.08190328045183,14.08190328045183,0.0,0.8366600265340757,1932.3492696715055,45.40044052649709,22.700220263248546,22.700220263248546,22.700220263248546,0.0,1.9235384061671346,4933.365757776328,27.66224864323217,13.831124321616086,13.831124321616086,13.831124321616086,0.0,1.3038404810405297,2674.4024940161867,53.72894936624017,26.864474683120086,26.864474683120086,26.864474683120086,0.0,1.3416407864998738,4671.187343706095,16.828547174370104,8.414273587185052,8.414273587185052,8.414273587185052,0.0,2.345207879911715,1606.0298253768515,44.819638552759436,22.409819276379718,22.409819276379718,22.409819276379718,0.0,1.5165750888103102,4109.626102214166,28.014282071829005,14.007141035914502,14.007141035914502,14.007141035914502,0.0,0.8944271909999159,2829.197200620699
0.0,28.89982698910151,14.449913494550755,14.449913494550755,14.449913494550755,0.0,0.7071067811865475,2379.0246530878994,39.909898521544754,19.954949260772377,19.954949260772377,19.954949260772377,0.0,1.4142135623730951,4237.238570106715,34.94567212116545,17.472836060582726,17.472836060582726,17.472836060582726,0.0,1.51657508881031,3025.1413685975076,35.65389179318297,17.826945896591486,17.826945896591486,17.826945896591486,0.0,1.9235384061671346,4195.251398903289,50.370626361005286,25.185313180502643,25.185313180502643,25.185313180502643,0.0,2.9664793948382653,4131.185883012286,49.32747712989181,24.663738564945906,24.663738564945906,24.663738564945906,0.0,1.6733200530681511,4652.796234523924,45.8344848340199,22.91724241700995,22.91724241700995,22.91724241700995,0.0,1.816590212458495,4334.120349044313,34.07638478477434,17.03819239238717,17.03819239238717,17.03819239238717,0.0,1.4832396974191326,4066.0130717940397,37.48599738569057,18.742998692845283,18.742998692845283,18.742998692845283,0.0,1.414213562373095,3924.6364799812986,29.37345740630476,14.68672870315238,14.68672870315238,14.68672870315238,0.0,0.44721359549995804,3091.8215828213633,47.10838566539932,23.55419283269966,23.55419283269966,23.55419283269966,0.0,2.16794833886788,4123.1324499705315,33.823069050575526,16.911534525287763,16.911534525287763,16.911534525287763,0.0,1.4832396974191326,3875.9240446634144,29.752310834622577,14.876155417311288,14.876155417311288,14.876155417311288,0.0,1.6431676725154984,2876.15208220984,28.934408582170814,14.467204291085407,14.467204291085407,14.467204291085407,0.0,0.8366600265340757,1931.1724935903576,44.81071300481616,22.40535650240808,22.40535650240808,22.40535650240808,0.0,1.9235384061671346,4930.130860332209,28.319604517012593,14.159802258506296,14.159802258506296,14.159802258506296,0.0,1.3038404810405297,2675.0805034615314,53.69543742255947,26.847718711279736,26.847718711279736,26.847718711279736,0.0,1.3416407864998738,4674.683058775215,16.828547174370104,8.414273587185052,8.414273587185052,8.414273587185052,0.0,2.345207879911715,1610.616031212902,44.84194465007065,22.420972325035326,22.420972325035326,22.420972325035326,0.0,1.095445115010332,4107.748811697229,28.014282071829005,14.007141035914502,14.007141035914502,14.007141035914502,0.0,0.8944271909999159,2826.4296736342126
0.0,29.37345740630476,14.68672870315238,14.68672870315238,14.68672870315238,0.0,0.7071067811865475,2374.521278068487,40.16466108409232,20.08233054204616,20.08233054204616,20.08233054204616,0.0,1.4142135623730951,4233.276485182606,34.8883934855132,17.4441967427566,17.4441967427566,17.4441967427566,0.0,1.51657508881031,3027.642118877329,34.42092386906546,17.21046193453273,17.21046193453273,17.21046193453273,0.0,1.51657508881031,4201.67785533351,50.52919947911307,25.264599739556534,25.264599739556534,25.264599739556534,0.0,2.9664793948382653,4132.179957359069,49.09989816690051,24.549949083450255,24.549949083450255,24.549949083450255,0.0,1.6733200530681511,4649.185681385505,45.72964027848896,22.86482013924448,22.86482013924448,22.86482013924448,0.0,1.816590212458495,4334.37002342901,34.0117626711701,17.00588133558505,17.00588133558505,17.00588133558505,0.0,1.4832396974191326,4067.736077967694,37.20215047547655,18.601075237738275,18.601075237738275,18.601075237738275,0.0,1.414213562373095,3923.152724531636,29.37345740630476,14.68672870315238,14.68672870315238,14.68672870315238,0.0,0.44721359549995804,3089.919044246952,46.548899020277595,23.274449510138798,23.274449510138798,23.274449510138798,0.0,2.16794833886788,4121.08569432862,34.3685903115039,17.18429515575195,17.18429515575195,17.18429515575195,0.0,1.4832396974191326,3876.623724325073,29.277978072264485,14.638989036132243,14.638989036132243,14.638989036132243,0.0,1.6431676725154984,2876.0802666128775,29.34620929523948,14.67310464761974,14.67310464761974,14.67310464761974,0.0,1.1401754250991376,1929.4589137890448,44.99777772290538,22.49888886145269,22.49888886145269,22.49888886145269,0.0,1.9235384061671346,4929.743573452883,28.50964748992874,14.25482374496437,14.25482374496437,14.25482374496437,0.0,1.3038404810405297,2671.7628075860325,52.744667976962376,26.372333988481188,26.372333988481188,26.372333988481188,0.0,1.3038404810405297,4675.807791173628,16.099689437998485,8.049844718999243,8.049844718999243,8.049844718999243,0.0,1.9235384061671346,1607.9554409249033,43.55685939091569,21.778429695457845,21.778429695457845,21.778429695457845,0.0,1.095445115010332,4108.468047825126,27.626074639731215,13.813037319865607,13.813037319865607,13.813037319865607,0.0,0.8944271909999159,2827.1917692296715
0.0,29.37345740630476,14.68672870315238,14.68672870315238,14.68672870315238,0.0,0.7071067811865475,2373.78375173477,40.16466108409232,20.08233054204616,20.08233054204616,20.08233054204616,0.0,1.4142135623730951,4231.194984871295,34.95711658589707,17.478558292948534,17.478558292948534,17.478558292948534,0.0,1.51657508881031,3026.1577619152645,33.823069050575526,16.911534525287763,16.911534525287763,16.911534525287763,0.0,1.51657508881031,4197.930764078893,50.36665563644265,25.183327818221326,25.183327818221326,25.183327818221326,0.0,2.9664793948382653,4130.219885187713,49.678969393496885,24.839484696748443,24.839484696748443,24.839484696748443,0.0,1.6733200530681511,4650.253573731222,44.654227123532216,22.327113561766108,22.327113561766108,22.327113561766108,0.0,1.5165750888103102,4335.145476221069,34.193566646373704,17.096783323186852,17.096783323186852,17.096783323186852,0.0,1.4832396974191326,4069.260215321699,35.541525009487145,17.770762504743573,17.770762504743573,17.770762504743573,0.0,1.414213562373095,3921.158208998969,29.34620929523948,14.67310464761974,14.67310464761974,14.67310464761974,0.0,0.44721359549995804,3089.0454512680776,46.238512086787566,23.119256043393783,23.119256043393783,23.119256043393783,0.0,2.16794833886788,4118.1015407588,34.3685903115039,17.18429515575195,17.18429515575195,17.18429515575195,0.0,1.4832396974191326,3877.881148256094,29.779187362988935,14.889593681494468,14.889593681494468,14.889593681494468,0.0,1.6431676725154984,2878.7365805158342,29.34620929523948,14.67310464761974,14.67310464761974,14.67310464761974,0.0,1.1401754250991376,1933.826439988863,44.99777772290538,22.49888886145269,22.49888886145269,22.49888886145269,0.0,1.9235384061671346,4929.941916493541,28.199290771223307,14.099645385611653,14.099645385611653,14.099645385611653,0.0,1.2247448713915892,2668.479304772664,52.31443395469361,26.157216977346806,26.157216977346806,26.157216977346806,0.0,1.3038404810405297,4680.441143738483,15.962455951387932,7.981227975693966,7.981227975693966,7.981227975693966,0.0,1.9235384061671346,1612.360784688092,43.55685939091569,21.778429695457845,21.778429695457845,21.778429695457845,0.0,1.095445115010332,4110.424004892926,27.400729917285048,13.700364958642524,13.700364958642524,13.700364958642524,0.0,0.8944271909999159,2833.777743578349
0.0,29.37345740630476,14.68672870315238,14.68672870315238,14.68672870315238,0.0,0.7071067811865475,2372.405677787844,41.036569057366385,20.518284528683193,20.518284528683193,20.518284528683193,0.0,1.4142135623730951,4228.636896211355,34.95711658589707,17.478558292948534,17.478558292948534,17.478558292948534,0.0,1.51657508881031,3024.429648710646,33.59761896325393,16.798809481626964,16.798809481626964,16.798809481626964,0.0,1.51657508881031,4196.530507454938,51.52475133370369,25.762375666851845,25.762375666851845,25.762375666851845,0.0,2.9664793948382653,4129.204221154483,50.13182621848121,25.065913109240604,25.065913109240604,25.065913109240604,0.0,1.6733200530681511,4651.77629513716,44.578021490416106,22.289010745208053,22.289010745208053,22.289010745208053,0.0,1.5165750888103102,4337.666849816846,34.193566646373704,17.096783323186852,17.096783323186852,17.096783323186852,0.0,1.4832396974191326,4067.202638177744,36.09432088293115,18.047160441465575,18.047160441465575,18.047160441465575,0.0,1.414213562373095,3922.6364858344955,29.34620929523948,14.67310464761974,14.67310464761974,14.67310464761974,0.0,0.44721359549995804,3091.939650122557,46.238512086787566,23.119256043393783,23.119256043393783,23.119256043393783,0.0,2.16794833886788,4120.785277104354,34.3685903115039,17.18429515575195,17.18429515575195,17.18429515575195,0.0,1.4832396974191326,3878.161162200457,29.84627279912854,14.92313639956427,14.92313639956427,14.92313639956427,0.0,1.6431676725154984,2885.7550658363234,27.655017627909768,13.827508813954884,13.827508813954884,13.827508813954884,0.0,0.8944271909999161,1932.6961737427846,44.99777772290538,22.49888886145269,22.49888886145269,22.49888886145269,0.0,1.9235384061671346,4925.181793599095,29.393876913398138,14.696938456699069,14.696938456699069,14.696938456699069,0.0,1.2247448713915892,2670.1420374204813,52.31443395469361,26.157216977346806,26.157216977346806,26.157216977346806,0.0,1.3038404810405297,4684.580963117192,16.70927885936434,8.35463942968217,8.35463942968217,8.35463942968217,0.0,2.345207879911715,1680.4656199994097,43.55685939091569,21.778429695457845,21.778429695457845,21.778429695457845,0.0,1.095445115010332,4109.550912204398,27.400729917285048,13.700364958642524,13.700364958642524,13.700364958642524,0.0,0.8944271909999159,2834.60055386998
0.0,28.368997162395434,14.184498581197717,14.184498581197717,14.184498581197717,0.0,0.7071067811865475,2370.304558490322,41.099878345318736,20.549939172659368,20.549939172659368,20.549939172659368,0.0,1.4142135623730951,4228.02574495473,34.88266044899672,17.44133022449836,17.44133022449836,17.44133022449836,0.0,1.51657508881031,3024.9074861886274,34.164308861734646,17.082154430867323,17.082154430867323,17.082154430867323,0.0,1.51657508881031,4197.069394232123,51.42761903880054,25.71380951940027,25.71380951940027,25.71380951940027,0.0,2.9664793948382653,4130.018789303506,50.93917942016734,25.46958971008367,25.46958971008367,25.46958971008367,0.0,1.6733200530681511,4655.655034471519,44.578021490416106,22.289010745208053,22.289010745208053,22.289010745208053,0.0,1.5165750888103102,4339.95028773372,34.193566646373704,17.096783323186852,17.096783323186852,17.096783323186852,0.0,1.4832396974191326,4063.3817812260763,36.09432088293115,18.047160441465575,18.047160441465575,18.047160441465575,0.0,1.414213562373095,3925.340048963911,28.830539363667828,14.415269681833914,14.415269681833914,14.415269681833914,0.0,0.44721359549995804,3090.7338125435517,45.94344349306003,22.971721746530015,22.971721746530015,22.971721746530015,0.0,2.16794833886788,4121.909229956429,34.3685903115039,17.18429515575195,17.18429515575195,17.18429515575195,0.0,1.4832396974191326,3873.892706309766,29.427877939124322,14.713938969562161,14.713938969562161,14.713938969562161,0.0,1.6431676725154984,2885.5683495630456,27.66224864323217,13.831124321616086,13.831124321616086,13.831124321616086,0.0,0.8944271909999161,1932.4994695988923,48.64976875587386,24.32488437793693,24.32488437793693,24.32488437793693,0.0,2.7748873851023217,5132.527808010396,29.393876913398138,14.696938456699069,14.696938456699069,14.696938456699069,0.0,1.2247448713915892,2671.3444180786573,52.31443395469361,26.157216977346806,26.157216977346806,26.157216977346806,0.0,1.3038404810405297,4682.310882459643,15.962455951387932,7.981227975693966,7.981227975693966,7.981227975693966,0.0,1.9235384061671346,1679.0264143246825,42.92784644027697,21.463923220138486,21.463923220138486,21.463923220138486,0.0,1.095445115010332,4109.271322266272,27.313000567495326,13.656500283747663,13.656500283747663,13.656500283747663,0.0,0.8944271909999159,2834.5492939795563
0.0,27.985710639538887,13.992855319769443,13.992855319769443,13.992855319769443,0.0,0.7071067811865475,2373.040496915297,41.39082023830888,20.69541011915444,20.69541011915444,20.69541011915444,0.0,1.4142135623730951,4227.256533497819,34.2227994179319,17.11139970896595,17.11139970896595,17.11139970896595,0.0,1.1401754250991383,3024.6508889456977,33.56784175367847,16.783920876839236,16.783920876839236,16.783920876839236,0.0,1.51657508881031,4194.5834358133825,51.35367562307493,25.676837811537464,25.676837811537464,25.676837811537464,0.0,2.588435821108957,4130.211411053919,51.5286328171047,25.76431640855235,25.76431640855235,25.76431640855235,0.0,1.6733200530681511,4654.8536174621,43.93176527297759,21.965882636488796,21.965882636488796,21.965882636488796,0.0,1.3038404810405297,4339.753817902578,34.193566646373704,17.096783323186852,17.096783323186852,17.096783323186852,0.0,1.4832396974191326,4067.8828031299036,35.17385392589217,17.586926962946084,17.586926962946084,17.586926962946084,0.0,1.414213562373095,3925.7601174804354,29.899832775452108,14.949916387726054,14.949916387726054,14.949916387726054,0.0,0.44721359549995804,3091.102392351311,45.66399018920707,22.831995094603535,22.831995094603535,22.831995094603535,0.0,2.16794833886788,4118.345990807475,33.48432469081615,16.742162345408076,16.742162345408076,16.742162345408076,0.0,1.4832396974191326,3875.803877907137,29.10670025956223,14.553350129781116,14.553350129781116,14.553350129781116,0.0,1.6431676725154984,2889.0652813669685,27.66224864323217,13.831124321616086,13.831124321616086,13.831124321616086,0.0,0.8944271909999161,1930.9432927975902,49.24631965944257,24.623159829721285,24.623159829721285,24.623159829721285,0.0,2.7748873851023217,5136.244269892155,28.684490582891655,14.342245291445828,14.342245291445828,14.342245291445828,0.0,0.8366600265340756,2669.3998951075127,52.31443395469361,26.157216977346806,26.157216977346806,26.157216977346806,0.0,1.3038404810405297,4684.636944310626,15.962455951387932,7.981227975693966,7.981227975693966,7.981227975693966,0.0,1.9235384061671346,1676.049014796405,43.34512660034574,21.67256330017287,21.67256330017287,21.67256330017287,0.0,1.095445115010332,4110.3358378604535,27.949955277245078,13.974977638622539,13.974977638622539,13.974977638622539,0.0,0.8944271909999159,2833.505461438181
0.0,27.371518043396865,13.685759021698432,13.685759021698432,13.685759021698432,0.0,0.7071067811865475,2371.5459725672617,41.39082023830888,20.69541011915444,20.69541011915444,20.69541011915444,0.0,1.4142135623730951,4229.092928749616,34.12916641232247,17.064583206161235,17.064583206161235,17.064583206161235,0.0,1.1401754250991383,3022.1178501176955,32.984845004941285,16.492422502470642,16.492422502470642,16.492422502470642,0.0,1.51657508881031,4192.912388781812,51.35367562307493,25.676837811537464,25.676837811537464,25.676837811537464,0.0,2.588435821108957,4128.523852419894,50.96273148095577,25.481365740477884,25.481365740477884,25.481365740477884,0.0,1.6733200530681511,4658.33804054622,42.529989419232166,21.264994709616083,21.264994709616083,21.264994709616083,0.0,1.3038404810405297,4338.635695699743,34.193566646373704,17.096783323186852,17.096783323186852,17.096783323186852,0.0,1.4832396974191326,4065.8317353279635,35.64828186603108,17.82414093301554,17.82414093301554,17.82414093301554,0.0,1.414213562373095,3924.2524511045413,29.583779339360955,14.791889669680478,14.791889669680478,14.791889669680478,0.0,0.44721359549995804,3092.973197426709,45.09101906144948,22.54550953072474,22.54550953072474,22.54550953072474,0.0,2.16794833886788,4113.978099115259,33.68679266418814,16.84339633209407,16.84339633209407,16.84339633209407,0.0,1.4832396974191326,3869.670619057906,28.48157299026864,14.24078649513432,14.24078649513432,14.24078649513432,0.0,1.6431676725154984,2889.1868233120545,27.180875629751153,13.590437814875576,13.590437814875576,13.590437814875576,0.0,0.8944271909999161,1929.1291558628207,49.24631965944257,24.623159829721285,24.623159829721285,24.623159829721285,0.0,2.7748873851023217,5134.624299790589,29.072323608545638,14.536161804272819,14.536161804272819,14.536161804272819,0.0,0.8366600265340756,2669.5296776773243,51.896049946021904,25.948024973010952,25.948024973010952,25.948024973010952,0.0,1.3038404810405297,4683.9526790948685,15.962455951387932,7.981227975693966,7.981227975693966,7.981227975693966,0.0,1.9235384061671346,1672.4968460358903,43.48792935976603,21.743964679883014,21.743964679883014,21.743964679883014,0.0,1.095445115010332,4107.781128541295,28.621670111997307,14.310835055998654,14.310835055998654,14.310835055998654,0.0,0.8944271909999159,2825.419561764235
0.0,26.773120849090418,13.386560424545209,13.386560424545209,13.386560424545209,0.0,0.7071067811865475,2371.3416033966932,40.630038149132965,20.315019074566482,20.315019074566482,20.315019074566482,0.0,1.4142135623730951,4232.073250783828,34.011762671170096,17.005881335585048,17.005881335585048,17.005881335585048,0.0,1.1401754250991383,3025.13515400552,32.984845004941285,16.492422502470642,16.492422502470642,16.492422502470642,0.0,1.51657508881031,4194.544516392692,51.35367562307493,25.676837811537464,25.676837811537464,25.676837811537464,0.0,2.588435821108957,4127.57515982447,50.40634880647477,25.203174403237384,25.203174403237384,25.203174403237384,0.0,1.6733200530681511,4661.371740164048,42.529989419232166,21.264994709616083,21.264994709616083,21.264994709616083,0.0,1.3038404810405297,4342.571738037266,34.61213659975356,17.30606829987678,17.30606829987678,17.30606829987678,0.0,1.4832396974191326,4070.424891826405,35.64828186603108,17.82414093301554,17.82414093301554,17.82414093301554,0.0,1.414213562373095,3924.204097648337,29.475413483104862,14.737706741552431,14.737706741552431,14.737706741552431,0.0,0.44721359549995804,3085.950420859026,45.506043554675244,22.753021777337622,22.753021777337622,22.753021777337622,0.0,2.16794833886788,4113.28594921384,33.68679266418814,16.84339633209407,16.84339633209407,16.84339633209407,0.0,1.4832396974191326,3866.291310804192,28.48157299026864,14.24078649513432,14.24078649513432,14.24078649513432,0.0,1.6431676725154984,2890.4772097354444,27.180875629751153,13.590437814875576,13.590437814875576,13.590437814875576,0.0,0.8944271909999161,1931.4159831584702,50.465830023888444,25.232915011944222,25.232915011944222,25.232915011944222,0.0,2.7748873851023217,5134.515332531397,29.072323608545638,14.536161804272819,14.536161804272819,14.536161804272819,0.0,0.8366600265340756,2670.8971713639594,52.50904683956851,26.254523419784256,26.254523419784256,26.254523419784256,0.0,1.3038404810405297,4680.219407250049,16.637307474468336,8.318653737234168,8.318653737234168,8.318653737234168,0.0,2.3874672772626644,1754.548175457146,43.48792935976603,21.743964679883014,21.743964679883014,21.743964679883014,0.0,1.095445115010332,4108.781656403757,29.631064780058107,14.815532390029054,14.815532390029054,14.815532390029054,0.0,0.8944271909999159,2822.8409094385747
0.0,27.371518043396865,13.685759021698432,13.685759021698432,13.685759021698432,0.0,1.1401754250991378,2368.782134346677,40.703808175648625,20.351904087824312,20.351904087824312,20.351904087824312,0.0,1.4142135623730951,4228.431588662633,34.011762671170096,17.005881335585048,17.005881335585048,17.005881335585048,0.0,1.1401754250991383,3022.232982415486,32.96664981462327,16.483324907311633,16.483324907311633,16.483324907311633,0.0,1.6733200530681511,4194.847458489999,51.42761903880054,25.71380951940027,25.71380951940027,25.71380951940027,0.0,2.588435821108957,4123.040952986036,50.52919947911306,25.26459973955653,25.26459973955653,25.26459973955653,0.0,1.4832396974191326,4662.776458291776,42.529989419232166,21.264994709616083,21.264994709616083,21.264994709616083,0.0,1.3038404810405297,4344.446374395707,19.57549488518745,9.787747442593725,9.787747442593725,9.787747442593725,0.0,0.7071067811865476,2234.109733204705,35.64828186603108,17.82414093301554,17.82414093301554,17.82414093301554,0.0,1.414213562373095,3923.1048035962535,29.899832775452108,14.949916387726054,14.949916387726054,14.949916387726054,0.0,0.44721359549995804,3085.9367297467393,45.506043554675244,22.753021777337622,22.753021777337622,22.753021777337622,0.0,2.16794833886788,4114.495862192597,53.691712582110846,26.845856291055423,26.845856291055423,26.845856291055423,0.0,2.280350850198276,5324.3801798894865,28.996551519103093,14.498275759551547,14.498275759551547,14.498275759551547,0.0,1.6431676725154984,2892.548754991003,26.847718711279736,13.423859355639868,13.423859355639868,13.423859355639868,0.0,0.8944271909999161,1930.7416968615973,49.73127788424504,24.86563894212252,24.86563894212252,24.86563894212252,0.0,2.345207879911715,5134.175902713112,28.36899716239543,14.184498581197715,14.184498581197715,14.184498581197715,0.0,0.8366600265340756,2673.83871989318,52.50904683956851,26.254523419784256,26.254523419784256,26.254523419784256,0.0,1.3038404810405297,4677.987013663035,15.874507866387544,7.937253933193772,7.937253933193772,7.937253933193772,0.0,1.9493588689617927,1756.4237245038566,43.64859677011393,21.824298385056967,21.824298385056967,21.824298385056967,0.0,1.095445115010332,4110.018649592724,29.54318872430666,14.77159436215333,14.77159436215333,14.77159436215333,0.0,0.8944271909999159,2821.627633122415
0.0,27.40072991728505,13.700364958642524,13.700364958642526,13.700364958642526,0.0,1.1401754250991378,2368.660549762249,39.93995493237317,19.969977466186585,19.969977466186585,19.969977466186585,0.0,1.4142135623730951,4227.5728497567015,34.74478378116635,17.372391890583174,17.372391890583174,17.372391890583174,0.0,1.1401754250991383,3021.593172483682,34.33365695640358,17.16682847820179,17.16682847820179,17.16682847820179,0.0,1.6733200530681511,4193.369349341888,51.42761903880054,25.71380951940027,25.71380951940027,25.71380951940027,0.0,2.588435821108957,4121.71351503231,51.11946791585374,25.55973395792687,25.55973395792687,25.55973395792687,0.0,1.4832396974191326,4660.06700595603,42.988370520409354,21.494185260204677,21.494185260204677,21.494185260204677,0.0,1.3038404810405297,4341.699229564388,19.57549488518745,9.787747442593725,9.787747442593725,9.787747442593725,0.0,0.7071067811865476,2234.9674941707767,51.35367562307493,25.676837811537464,25.676837811537464,25.676837811537464,0.0,3.492849839314596,5146.149317693765,29.441467354736243,14.720733677368122,14.720733677368122,14.720733677368122,0.0,0.44721359549995804,3085.6538205054694,45.506043554675244,22.753021777337622,22.753021777337622,22.753021777337622,0.0,2.16794833886788,4117.385298948837,52.80151512977634,26.40075756488817,26.40075756488817,26.40075756488817,0.0,2.280350850198276,5325.039765109741,29.50932056147684,14.75466028073842,14.75466028073842,14.75466028073842,0.0,1.816590212458495,2890.7096533550375,26.630809225406576,13.315404612703288,13.315404612703288,13.315404612703288,0.0,0.8944271909999161,1932.553699124555,49.85178030923269,24.925890154616344,24.925890154616344,24.925890154616344,0.0,2.345207879911715,5132.661541539633,29.209587467131406,14.604793733565703,14.604793733565703,14.604793733565703,0.0,0.8944271909999159,2671.884877759519,51.05683108066931,25.528415540334656,25.528415540334656,25.528415540334656,0.0,1.3038404810405297,4673.933910529759,15.836666315863324,7.918333157931662,7.918333157931662,7.918333157931662,0.0,1.9493588689617927,1756.8251762767975,55.81039329730619,27.905196648653096,27.905196648653096,27.905196648653096,0.0,2.3874672772626644,5188.757317508693,28.76108481959608,14.38054240979804,14.38054240979804,14.38054240979804,0.0,0.8944271909999159,2823.2882070380274
0.0,27.928480087537885,13.964240043768942,13.964240043768942,13.964240043768942,0.0,1.1401754250991378,2371.6179076739995,38.72983346207417,19.364916731037084,19.364916731037084,19.364916731037084,0.0,1.4142135623730951,4229.117437480308,34.74478378116635,17.372391890583174,17.372391890583174,17.372391890583174,0.0,1.1401754250991383,3025.6363462914705,34.33365695640358,17.16682847820179,17.16682847820179,17.16682847820179,0.0,1.6733200530681511,4190.04192103134,50.805511512039715,25.402755756019857,25.402755756019857,25.402755756019857,0.0,2.588435821108957,4122.2943005079105,50.64385451365249,25.321927256826246,25.321927256826246,25.321927256826246,0.0,1.4832396974191326,4654.476533403085,43.1833301170718,21.5916650585359,21.5916650585359,21.5916650585359,0.0,1.3038404810405297,4342.402100220568,19.57549488518745,9.787747442593725,9.787747442593725,9.787747442593725,0.0,0.7071067811865476,2239.094303507559,51.146847410177685,25.573423705088842,25.573423705088842,25.573423705088842,0.0,3.082207001484488,5150.81748851578,29.277978072264485,14.638989036132243,14.638989036132243,14.638989036132243,0.0,0.44721359549995804,3085.0727219953824,46.208224376186536,23.104112188093268,23.104112188093268,23.104112188093268,0.0,2.16794833886788,4118.206976342981,53.452782902296114,26.726391451148057,26.726391451148057,26.726391451148057,0.0,2.280350850198276,5320.763666993677,30.63984334163607,15.319921670818033,15.319921670818035,15.319921670818035,0.0,1.816590212458495,2886.2491576438792,26.630809225406576,13.315404612703288,13.315404612703288,13.315404612703288,0.0,0.8944271909999161,1933.5236486787537,49.85178030923269,24.925890154616344,24.925890154616344,24.925890154616344,0.0,2.345207879911715,5130.622057801568,29.236962906567435,14.618481453283717,14.618481453283717,14.618481453283717,0.0,0.8944271909999159,2672.3095254853993,51.05683108066931,25.528415540334656,25.528415540334656,25.528415540334656,0.0,1.3038404810405297,4677.151836320903,17.23948955160796,8.61974477580398,8.61974477580398,8.61974477580398,0.0,2.5099800796022267,1803.7158035566467,55.81039329730619,27.905196648653096,27.905196648653096,27.905196648653096,0.0,2.3874672772626644,5189.129339301537,28.823601440486232,14.411800720243116,14.411800720243116,14.411800720243116,0.0,0.8944271909999159,2822.0199680370797
0.0,27.546324618721822,13.773162309360911,13.773162309360911,13.773162309360911,0.0,1.1401754250991378,2373.1889937381725,39.048687557970496,19.524343778985248,19.524343778985248,19.524343778985248,0.0,1.4142135623730951,4228.666373692775,34.74478378116635,17.372391890583174,17.372391890583174,17.372391890583174,0.0,1.1401754250991383,3023.7511802395384,34.33365695640358,17.16682847820179,17.16682847820179,17.16682847820179,0.0,1.6733200530681511,4189.004499878223,50.805511512039715,25.402755756019857,25.402755756019857,25.402755756019857,0.0,2.588435821108957,4124.216386175682,50.64385451365249,25.321927256826246,25.321927256826246,25.321927256826246,0.0,1.4832396974191326,4656.258616099411,38.1942404034954,19.0971202017477,19.0971202017477,19.0971202017477,0.0,1.1401754250991378,4052.0123148875055,19.411336893681487,9.705668446840743,9.705668446840743,9.705668446840743,0.0,0.7071067811865476,2242.0694235460237,51.544155827794874,25.772077913897437,25.772077913897437,25.772077913897437,0.0,3.082207001484488,5150.980974532909,29.879759035172956,14.939879517586478,14.939879517586478,14.939879517586478,0.0,0.44721359549995804,3088.584190207546,45.16635916254486,22.58317958127243,22.58317958127243,22.58317958127243,0.0,2.16794833886788,4117.14569817489,53.6730845023835,26.83654225119175,26.83654225119175,26.83654225119175,0.0,2.280350850198276,5317.120113369642,30.63984334163607,15.319921670818033,15.319921670818035,15.319921670818035,0.0,1.816590212458495,2886.840193013808,25.97691282658507,12.988456413292536,12.988456413292536,12.988456413292536,0.0,0.8944271909999161,1932.7746376647226,49.85178030923269,24.925890154616344,24.925890154616344,24.925890154616344,0.0,2.345207879911715,5131.309111717984,29.236962906567435,14.618481453283717,14.618481453283717,14.618481453283717,0.0,0.8944271909999159,2669.305808632649,51.05683108066931,25.528415540334656,25.528415540334656,25.528415540334656,0.0,1.3038404810405297,4678.842559864565,16.45600194457937,8.228000972289685,8.228000972289685,8.228000972289685,0.0,2.073644135332772,1804.7512293942343,55.7422640372635,27.87113201863175,27.87113201863175,27.87113201863175,0.0,2.3874672772626644,5187.49301686277,49.193495504995376,24.596747752497688,24.596747752497688,24.596747752497688,0.0,3.492849839314596,4697.904905380696
0.0,27.985710639538887,13.992855319769443,13.992855319769443,13.992855319769443,0.0,1.1401754250991378,2370.689287949815,38.771123274932336,19.385561637466168,19.385561637466168,19.385561637466168,0.0,1.4142135623730951,4229.7334076747675,34.74478378116635,17.372391890583174,17.372391890583174,17.372391890583174,0.0,1.1401754250991383,3019.349648517045,34.33365695640358,17.16682847820179,17.16682847820179,17.16682847820179,0.0,1.6733200530681511,4191.916590296138,50.97842680977906,25.48921340488953,25.48921340488953,25.48921340488953,0.0,2.588435821108957,4121.58565360469,50.1876478827211,25.09382394136055,25.09382394136055,25.09382394136055,0.0,1.4832396974191326,4658.558392893664,38.40833242930497,19.204166214652485,19.204166214652485,19.204166214652485,0.0,1.1401754250991378,4051.4600084414014,19.411336893681487,9.705668446840743,9.705668446840743,9.705668446840743,0.0,0.7071067811865476,2244.137139303211,51.20546845796843,25.602734228984215,25.602734228984215,25.602734228984215,0.0,3.03315017762062,5152.180334576809,30.01333037168651,15.006665185843255,15.006665185843255,15.006665185843255,0.0,0.44721359549995804,3087.669218034859,45.16635916254486,22.58317958127243,22.58317958127243,22.58317958127243,0.0,2.16794833886788,4114.450911118031,53.907327887774215,26.953663943887108,26.953663943887108,26.953663943887108,0.0,2.280350850198276,5319.97673867095,30.63984334163607,15.319921670818033,15.319921670818035,15.319921670818035,0.0,1.816590212458495,2888.238944408859,26.668333281253254,13.334166640626627,13.334166640626627,13.334166640626627,0.0,0.8944271909999161,1932.103439259917,49.66689037980937,24.833445189904683,24.833445189904683,24.833445189904683,0.0,2.345207879911715,5130.887233218053,29.631064780058107,14.815532390029054,14.815532390029054,14.815532390029054,0.0,0.8944271909999159,2669.63278373637,50.96273148095577,25.481365740477884,25.481365740477884,25.481365740477884,0.0,1.224744871391589,4674.629931876961,16.407315441594946,8.203657720797473,8.203657720797473,8.203657720797473,0.0,2.073644135332772,1803.4578730871426,56.02856414365801,28.014282071829005,28.014282071829005,28.014282071829005,0.0,2.3874672772626644,5189.383614650203,48.44378185071847,24.221890925359236,24.221890925359236,24.221890925359236,0.0,3.0495901363953815,4696.14110733483
0.0,28.44644090215857,14.223220451079285,14.223220451079285,14.223220451079285,0.0,1.1401754250991378,2372.0347805207243,38.843274836192684,19.421637418096342,19.421637418096342,19.421637418096342,0.0,1.3038404810405297,4231.025348541415,34.77355316903925,17.386776584519627,17.386776584519627,17.386776584519627,0.0,1.1401754250991383,3018.1565234427458,34.351128074635334,17.175564037317667,17.175564037317667,17.175564037317667,0.0,1.6733200530681511,4190.1864755640645,50.97842680977906,25.48921340488953,25.48921340488953,25.48921340488953,0.0,2.588435821108957,4119.746836882092,50.291152303362466,25.145576151681233,25.145576151681233,25.145576151681233,0.0,1.4832396974191326,4659.887155286059,38.65229618017538,19.32614809008769,19.32614809008769,19.32614809008769,0.0,1.3416407864998738,4050.960651499839,19.411336893681487,9.705668446840743,9.705668446840743,9.705668446840743,0.0,0.7071067811865476,2238.9608080535936,50.505445250982596,25.252722625491298,25.252722625491298,25.252722625491298,0.0,2.6076809620810595,5149.412228594639,30.01333037168651,15.006665185843255,15.006665185843255,15.006665185843255,0.0,0.44721359549995804,3089.7206184378547,44.6183818621877,22.30919093109385,22.30919093109385,22.30919093109385,0.0,2.16794833886788,4114.37151944255,54.136863595890006,27.068431797945003,27.068431797945003,27.068431797945003,0.0,2.280350850198276,5325.933936879052,30.63984334163607,15.319921670818033,15.319921670818035,15.319921670818035,0.0,1.816590212458495,2883.25175799825,26.130442016927304,13.065221008463652,13.065221008463652,13.065221008463652,0.0,0.8944271909999161,1929.406825944181,49.79959839195493,24.899799195977465,24.899799195977465,24.899799195977465,0.0,2.345207879911715,5131.1895989136865,29.631064780058107,14.815532390029054,14.815532390029054,14.815532390029054,0.0,0.8944271909999159,2669.7973144042226,50.39841267341661,25.199206336708304,25.199206336708304,25.199206336708304,0.0,1.224744871391589,4675.447005367509,16.52876280911551,8.264381404557755,8.264381404557755,8.264381404557755,0.0,2.073644135332772,1803.593302271884,56.85771715431424,28.42885857715712,28.42885857715712,28.42885857715712,0.0,2.3874672772626644,5191.713493635796,48.44378185071847,24.221890925359236,24.221890925359236,24.221890925359236,0.0,3.0495901363953815,4692.1421227409555
0.0,28.106938645110393,14.053469322555197,14.053469322555197,14.053469322555197,0.0,1.1401754250991378,2372.6892548330047,37.32023579775455,18.660117898877274,18.660117898877274,18.660117898877274,0.0,0.8944271909999157,4232.066847298138,35.50774563387544,17.75387281693772,17.75387281693772,17.75387281693772,0.0,1.1401754250991383,3021.7735189785485,33.24454842526817,16.622274212634085,16.622274212634085,16.622274212634085,0.0,1.4142135623730951,4189.476065094536,51.71846865482389,25.859234327411944,25.859234327411944,25.859234327411944,0.0,2.6457513110645903,4124.879489148744,50.410316404482124,25.205158202241062,25.205158202241062,25.205158202241062,0.0,1.4832396974191326,4659.982693100909,38.246568473524526,19.123284236762263,19.123284236762263,19.123284236762263,0.0,1.3416407864998738,4050.364452737556,19.0473095212946,9.5236547606473,9.5236547606473,9.5236547606473,0.0,0.7071067811865476,2239.586859222031,50.58458263146984,25.29229131573492,25.29229131573492,25.29229131573492,0.0,2.6076809620810595,5157.173179174808,30.245660845813898,15.122830422906949,15.122830422906949,15.122830422906949,0.0,0.7071067811865476,3083.7167833638678,44.6183818621877,22.30919093109385,22.30919093109385,22.30919093109385,0.0,2.16794833886788,4110.158062654039,54.38014343489726,27.19007171744863,27.19007171744863,27.19007171744863,0.0,2.280350850198276,5326.4358158153,30.63984334163607,15.319921670818033,15.319921670818035,15.319921670818035,0.0,1.816590212458495,2881.236835110922,25.612496949731398,12.806248474865699,12.806248474865699,12.806248474865699,0.0,0.8944271909999161,1927.2956441604904,50.10788361126421,25.053941805632103,25.053941805632103,25.053941805632103,0.0,2.3874672772626644,5133.062877074466,29.305289624912426,14.652644812456213,14.652644812456213,14.652644812456213,0.0,0.8944271909999159,2674.316828649889,50.39841267341661,25.199206336708304,25.199206336708304,25.199206336708304,0.0,1.224744871391589,4674.039880018141,17.052858997833766,8.526429498916883,8.526429498916883,8.526429498916883,0.0,2.073644135332772,1799.6756652241536,56.31340870520981,28.156704352604905,28.156704352604905,28.156704352604905,0.0,2.3874672772626644,5193.691442509846,49.002040773829,24.5010203869145,24.5010203869145,24.5010203869145,0.0,3.0495901363953815,4691.005382644535
0.0,28.156704352604905,14.078352176302452,14.078352176302452,14.078352176302452,0.0,1.1401754250991378,2370.117233387412,37.64571688784795,18.822858443923973,18.822858443923973,18.822858443923973,0.0,0.8944271909999157,4232.360133542514,35.50774563387544,17.75387281693772,17.75387281693772,17.75387281693772,0.0,1.1401754250991383,3021.604788849793,32.46536616149585,16.232683080747925,16.232683080747925,16.232683080747925,0.0,1.4142135623730951,4185.746050586442,51.00196074662228,25.50098037331114,25.50098037331114,25.50098037331114,0.0,2.6457513110645903,4123.190184796234,50.410316404482124,25.205158202241062,25.205158202241062,25.205158202241062,0.0,1.4832396974191326,4664.519375026756,37.7783006499763,18.88915032498815,18.88915032498815,18.88915032498815,0.0,1.3416407864998738,4047.0731770008806,19.57549488518745,9.787747442593725,9.787747442593725,9.787747442593725,0.0,0.7071067811865476,2232.2989943105736,50.36665563644265,25.183327818221326,25.183327818221326,25.183327818221326,0.0,2.1908902300206643,5157.716035223342,29.752310834622577,14.876155417311288,14.876155417311288,14.876155417311288,0.0,0.7071067811865476,3081.876830764007,44.6183818621877,22.30919093109385,22.30919093109385,22.30919093109385,0.0,2.16794833886788,4112.028064106567,54.38014343489726,27.19007171744863,27.19007171744863,27.19007171744863,0.0,2.280350850198276,5326.677322684377,31.176914536239792,15.588457268119896,15.588457268119896,15.588457268119896,0.0,1.816590212458495,2881.5991220154133,24.883729623993265,12.441864811996632,12.441864811996632,12.441864811996632,0.0,0.8944271909999161,1921.967403469684,50.10788361126421,25.053941805632103,25.053941805632103,25.053941805632103,0.0,2.3874672772626644,5133.260494071969,29.718680993610736,14.859340496805368,14.859340496805368,14.859340496805368,0.0,0.8944271909999159,2676.5621046409515,49.86782529848279,24.933912649241396,24.933912649241396,24.933912649241396,0.0,1.224744871391589,4671.950524138714,18.022208521710095,9.011104260855047,9.011104260855047,9.011104260855047,0.0,2.5099800796022267,1892.1173325140278,55.957126445163354,27.978563222581677,27.978563222581677,27.978563222581677,0.0,2.3874672772626644,5189.986001907905,49.002040773829,24.5010203869145,24.5010203869145,24.5010203869145,0.0,3.0495901363953815,4727.370601084709
0.0,29.10670025956223,14.553350129781116,14.553350129781116,14.553350129781116,0.0,1.1401754250991378,2368.521543072809,36.359317925395686,18.179658962697843,18.179658962697843,18.179658962697843,0.0,0.8944271909999157,4229.454539299364,35.4682957019364,17.7341478509682,17.7341478509682,17.7341478509682,0.0,1.1401754250991383,3024.1387699641036,32.46536616149585,16.232683080747925,16.232683080747925,16.232683080747925,0.0,1.4142135623730951,4186.570947684991,51.11946791585374,25.55973395792687,25.55973395792687,25.55973395792687,0.0,2.6457513110645903,4124.2709416332,49.37610758251404,24.68805379125702,24.68805379125702,24.68805379125702,0.0,1.4832396974191326,4662.479136682544,37.592552453910336,18.796276226955168,18.796276226955168,18.796276226955168,0.0,1.3416407864998738,4044.622664724115,30.77661449867415,15.388307249337075,15.388307249337075,15.388307249337075,0.0,3.209361307176242,3341.1898778728514,50.36665563644265,25.183327818221326,25.183327818221326,25.183327818221326,0.0,2.1908902300206643,5154.034031707591,30.18608951156145,15.093044755780724,15.093044755780724,15.093044755780724,0.0,0.7071067811865476,3083.0907868565923,45.26809030652828,22.63404515326414,22.63404515326414,22.63404515326414,0.0,2.16794833886788,4111.210125984805,54.618678123879924,27.309339061939962,27.309339061939962,27.309339061939962,0.0,2.280350850198276,5324.844532941784,30.574499178236753,15.287249589118376,15.287249589118376,15.287249589118376,0.0,1.51657508881031,2883.360660756819,24.68197723035981,12.340988615179905,12.340988615179905,12.340988615179905,0.0,0.8944271909999161,1922.5016775025192,49.54593827954013,24.772969139770066,24.772969139770066,24.772969139770066,0.0,2.3874672772626644,5136.075914547992,29.718680993610736,14.859340496805368,14.859340496805368,14.859340496805368,0.0,0.8944271909999159,2676.7942954212976,49.347745642531635,24.673872821265817,24.673872821265817,24.673872821265817,0.0,1.224744871391589,4671.785311848138,17.181385275931625,8.590692637965812,8.590692637965812,8.590692637965812,0.0,2.073644135332772,1892.8663978210402,55.255768929587795,27.627884464793897,27.627884464793897,27.627884464793897,0.0,2.0,5190.806247588133,49.08360214980152,24.54180107490076,24.54180107490076,24.54180107490076,0.0,3.0495901363953815,4724.741156931245
0.0,28.809720581775867,14.404860290887934,14.404860290887934,14.404860290887934,0.0,1.1401754250991378,2371.192885448166,36.122015447646326,18.061007723823163,18.061007723823163,18.061007723823163,0.0,0.8944271909999157,4228.257477968909,35.4682957019364,17.7341478509682,17.7341478509682,17.7341478509682,0.0,1.1401754250991383,3025.044842642833,32.46536616149585,16.232683080747925,16.232683080747925,16.232683080747925,0.0,1.4142135623730951,4187.536710286849,51.11946791585374,25.55973395792687,25.55973395792687,25.55973395792687,0.0,2.6457513110645903,4127.034431647015,49.37610758251404,24.68805379125702,24.68805379125702,24.68805379125702,0.0,1.4832396974191326,4659.128158786792,38.22041339389202,19.110206696946005,19.11020669694601,19.11020669694601,0.0,1.3416407864998738,4045.466067092888,30.548322376196047,15.274161188098024,15.274161188098024,15.274161188098024,0.0,3.209361307176242,3335.818715098289,49.20162598939186,24.60081299469593,24.60081299469593,24.60081299469593,0.0,1.7888543819998317,5153.348988764491,30.298514815086232,15.149257407543116,15.149257407543116,15.149257407543116,0.0,0.7071067811865476,3082.7245741389224,45.26809030652828,22.63404515326414,22.63404515326414,22.63404515326414,0.0,2.16794833886788,4108.677986895542,54.91812087098392,27.45906043549196,27.45906043549196,27.45906043549196,0.0,2.280350850198276,5326.478039004761,31.3878957561669,15.69394787808345,15.69394787808345,15.69394787808345,0.0,1.51657508881031,2882.100362582816,24.511221919765646,12.255610959882823,12.255610959882823,12.255610959882823,0.0,0.8944271909999161,1924.1469018762575,50.1717051733345,25.08585258666725,25.08585258666725,25.08585258666725,0.0,2.3874672772626644,5133.320494572689,29.718680993610736,14.859340496805368,14.859340496805368,14.859340496805368,0.0,0.8944271909999159,2672.489513543505,49.75138189035557,24.875690945177784,24.875690945177784,24.875690945177784,0.0,1.224744871391589,4674.412936401747,17.854971296532515,8.927485648266257,8.927485648266257,8.927485648266257,0.0,2.073644135332772,1893.7872900619013,54.91083681751718,27.45541840875859,27.45541840875859,27.45541840875859,0.0,2.0,5189.35528750923,47.60252094164762,23.80126047082381,23.80126047082381,23.80126047082381,0.0,2.6076809620810595,4723.580347575344
0.0,28.809720581775867,14.404860290887934,14.404860290887934,14.404860290887934,0.0,1.1401754250991378,2375.1719306189184,36.48561360317242,18.24280680158621,18.24280680158621,18.24280680158621,0.0,0.8944271909999157,4230.703641239836,36.204972034238615,18.102486017119308,18.102486017119308,18.102486017119308,0.0,1.1401754250991383,3021.084689312764,32.01874451005224,16.00937225502612,16.00937225502612,16.00937225502612,0.0,1.4142135623730951,4185.516539209945,50.703057107042376,25.351528553521188,25.351528553521188,25.351528553521188,0.0,2.2803508501982765,4129.190865048502,49.42873658106183,24.714368290530913,24.714368290530913,24.714368290530913,0.0,1.4832396974191326,4658.935822695994,38.455168703309575,19.227584351654787,19.227584351654787,19.227584351654787,0.0,1.3416407864998738,4047.5772135933366,30.265491900843113,15.132745950421556,15.132745950421556,15.132745950421556,0.0,2.7748873851023212,3338.5487415941675,49.59838707054898,24.79919353527449,24.79919353527449,24.79919353527449,0.0,1.7888543819998317,5154.0884451084075,30.298514815086232,15.149257407543116,15.149257407543116,15.149257407543116,0.0,0.7071067811865476,3081.8105068287373,45.92602747897971,22.963013739489856,22.963013739489856,22.963013739489856,0.0,2.16794833886788,4108.572586677762,55.81039329730619,27.905196648653096,27.905196648653096,27.905196648653096,0.0,2.280350850198276,5322.529361121458,30.964495797606656,15.482247898803328,15.482247898803328,15.482247898803328,0.0,1.30384048104053,2883.343025031881,24.26520142096496,12.13260071048248,12.13260071048248,12.13260071048248,0.0,1.0954451150103321,1922.7182060822122,50.1717051733345,25.08585258666725,25.08585258666725,25.08585258666725,0.0,2.3874672772626644,5137.593424941292,29.64456105257759,14.822280526288795,14.822280526288795,14.822280526288795,0.0,0.8944271909999159,2673.641935637605,49.75138189035557,24.875690945177784,24.875690945177784,24.875690945177784,0.0,1.224744871391589,4676.526242843079,18.0,9.0,9.0,9.0,0.0,2.073644135332772,1895.2040787208116,54.644304369257,27.3221521846285,27.3221521846285,27.3221521846285,0.0,2.0,5193.73773885436,47.60252094164762,23.80126047082381,23.80126047082381,23.80126047082381,0.0,2.6076809620810595,4722.899924834317
0.0,29.271146202361123,14.635573101180562,14.635573101180562,14.635573101180562,0.0,1.1401754250991378,2371.3168282623055,36.48561360317242,18.24280680158621,18.24280680158621,18.24280680158621,0.0,0.8944271909999157,4231.824275652287,36.204972034238615,18.102486017119308,18.102486017119308,18.102486017119308,0.0,1.1401754250991383,3021.685671938761,32.8146308831899,16.40731544159495,16.40731544159495,16.40731544159495,0.0,1.4142135623730951,4183.489536260369,49.56611745940971,24.783058729704855,24.783058729704855,24.783058729704855,0.0,2.1908902300206643,4129.9519004463,49.42873658106183,24.714368290530913,24.714368290530913,24.714368290530913,0.0,1.4832396974191326,4663.094433956919,38.8587184554509,19.42935922772545,19.42935922772545,19.42935922772545,0.0,1.3416407864998738,4048.3165266564815,31.767908335299634,15.883954167649817,15.883954167649817,15.883954167649817,0.0,2.9154759474226504,3333.6176595404577,49.221946324784845,24.610973162392423,24.610973162392423,24.610973162392423,0.0,1.7888543819998317,5153.901211703615,30.25227264190246,15.12613632095123,15.12613632095123,15.12613632095123,0.0,0.7071067811865476,3076.9497395960175,45.92602747897971,22.963013739489856,22.963013739489856,22.963013739489856,0.0,2.16794833886788,4108.853854787245,55.81039329730619,27.905196648653096,27.905196648653096,27.905196648653096,0.0,2.280350850198276,5321.766135410311,31.400636936215164,15.700318468107582,15.700318468107582,15.700318468107582,0.0,1.4142135623730951,2885.755828201686,25.907527863538046,12.953763931769023,12.953763931769023,12.953763931769023,0.0,1.0954451150103321,1924.6661268905834,50.805511512039715,25.402755756019857,25.402755756019857,25.402755756019857,0.0,2.3874672772626644,5139.12333963683,29.64456105257759,14.822280526288795,14.822280526288795,14.822280526288795,0.0,0.8944271909999159,2678.167601178089,49.75138189035557,24.875690945177784,24.875690945177784,24.875690945177784,0.0,1.224744871391589,4677.151055931377,18.18790807102345,9.093954035511725,9.093954035511725,9.093954035511725,0.0,2.16794833886788,1895.6052331643316,55.34256951027844,27.67128475513922,27.67128475513922,27.67128475513922,0.0,2.0,5188.58106807632,46.870033070182494,23.435016535091247,23.435016535091247,23.435016535091247,0.0,2.16794833886788,4722.5953140196125
0.0,29.271146202361123,14.635573101180562,14.635573101180562,14.635573101180562,0.0,1.1401754250991378,2374.104568042444,34.56587912956938,17.28293956478469,17.28293956478469,17.28293956478469,0.0,0.8944271909999157,4038.988833854335,36.94861296449435,18.474306482247176,18.474306482247176,18.474306482247176,0.0,1.1401754250991383,3021.4833774158024,32.28002478313795,16.140012391568973,16.140012391568973,16.140012391568973,0.0,1.4142135623730951,4183.055163394334,37.37378760575385,18.686893802876924,18.686893802876924,18.686893802876924,0.0,1.6733200530681511,3420.0474850504634,49.05914797466422,24.52957398733211,24.52957398733211,24.52957398733211,0.0,1.4832396974191326,4664.499941044056,38.8587184554509,19.42935922772545,19.42935922772545,19.42935922772545,0.0,1.3416407864998738,4046.7933972467636,32.23662513353406,16.11831256676703,16.11831256676703,16.11831256676703,0.0,3.3466401061363023,3399.4104635951217,48.8589807507279,24.42949037536395,24.42949037536395,24.42949037536395,0.0,1.7888543819998317,5156.595601751217,30.25227264190246,15.12613632095123,15.12613632095123,15.12613632095123,0.0,0.7071067811865476,3077.121187083798,45.92602747897971,22.963013739489856,22.963013739489856,22.963013739489856,0.0,2.16794833886788,4114.372552406989,55.81039329730619,27.905196648653096,27.905196648653096,27.905196648653096,0.0,2.280350850198276,5323.5429931578465,30.996774025694997,15.498387012847498,15.498387012847498,15.498387012847498,0.0,1.4142135623730951,2885.7168606777764,25.274493071078595,12.637246535539298,12.637246535539298,12.637246535539298,0.0,1.0954451150103321,1920.785256086687,50.73460357586329,25.367301787931645,25.367301787931645,25.367301787931645,0.0,2.3874672772626644,5140.6722517585185,29.899832775452108,14.949916387726054,14.949916387726054,14.949916387726054,0.0,0.8944271909999159,2677.6637765036894,49.63869458396343,24.819347291981714,24.819347291981714,24.819347291981714,0.0,1.224744871391589,4679.269953742784,19.256167843057455,9.628083921528727,9.628083921528727,9.628083921528727,0.0,2.6076809620810595,1980.5214717341491,55.706373064488766,27.853186532244383,27.853186532244383,27.853186532244383,0.0,2.0,5187.486308415667,47.446812327067875,23.723406163533937,23.723406163533937,23.723406163533937,0.0,2.16794833886788,4728.118262057327
0.0,28.621670111997307,14.310835055998654,14.310835055998654,14.310835055998654,0.0,0.8944271909999159,2374.0251683585834,34.397674339989905,17.198837169994952,17.198837169994952,17.198837169994952,0.0,0.8944271909999157,4040.969772220525,36.91612113968638,18.45806056984319,18.45806056984319,18.45806056984319,0.0,1.0954451150103321,3022.6988437487453,32.19937887599697,16.099689437998485,16.099689437998485,16.099689437998485,0.0,1.4142135623730951,4180.428506744255,37.91042073098108,18.95521036549054,18.95521036549054,18.95521036549054,0.0,1.6733200530681511,3419.1488706986715,48.07494149762431,24.037470748812154,24.037470748812154,24.037470748812154,0.0,1.4832396974191326,4662.272139204231,38.277930978567795,19.138965489283898,19.138965489283898,19.138965489283898,0.0,1.3416407864998738,4050.3264436338955,31.96873472629156,15.98436736314578,15.98436736314578,15.98436736314578,0.0,2.9154759474226504,3404.7520027162036,49.26662156064692,24.63331078032346,24.63331078032346,24.63331078032346,0.0,1.7888543819998317,5161.023134999494,29.785902705810344,14.892951352905172,14.892951352905172,14.892951352905172,0.0,0.7071067811865476,3076.8108814160155,46.71188285650665,23.355941428253324,23.355941428253324,23.355941428253324,0.0,2.16794833886788,4115.343545805137,55.81039329730619,27.905196648653096,27.905196648653096,27.905196648653096,0.0,2.280350850198276,5322.480220724169,31.06766808114185,15.533834040570925,15.533834040570925,15.533834040570925,0.0,1.4142135623730951,2890.816891468569,24.76287543884999,12.381437719424994,12.381437719424994,12.381437719424994,0.0,1.0954451150103321,1920.4669223915314,51.52475133370369,25.762375666851845,25.762375666851845,25.762375666851845,0.0,2.3874672772626644,5139.416338457121,30.38420642373271,15.192103211866355,15.192103211866355,15.192103211866355,0.0,0.8944271909999159,2681.332262141341,49.120260585628,24.560130292814,24.560130292814,24.560130292814,0.0,1.224744871391589,4678.919501337889,19.524343778985248,9.762171889492624,9.762171889492624,9.762171889492624,0.0,2.6076809620810595,1981.9364772867975,54.8270006474912,27.4135003237456,27.4135003237456,27.4135003237456,0.0,2.0,5186.611678157523,47.82049769711729,23.910248848558645,23.910248848558645,23.910248848558645,0.0,2.16794833886788,4725.010423268926
0.0,28.614681546367066,14.307340773183533,14.307340773183533,14.307340773183533,0.0,0.8944271909999159,2376.286325340446,34.397674339989905,17.198837169994952,17.198837169994952,17.198837169994952,0.0,0.8944271909999157,4043.7961991178536,36.91612113968638,18.45806056984319,18.45806056984319,18.45806056984319,0.0,1.0954451150103321,3021.365039183448,35.230668458035254,17.615334229017627,17.615334229017627,17.615334229017627,0.0,1.6431676725154984,2706.2859789756144,36.932370625238775,18.466185312619388,18.466185312619388,18.466185312619388,0.0,1.6733200530681511,3418.644863099997,48.07494149762431,24.037470748812154,24.037470748812154,24.037470748812154,0.0,1.4832396974191326,4660.275796559685,37.720021208901784,18.860010604450892,18.860010604450892,18.860010604450892,0.0,1.3416407864998738,4048.082694313445,32.106074191654145,16.053037095827072,16.053037095827072,16.053037095827072,0.0,2.9154759474226504,3400.3373803197824,48.58806437799308,24.29403218899654,24.29403218899654,24.29403218899654,0.0,1.7888543819998317,5159.166134173235,29.899832775452108,14.949916387726054,14.949916387726054,14.949916387726054,0.0,0.7071067811865476,3075.3088462786955,47.15082183801253,23.575410919006266,23.575410919006266,23.575410919006266,0.0,2.073644135332772,4115.539672995511,56.05354582896607,28.026772914483036,28.026772914483036,28.026772914483036,0.0,2.280350850198276,5323.560716287549,31.578473680657844,15.789236840328922,15.789236840328922,15.789236840328922,0.0,1.4142135623730951,2895.8448335503062,24.68197723035981,12.340988615179905,12.340988615179905,12.340988615179905,0.0,1.0954451150103321,1916.3049600729003,51.710733895391584,25.855366947695792,25.855366947695792,25.855366947695792,0.0,2.3874672772626644,5140.849851921373,30.38420642373271,15.192103211866355,15.192103211866355,15.192103211866355,0.0,0.8944271909999159,2681.114637608769,48.158073051151035,24.079036525575518,24.079036525575518,24.079036525575518,0.0,1.224744871391589,4675.949475774947,18.676188047886004,9.338094023943002,9.338094023943002,9.338094023943002,0.0,2.16794833886788,1980.8633218877067,55.00181815176658,27.50090907588329,27.50090907588329,27.50090907588329,0.0,2.0,5184.899642230311,46.870033070182494,23.435016535091247,23.435016535091247,23.435016535091247,0.0,2.16794833886788,4725.734366212303
0.0,28.754130138121027,14.377065069060514,14.377065069060514,14.377065069060514,0.0,0.8944271909999159,2374.390174339508,33.60357123878354,16.80178561939177,16.80178561939177,16.80178561939177,0.0,0.8944271909999157,4042.7567698292214,36.24913792078372,18.12456896039186,18.12456896039186,18.12456896039186,0.0,1.0954451150103321,3018.0446815777927,35.002857026248584,17.501428513124292,17.501428513124292,17.501428513124292,0.0,1.51657508881031,2705.834935837735,36.932370625238775,18.466185312619388,18.466185312619388,18.466185312619388,0.0,1.6733200530681511,3419.168246810911,49.31531202375181,24.657656011875904,24.657656011875904,24.657656011875904,0.0,1.4832396974191326,4655.540752694578,38.36665218650175,19.183326093250876,19.183326093250876,19.183326093250876,0.0,1.3416407864998738,4049.530750593209,32.61901286060018,16.30950643030009,16.30950643030009,16.30950643030009,0.0,2.9154759474226504,3400.310324073378,49.01020301937138,24.50510150968569,24.50510150968569,24.50510150968569,0.0,1.7888543819998317,5156.814859969281,29.81274895074253,14.906374475371265,14.906374475371265,14.906374475371265,0.0,0.7071067811865476,3075.747518896829,47.552076715954264,23.776038357977132,23.776038357977132,23.776038357977132,0.0,2.073644135332772,4114.014973234784,56.309857041196615,28.154928520598308,28.154928520598308,28.154928520598308,0.0,2.280350850198276,5320.246686009964,31.98749755763961,15.993748778819805,15.993748778819805,15.993748778819805,0.0,1.4142135623730951,2895.334522986938,24.47039027069246,12.23519513534623,12.23519513534623,12.23519513534623,0.0,1.0954451150103321,1917.5805067845263,51.93457422565434,25.96728711282717,25.96728711282717,25.96728711282717,0.0,2.3874672772626644,5137.5260291311415,30.033314835362415,15.016657417681207,15.016657417681207,15.016657417681207,0.0,0.547722557505166,2683.9969634856147,48.158073051151035,24.079036525575518,24.079036525575518,24.079036525575518,0.0,1.224744871391589,4672.012018392076,18.676188047886004,9.338094023943002,9.338094023943002,9.338094023943002,0.0,2.16794833886788,1979.8859310576454,61.03113959283409,30.515569796417044,30.515569796417044,30.515569796417044,0.0,3.5777087639996634,5551.927728276009,46.22986047999712,23.11493023999856,23.11493023999856,23.11493023999856,0.0,1.7320508075688774,4724.97056075485
0.0,28.754130138121027,14.377065069060514,14.377065069060514,14.377065069060514,0.0,0.8944271909999159,2373.1129766616677,33.60357123878354,16.80178561939177,16.80178561939177,16.80178561939177,0.0,0.8944271909999157,4045.669684984181,35.5133777610635,17.75668888053175,17.75668888053175,17.75668888053175,0.0,0.7071067811865476,3016.6405652646126,34.304518652795586,17.152259326397793,17.152259326397793,17.152259326397793,0.0,1.51657508881031,2709.6332777702596,36.932370625238775,18.466185312619388,18.466185312619388,18.466185312619388,0.0,1.6733200530681511,3418.6791747691095,49.31531202375181,24.657656011875904,24.657656011875904,24.657656011875904,0.0,1.4832396974191326,4655.035585256035,37.72532306024695,18.862661530123475,18.862661530123475,18.862661530123475,0.0,1.3416407864998738,4049.86367671802,38.66264346885764,19.33132173442882,19.33132173442882,19.33132173442882,0.0,3.420526275297414,3866.113785185325,48.94078054138491,24.470390270692455,24.470390270692455,24.470390270692455,0.0,1.7888543819998317,5153.526152063265,29.785902705810344,14.892951352905172,14.892951352905172,14.892951352905172,0.0,0.7071067811865476,3072.0128092180867,47.552076715954264,23.776038357977132,23.776038357977132,23.776038357977132,0.0,2.073644135332772,4116.3471063553425,56.72036671249578,28.36018335624789,28.36018335624789,28.36018335624789,0.0,2.280350850198276,5316.965412714287,32.42221460665511,16.211107303327555,16.211107303327555,16.211107303327555,0.0,1.4142135623730951,2892.712101125863,23.958297101421877,11.979148550710939,11.979148550710939,11.979148550710939,0.0,1.0954451150103321,1916.4300665560431,51.93457422565434,25.96728711282717,25.96728711282717,25.96728711282717,0.0,2.3874672772626644,5139.7753550130965,30.278705388440898,15.139352694220449,15.139352694220449,15.139352694220449,0.0,0.547722557505166,2684.014213822274,48.158073051151035,24.079036525575518,24.079036525575518,24.079036525575518,0.0,1.224744871391589,4678.615660641511,19.81918262693999,9.909591313469996,9.909591313469996,9.909591313469996,0.0,2.6076809620810595,2068.7014042630703,61.40684000988815,30.703420004944075,30.703420004944075,30.703420004944075,0.0,3.2093613071762426,5551.65832882392,46.22986047999712,23.11493023999856,23.11493023999856,23.11493023999856,0.0,1.7320508075688774,4725.567987025475
0.0,27.763285108214408,13.881642554107204,13.881642554107204,13.881642554107204,0.0,0.8944271909999159,2375.0618518261795,34.38022687534217,17.190113437671084,17.190113437671084,17.190113437671084,0.0,1.140175425099138,4048.1179948217914,34.84250278036869,17.421251390184345,17.421251390184345,17.421251390184345,0.0,0.7071067811865476,3009.9004468586663,34.91704454847231,17.458522274236156,17.458522274236156,17.458522274236156,0.0,1.51657508881031,2708.8298211589445,36.932370625238775,18.466185312619388,18.466185312619388,18.466185312619388,0.0,1.6733200530681511,3416.5250328367274,49.40850129279373,24.704250646396865,24.704250646396865,24.704250646396865,0.0,1.5811388300841898,4656.330604671451,37.24513391035129,18.622566955175646,18.622566955175646,18.622566955175646,0.0,1.0954451150103321,4049.279590248122,38.173289090671766,19.086644545335883,19.086644545335883,19.086644545335883,0.0,3.2093613071762426,3874.471125198896,47.62352359916263,23.811761799581316,23.811761799581316,23.811761799581316,0.0,1.4142135623730951,5148.217720726271,29.899832775452108,14.949916387726054,14.949916387726054,14.949916387726054,0.0,0.7071067811865476,3069.970895627514,47.252513160677495,23.626256580338747,23.626256580338747,23.626256580338747,0.0,2.073644135332772,4118.278256747594,56.98069848641731,28.490349243208655,28.490349243208655,28.490349243208655,0.0,2.345207879911715,5314.70754604616,31.24099870362662,15.62049935181331,15.62049935181331,15.62049935181331,0.0,1.4142135623730951,2892.6759583472185,24.795160818191924,12.397580409095962,12.397580409095962,12.397580409095962,0.0,1.0954451150103321,1914.241181251725,52.676370414067065,26.338185207033533,26.338185207033533,26.338185207033533,0.0,2.3874672772626644,5138.6561764726,31.34964114627152,15.67482057313576,15.67482057313576,15.67482057313576,0.0,0.547722557505166,2683.955998149001,48.158073051151035,24.079036525575518,24.079036525575518,24.079036525575518,0.0,1.224744871391589,4677.492725809417,19.411336893681487,9.705668446840743,9.705668446840743,9.705668446840743,0.0,2.16794833886788,2073.0623965525015,61.09991816688464,30.54995908344232,30.54995908344232,30.54995908344232,0.0,3.1144823004794873,5549.685558660058,46.870033070182494,23.435016535091247,23.435016535091247,23.435016535091247,0.0,1.7320508075688774,4725.9654780795845
0.0,27.114571728131722,13.557285864065861,13.557285864065861,13.557285864065861,0.0,0.8944271909999159,2371.6604310060916,34.79655155327895,17.398275776639476,17.398275776639476,17.398275776639476,0.0,1.140175425099138,4047.6228208665884,35.51337776106351,17.756688880531755,17.756688880531755,17.756688880531755,0.0,0.7071067811865476,3006.6610716873297,34.91704454847231,17.458522274236156,17.458522274236156,17.458522274236156,0.0,1.51657508881031,2706.841942190197,36.64423556304593,18.322117781522966,18.322117781522966,18.322117781522966,0.0,1.6733200530681511,3417.047775492757,50.02799216438733,25.013996082193664,25.013996082193664,25.013996082193664,0.0,1.5811388300841898,4655.026605724182,37.90514476954283,18.952572384771415,18.952572384771415,18.952572384771415,0.0,1.4142135623730951,4050.4292982349416,38.173289090671766,19.086644545335883,19.086644545335883,19.086644545335883,0.0,3.2093613071762426,3878.6775452465754,47.62352359916263,23.811761799581316,23.811761799581316,23.811761799581316,0.0,1.4142135623730951,5149.284756157888,29.441467354736243,14.720733677368122,14.720733677368122,14.720733677368122,0.0,0.44721359549995804,3071.1331296444964,47.66550115125194,23.83275057562597,23.83275057562597,23.83275057562597,0.0,2.073644135332772,4115.240794898884,56.98069848641731,28.490349243208655,28.490349243208655,28.490349243208655,0.0,2.345207879911715,5317.124674107238,32.36046971228941,16.180234856144704,16.180234856144704,16.180234856144704,0.0,1.4142135623730951,2892.4912272987103,24.01666088364492,12.00833044182246,12.00833044182246,12.00833044182246,0.0,1.0,1912.9671455620976,52.676370414067065,26.338185207033533,26.338185207033533,26.338185207033533,0.0,2.3874672772626644,5140.094862937843,31.34964114627152,15.67482057313576,15.67482057313576,15.67482057313576,0.0,0.547722557505166,2685.457465684385,48.158073051151035,24.079036525575518,24.079036525575518,24.079036525575518,0.0,1.224744871391589,4674.751116369726,18.579558659989747,9.289779329994873,9.289779329994873,9.289779329994873,0.0,1.7320508075688772,2070.4899661674285,60.65640938928053,30.328204694640267,30.328204694640267,30.328204694640267,0.0,2.7386127875258306,5546.706833788857,47.23557981013888,23.61778990506944,23.61778990506944,23.61778990506944,0.0,1.7320508075688774,4724.840473497492
0.0,26.510375327407193,13.255187663703596,13.255187663703596,13.255187663703596,0.0,0.8366600265340756,2368.451245012234,35.70434147271169,17.852170736355845,17.852170736355845,17.852170736355845,0.0,1.140175425099138,4048.598090697569,35.51337776106351,17.756688880531755,17.756688880531755,17.756688880531755,0.0,0.7071067811865476,3010.036677517402,34.50797009387831,17.253985046939157,17.253985046939157,17.253985046939157,0.0,1.51657508881031,2703.9945081305177,37.720021208901784,18.860010604450892,18.860010604450892,18.860010604450892,0.0,1.6733200530681511,3414.999590043899,49.60645119336799,24.803225596683994,24.803225596683994,24.803225596683994,0.0,1.5811388300841898,4654.215100314982,38.68849958320948,19.34424979160474,19.34424979160474,19.34424979160474,0.0,1.4142135623730951,4053.2001801046044,38.173289090671766,19.086644545335883,19.086644545335883,19.086644545335883,0.0,3.2093613071762426,3876.3624056581707,47.231345523920865,23.615672761960433,23.615672761960433,23.615672761960433,0.0,1.4142135623730951,5147.439926798564,29.441467354736243,14.720733677368122,14.720733677368122,14.720733677368122,0.0,0.44721359549995804,3072.750998698072,46.72472578838746,23.36236289419373,23.36236289419373,23.36236289419373,0.0,2.073644135332772,4109.423524048111,55.364248391899984,27.682124195949992,27.682124195949992,27.682124195949992,0.0,2.345207879911715,5319.840693103507,31.66701754191575,15.833508770957875,15.833508770957875,15.833508770957875,0.0,1.4142135623730951,2892.2783925479926,24.01666088364492,12.00833044182246,12.00833044182246,12.00833044182246,0.0,1.0,1916.468418732748,52.12676855512914,26.06338427756457,26.06338427756457,26.06338427756457,0.0,2.3874672772626644,5143.916746993482,30.899838187278586,15.449919093639293,15.449919093639293,15.449919093639293,0.0,0.547722557505166,2683.906909712034,48.12483766206386,24.06241883103193,24.06241883103193,24.06241883103193,0.0,1.224744871391589,4677.228613185376,20.36663938896155,10.183319694480774,10.183319694480774,10.183319694480774,0.0,2.6076809620810595,2106.1940793763524,60.52107071095157,30.260535355475785,30.260535355475785,30.260535355475785,0.0,2.7386127875258306,5542.849150031056,47.23557981013888,23.61778990506944,23.61778990506944,23.61778990506944,0.0,1.7320508075688774,4719.66898203677
0.0,26.359059163786554,13.179529581893277,13.179529581893277,13.179529581893277,0.0,0.8366600265340756,2368.4118729646666,34.94567212116545,17.472836060582726,17.472836060582726,17.472836060582726,0.0,1.140175425099138,4049.1572209535157,35.51337776106351,17.756688880531755,17.756688880531755,17.756688880531755,0.0,0.7071067811865476,3010.006893679814,34.45576874777285,17.227884373886425,17.227884373886425,17.227884373886425,0.0,1.51657508881031,2703.1543611122174,37.720021208901784,18.860010604450892,18.860010604450892,18.860010604450892,0.0,1.6733200530681511,3415.659043288718,62.57795138864806,31.28897569432403,31.28897569432403,31.28897569432403,0.0,3.9749213828703582,5509.784088328689,38.68849958320948,19.34424979160474,19.34424979160474,19.34424979160474,0.0,1.4142135623730951,4054.201339351562,38.714338429062686,19.357169214531343,19.357169214531343,19.357169214531343,0.0,3.2093613071762426,3879.977345294686,48.72371086031933,24.361855430159665,24.361855430159665,24.361855430159665,0.0,1.643167672515498,5150.891602431564,28.96894889359985,14.484474446799926,14.484474446799926,14.484474446799926,0.0,0.44721359549995804,3077.168958637143,47.146579939588406,23.573289969794203,23.573289969794203,23.573289969794203,0.0,2.073644135332772,4110.031508395039,55.364248391899984,27.682124195949992,27.682124195949992,27.682124195949992,0.0,2.345207879911715,5316.0841603571325,32.2055895769663,16.10279478848315,16.10279478848315,16.10279478848315,0.0,1.4142135623730951,2893.9615581413655,24.859605789312106,12.429802894656053,12.429802894656053,12.429802894656053,0.0,1.0,1914.5903739442545,52.076866265166146,26.038433132583073,26.038433132583073,26.038433132583073,0.0,2.3874672772626644,5141.873024492145,31.324112118302732,15.662056059151366,15.662056059151366,15.662056059151366,0.0,0.547722557505166,2684.339080667716,48.12483766206386,24.06241883103193,24.06241883103193,24.06241883103193,0.0,1.224744871391589,4669.146206749153,20.36663938896155,10.183319694480774,10.183319694480774,10.183319694480774,0.0,2.6076809620810595,2106.1890940748885,59.77290356005805,29.886451780029024,29.886451780029024,29.886451780029024,0.0,2.7386127875258306,5568.738034779513,47.8204976971173,23.91024884855865,23.91024884855865,23.91024884855865,0.0,1.7320508075688774,4718.119381702842
0.0,26.359059163786554,13.179529581893277,13.179529581893277,13.179529581893277,0.0,0.8366600265340756,2370.719616487787,34.94567212116545,17.472836060582726,17.472836060582726,17.472836060582726,0.0,1.140175425099138,4049.0611627882336,34.785054261852174,17.392527130926087,17.392527130926087,17.392527130926087,0.0,0.7071067811865476,3011.0534369220354,34.45576874777285,17.227884373886425,17.227884373886425,17.227884373886425,0.0,1.51657508881031,2704.3040324638055,40.64480286580315,20.322401432901575,20.322401432901575,20.322401432901575,0.0,1.6733200530681511,3642.189341591126,61.89345684319143,30.946728421595715,30.946728421595715,30.946728421595715,0.0,3.5637059362410923,5508.655035487338,38.53829264510819,19.269146322554096,19.269146322554096,19.269146322554096,0.0,1.4142135623730951,4052.817378071704,38.173289090671766,19.086644545335883,19.086644545335883,19.086644545335883,0.0,2.8809720581775866,3876.1603681994375,48.509792825779,24.2548964128895,24.2548964128895,24.2548964128895,0.0,1.643167672515498,5153.487780134925,29.017236257093817,14.508618128546908,14.508618128546908,14.508618128546908,0.0,0.44721359549995804,3078.5071544500265,46.07385375676752,23.03692687838376,23.03692687838376,23.03692687838376,0.0,1.816590212458495,4107.647039364507,54.47201116169661,27.236005580848303,27.236005580848303,27.236005580848303,0.0,1.9235384061671348,5317.158141338285,32.16830738475371,16.084153692376855,16.084153692376855,16.084153692376855,0.0,1.4142135623730951,2896.4975056091453,23.731835158706122,11.865917579353061,11.865917579353061,11.865917579353061,0.0,1.0,1913.365307514485,51.5286328171047,25.76431640855235,25.76431640855235,25.76431640855235,0.0,2.0736441353327724,5143.3431540195725,31.673332631726648,15.836666315863324,15.836666315863324,15.836666315863324,0.0,0.547722557505166,2682.2453280786976,47.172025608404816,23.586012804202408,23.586012804202408,23.586012804202408,0.0,1.3038404810405297,4671.279803223095,19.524343778985248,9.762171889492624,9.762171889492624,9.762171889492624,0.0,2.16794833886788,2104.4629481176426,60.60693029679032,30.30346514839516,30.30346514839516,30.30346514839516,0.0,2.7386127875258306,5570.663443432928,47.25674555023865,23.628372775119324,23.628372775119324,23.628372775119324,0.0,1.7320508075688774,4715.598244125553
0.0,26.359059163786554,13.179529581893277,13.179529581893277,13.179529581893277,0.0,0.8366600265340756,2369.866726210569,34.94567212116545,17.472836060582726,17.472836060582726,17.472836060582726,0.0,1.140175425099138,4046.2785741962953,34.739027044521556,17.369513522260778,17.369513522260778,17.369513522260778,0.0,0.7071067811865476,3012.7504543191094,34.27535557802428,17.13767778901214,17.13767778901214,17.13767778901214,0.0,1.51657508881031,2698.7774639640074,40.55613393803704,20.27806696901852,20.27806696901852,20.27806696901852,0.0,1.6733200530681511,3641.6088752088685,62.34741373946476,31.17370686973238,31.17370686973238,31.17370686973238,0.0,3.5637059362410923,5511.807933881586,38.53829264510819,19.269146322554096,19.269146322554096,19.269146322554096,0.0,1.4142135623730951,4049.0097801808283,38.141840542899864,19.070920271449932,19.070920271449932,19.070920271449932,0.0,2.6832815729997477,3877.8150162172515,48.76474136094644,24.38237068047322,24.38237068047322,24.38237068047322,0.0,1.643167672515498,5150.658919012207,29.003448070875987,14.501724035437993,14.501724035437993,14.501724035437993,0.0,0.44721359549995804,3077.68349574806,46.95955706775778,23.47977853387889,23.47977853387889,23.47977853387889,0.0,1.816590212458495,4105.50090731935,53.57984695760151,26.789923478800755,26.789923478800755,26.789923478800755,0.0,1.9235384061671348,5320.441551224861,33.06357512429653,16.531787562148264,16.531787562148264,16.531787562148264,0.0,1.4142135623730951,2895.9282967642694,23.55419283269966,11.77709641634983,11.77709641634983,11.77709641634983,0.0,1.0,1913.0128070663825,52.12676855512914,26.06338427756457,26.06338427756457,26.06338427756457,0.0,2.0736441353327724,5145.077210305011,30.265491900843113,15.132745950421556,15.132745950421556,15.132745950421556,0.0,0.547722557505166,2683.804668749199,47.172025608404816,23.586012804202408,23.586012804202408,23.586012804202408,0.0,1.3038404810405297,4676.213029792377,19.969977466186585,9.984988733093292,9.984988733093292,9.984988733093292,0.0,2.3874672772626644,2102.05335327151,60.355612829296994,30.177806414648497,30.177806414648497,30.177806414648497,0.0,2.7386127875258306,5575.11410645558,50.071948234515496,25.035974117257748,25.035974117257748,25.035974117257748,0.0,1.7320508075688774,4810.860473969287
0.0,25.984610830258745,12.992305415129373,12.992305415129373,12.992305415129373,0.0,0.8366600265340756,2365.8928124494564,35.372305551094634,17.686152775547317,17.686152775547317,17.686152775547317,0.0,1.140175425099138,4047.402438601825,35.457016230923884,17.728508115461942,17.728508115461942,17.728508115461942,0.0,0.7071067811865476,3012.5780985727165,34.27535557802428,17.13767778901214,17.13767778901214,17.13767778901214,0.0,1.51657508881031,2698.0786682378257,40.55613393803704,20.27806696901852,20.27806696901852,20.27806696901852,0.0,1.6733200530681511,3639.7218987169886,63.21392251711643,31.606961258558215,31.606961258558215,31.606961258558215,0.0,3.5637059362410923,5514.568550666498,38.71433842906269,19.357169214531346,19.357169214531346,19.357169214531346,0.0,1.4142135623730951,4049.278540678574,37.68288736283355,18.841443681416774,18.841443681416774,18.841443681416774,0.0,2.6832815729997477,3885.947786576655,57.77542730261716,28.88771365130858,28.88771365130858,28.88771365130858,0.0,3.63318042491699,5509.693639395933,29.003448070875987,14.501724035437993,14.501724035437993,14.501724035437993,0.0,0.44721359549995804,3079.9491554244855,47.69486345509336,23.84743172754668,23.84743172754668,23.84743172754668,0.0,2.04939015319192,4104.049950963073,53.57984695760151,26.789923478800755,26.789923478800755,26.789923478800755,0.0,1.9235384061671348,5316.947037539494,33.075670817082454,16.537835408541227,16.537835408541227,16.537835408541227,0.0,1.4142135623730951,2895.4312804830993,23.45207879911715,11.726039399558575,11.726039399558575,11.726039399558575,0.0,1.0,1912.7857956394384,52.25705693970911,26.128528469854555,26.128528469854555,26.128528469854555,0.0,2.0736441353327724,5143.62194372798,30.265491900843113,15.132745950421556,15.132745950421556,15.132745950421556,0.0,0.547722557505166,2689.3353825806107,47.0829056027769,23.54145280138845,23.54145280138845,23.54145280138845,0.0,1.3038404810405297,4676.485378999917,19.969977466186585,9.984988733093292,9.984988733093292,9.984988733093292,0.0,2.3874672772626644,2182.424729515316,59.622143537447556,29.811071768723778,29.811071768723778,29.811071768723778,0.0,2.3874672772626644,5579.07356108521,50.350769606829246,25.175384803414623,25.175384803414623,25.175384803414623,0.0,1.7320508075688774,4815.036759984289
0.0,25.635912310662945,12.817956155331473,12.817956155331473,12.817956155331473,0.0,0.7071067811865475,2371.5863467308122,35.16816742453322,17.58408371226661,17.58408371226661,17.58408371226661,0.0,1.140175425099138,4054.551232873991,35.4682957019364,17.7341478509682,17.7341478509682,17.7341478509682,0.0,0.7071067811865476,3013.2314381739748,34.32200460346103,17.161002301730516,17.161002301730516,17.161002301730516,0.0,1.51657508881031,2699.7210967061023,40.55613393803704,20.27806696901852,20.27806696901852,20.27806696901852,0.0,1.6733200530681511,3638.9986672160244,63.53581667059927,31.767908335299634,31.767908335299634,31.767908335299634,0.0,3.5637059362410923,5545.802782284995,37.37913856685304,18.68956928342652,18.68956928342652,18.68956928342652,0.0,1.4142135623730951,4048.9516791386877,37.68288736283355,18.841443681416774,18.841443681416774,18.841443681416774,0.0,2.6832815729997477,3881.119361730582,57.06838003658419,28.534190018292094,28.534190018292094,28.534190018292094,0.0,3.2093613071762426,5515.377203782167,28.844410203711913,14.422205101855956,14.422205101855956,14.422205101855956,0.0,0.44721359549995804,3079.5945025278897,47.636120748860314,23.818060374430157,23.818060374430157,23.818060374430157,0.0,2.04939015319192,4103.402454061751,53.85164807134504,26.92582403567252,26.92582403567252,26.92582403567252,0.0,1.9235384061671348,5317.229842690646,33.075670817082454,16.537835408541227,16.537835408541227,16.537835408541227,0.0,1.4142135623730951,2897.1170497582593,23.45207879911715,11.726039399558575,11.726039399558575,11.726039399558575,0.0,1.0,1915.010522164304,52.25705693970911,26.128528469854555,26.128528469854555,26.128528469854555,0.0,2.0736441353327724,5147.365277498771,29.913207785190806,14.956603892595403,14.956603892595403,14.956603892595403,0.0,0.547722557505166,2693.1704736239776,47.01063709417264,23.50531854708632,23.50531854708632,23.50531854708632,0.0,1.3038404810405297,4675.872645827728,20.09975124224178,10.04987562112089,10.04987562112089,10.04987562112089,0.0,2.3874672772626644,2178.8921037995433,58.770741019660456,29.385370509830228,29.385370509830228,29.385370509830228,0.0,2.3874672772626644,5575.775972902785,50.93917942016734,25.46958971008367,25.46958971008367,25.46958971008367,0.0,1.7320508075688774,4816.027439705883
0.0,25.635912310662945,12.817956155331473,12.817956155331473,12.817956155331473,0.0,0.7071067811865475,2371.538804236608,34.9857113690718,17.4928556845359,17.4928556845359,17.4928556845359,0.0,1.140175425099138,4054.2035346045473,34.77355316903925,17.386776584519627,17.386776584519627,17.386776584519627,0.0,0.7071067811865476,3013.389569902969,33.988233257996804,16.994116628998402,16.994116628998402,16.994116628998402,0.0,1.140175425099138,2700.8456638615985,40.630038149132965,20.315019074566482,20.315019074566482,20.315019074566482,0.0,1.6733200530681511,3639.4096087140288,62.18681532286406,31.09340766143203,31.09340766143203,31.09340766143203,0.0,3.1622776601683795,5545.349736490927,37.21827508093302,18.60913754046651,18.60913754046651,18.60913754046651,0.0,1.4142135623730951,4049.069004104524,37.68288736283355,18.841443681416774,18.841443681416774,18.841443681416774,0.0,2.6832815729997477,3881.967928770149,57.52564645442935,28.762823227214675,28.762823227214675,28.762823227214675,0.0,3.2093613071762426,5513.977439199402,28.754130138121027,14.377065069060514,14.377065069060514,14.377065069060514,0.0,0.44721359549995804,3078.9324773369094,46.62617290749907,23.313086453749534,23.313086453749534,23.313086453749534,0.0,2.04939015319192,4106.223532639206,54.13686359589,27.068431797945,27.068431797945,27.068431797945,0.0,1.9235384061671348,5318.713679076925,33.075670817082454,16.537835408541227,16.537835408541227,16.537835408541227,0.0,1.4142135623730951,2899.177728253306,23.45207879911715,11.726039399558575,11.726039399558575,11.726039399558575,0.0,1.0,1918.5775459959914,52.25705693970911,26.128528469854555,26.128528469854555,26.128528469854555,0.0,2.0736441353327724,5150.549320218184,29.583779339360955,14.791889669680478,14.791889669680478,14.791889669680478,0.0,0.44721359549995804,2692.370646846381,52.61938806181615,26.309694030908076,26.309694030908076,26.309694030908076,0.0,1.3038404810405297,5476.103660450558,20.11964214393487,10.059821071967434,10.059821071967434,10.059821071967434,0.0,2.3874672772626644,2180.344399401159,58.88293470947249,29.441467354736243,29.441467354736243,29.441467354736243,0.0,2.3874672772626644,5573.581209599444,50.93917942016734,25.46958971008367,25.46958971008367,25.46958971008367,0.0,1.7320508075688774,4815.2718822513025
0.0,24.99599967994879,12.497999839974394,12.497999839974394,12.497999839974394,0.0,0.7071067811865475,2367.788102850422,34.9857113690718,17.4928556845359,17.4928556845359,17.4928556845359,0.0,1.140175425099138,4053.5609653735323,34.77355316903925,17.386776584519627,17.386776584519627,17.386776584519627,0.0,0.7071067811865476,3015.628922795376,33.89395226290378,16.94697613145189,16.94697613145189,16.94697613145189,0.0,1.140175425099138,2704.1292868500204,40.48703496182451,20.243517480912256,20.243517480912256,20.243517480912256,0.0,1.6733200530681511,3637.695383068791,62.18681532286406,31.09340766143203,31.09340766143203,31.09340766143203,0.0,3.1622776601683795,5546.35571343923,36.3318042491699,18.16590212458495,18.16590212458495,18.16590212458495,0.0,1.3038404810405297,4051.283043678879,38.08936859544931,19.044684297724654,19.044684297724654,19.044684297724654,0.0,2.6832815729997477,3877.146025106612,58.25804665451804,29.12902332725902,29.12902332725902,29.12902332725902,0.0,3.2093613071762426,5516.759492673213,28.754130138121027,14.377065069060514,14.377065069060514,14.377065069060514,0.0,0.44721359549995804,3083.1492341435564,46.89562879416375,23.447814397081874,23.447814397081874,23.447814397081874,0.0,2.04939015319192,4107.506847224969,54.13686359589,27.068431797945,27.068431797945,27.068431797945,0.0,1.9235384061671348,5319.326103934595,33.08776208811953,16.543881044059766,16.543881044059766,16.543881044059766,0.0,1.4142135623730951,2894.2858013679297,23.29806858947754,11.64903429473877,11.64903429473877,11.64903429473877,0.0,1.0,1917.0715949071907,52.600380226762624,26.300190113381312,26.300190113381312,26.300190113381312,0.0,2.0736441353327724,5151.480195050739,29.099828178186893,14.549914089093447,14.549914089093447,14.549914089093447,0.0,0.44721359549995804,2692.892626897701,53.47148772944325,26.735743864721623,26.735743864721623,26.735743864721623,0.0,1.3038404810405297,5478.077993238139,20.11964214393487,10.059821071967434,10.059821071967434,10.059821071967434,0.0,2.3874672772626644,2180.772179756519,58.88293470947249,29.441467354736243,29.441467354736243,29.441467354736243,0.0,2.3874672772626644,5575.889462677681,50.60829971457251,25.304149857286255,25.304149857286255,25.304149857286255,0.0,1.7320508075688774,4815.296148732703
0.0,24.99599967994879,12.497999839974394,12.497999839974394,12.497999839974394,0.0,0.7071067811865475,2372.540136646797,34.04702630186666,17.02351315093333,17.02351315093333,17.02351315093333,0.0,0.8366600265340757,4055.177456043077,36.193922141707716,18.096961070853858,18.096961070853858,18.096961070853858,0.0,1.095445115010332,3017.498003313341,33.89395226290378,16.94697613145189,16.94697613145189,16.94697613145189,0.0,1.140175425099138,2703.5955318797223,40.48703496182451,20.243517480912256,20.243517480912256,20.243517480912256,0.0,1.6733200530681511,3637.8585733917694,62.177166226839255,31.088583113419627,31.088583113419627,31.088583113419627,0.0,3.1622776601683795,5547.948062121706,36.29325006113396,18.14662503056698,18.14662503056698,18.14662503056698,0.0,1.3038404810405297,4048.8077627864727,38.13135192987524,19.06567596493762,19.06567596493762,19.06567596493762,0.0,2.6832815729997477,3882.6542467750073,57.403832624660176,28.701916312330088,28.701916312330088,28.701916312330088,0.0,2.792848008753788,5518.939861966245,28.754130138121027,14.377065069060514,14.377065069060514,14.377065069060514,0.0,0.44721359549995804,3083.7014771212857,47.50999894758997,23.754999473794985,23.754999473794985,23.754999473794985,0.0,2.04939015319192,4104.969488315352,53.24659613533995,26.623298067669975,26.623298067669975,26.623298067669975,0.0,1.9235384061671348,5321.14181355844,33.08776208811953,16.543881044059766,16.543881044059766,16.543881044059766,0.0,1.4142135623730951,2896.8742292339857,23.689660191737662,11.844830095868831,11.844830095868831,11.844830095868831,0.0,1.0,1918.5853642723328,53.34041619635152,26.67020809817576,26.67020809817576,26.67020809817576,0.0,2.0736441353327724,5149.779684607876,29.099828178186893,14.549914089093447,14.549914089093447,14.549914089093447,0.0,0.44721359549995804,2696.06023671579,52.48618865949403,26.243094329747017,26.243094329747017,26.243094329747017,0.0,1.3038404810405297,5476.317421406469,19.266551326067674,9.633275663033837,9.633275663033837,9.633275663033837,0.0,1.9493588689617927,2184.346538441188,58.43629009442677,29.218145047213383,29.218145047213383,29.218145047213383,0.0,2.3874672772626644,5571.29830470421,50.88418221805279,25.442091109026396,25.442091109026396,25.442091109026396,0.0,1.7320508075688774,4815.6479626318205
0.0,24.915858403835898,12.457929201917949,12.457929201917949,12.457929201917949,0.0,0.7071067811865475,2301.0932184507433,34.48477925114209,17.242389625571047,17.242389625571047,17.242389625571047,0.0,0.8366600265340757,4049.87576352658,36.193922141707716,18.096961070853858,18.096961070853858,18.096961070853858,0.0,1.095445115010332,3016.78343604575,33.89395226290378,16.94697613145189,16.94697613145189,16.94697613145189,0.0,1.140175425099138,2706.240787513188,40.929207175316755,20.464603587658377,20.464603587658377,20.464603587658377,0.0,1.6733200530681511,3636.70732943964,62.52039667180623,31.260198335903116,31.260198335903116,31.260198335903116,0.0,3.1622776601683795,5543.968010369468,35.849686191095174,17.924843095547587,17.924843095547587,17.924843095547587,0.0,1.3038404810405297,4048.7589827007487,38.13135192987524,19.06567596493762,19.06567596493762,19.06567596493762,0.0,2.6832815729997477,3882.0265970237765,58.93386123443805,29.466930617219024,29.466930617219024,29.466930617219024,0.0,3.63318042491699,5599.080576308936,28.754130138121027,14.377065069060514,14.377065069060514,14.377065069060514,0.0,0.44721359549995804,3084.604220965795,47.50999894758997,23.754999473794985,23.754999473794985,23.754999473794985,0.0,2.04939015319192,4105.412439694702,53.452782902296114,26.726391451148057,26.726391451148057,26.726391451148057,0.0,1.9235384061671348,5326.8436526708765,33.124009419150944,16.562004709575472,16.562004709575472,16.562004709575472,0.0,1.4142135623730951,2894.162573180712,23.55419283269966,11.77709641634983,11.77709641634983,11.77709641634983,0.0,1.0,1919.872964547394,53.34041619635152,26.67020809817576,26.67020809817576,26.67020809817576,0.0,2.0736441353327724,5150.787832943617,28.51666179622012,14.25833089811006,14.25833089811006,14.25833089811006,0.0,0.44721359549995804,2696.204128028885,53.2090217914218,26.6045108957109,26.6045108957109,26.6045108957109,0.0,1.3038404810405297,5478.1066802317755,20.42547429069886,10.21273714534943,10.21273714534943,10.21273714534943,0.0,2.3874672772626644,2235.012013390532,58.29236656715869,29.146183283579344,29.146183283579344,29.146183283579344,0.0,2.3874672772626644,5570.0685184295535,50.60829971457251,25.304149857286255,25.304149857286255,25.304149857286255,0.0,1.3038404810405297,4815.77527507254
0.0,24.915858403835898,12.457929201917949,12.457929201917949,12.457929201917949,0.0,0.7071067811865475,2296.659857270989,34.14674215792775,17.073371078963874,17.073371078963874,17.073371078963874,0.0,0.8366600265340757,4052.323432303991,36.204972034238615,18.102486017119308,18.102486017119308,18.102486017119308,0.0,1.095445115010332,3015.1450545537605,33.34666400106613,16.673332000533065,16.673332000533065,16.673332000533065,0.0,1.140175425099138,2702.6121993360425,41.012193308819754,20.506096654409877,20.506096654409877,20.506096654409877,0.0,1.6733200530681511,3632.3570584401527,63.23922833178786,31.61961416589393,31.61961416589393,31.61961416589393,0.0,3.1622776601683795,5547.362688701723,36.90528417449187,18.452642087245934,18.452642087245934,18.452642087245934,0.0,1.3038404810405297,4046.6626125734774,37.804761604856076,18.902380802428038,18.902380802428038,18.902380802428038,0.0,2.6832815729997477,3883.593477695625,58.39520528262573,29.197602641312866,29.197602641312866,29.197602641312866,0.0,3.2093613071762426,5601.616088237393,28.754130138121027,14.377065069060514,14.377065069060514,14.377065069060514,0.0,0.44721359549995804,3076.370962676641,47.18898176481455,23.594490882407275,23.594490882407275,23.594490882407275,0.0,2.04939015319192,4103.55599450038,54.055527006958314,27.027763503479157,27.027763503479157,27.027763503479157,0.0,1.9235384061671348,5327.783000460886,33.124009419150944,16.562004709575472,16.562004709575472,16.562004709575472,0.0,1.4142135623730951,2895.118788581912,22.387496510329154,11.193748255164577,11.193748255164577,11.193748255164577,0.0,1.0,1922.2654083138468,53.50513994000951,26.752569970004753,26.752569970004753,26.752569970004753,0.0,2.0736441353327724,5149.774296025021,28.823601440486232,14.411800720243116,14.411800720243116,14.411800720243116,0.0,0.44721359549995804,2696.245500691656,53.07353389402292,26.53676694701146,26.53676694701146,26.53676694701146,0.0,1.3038404810405297,5477.263522964729,19.56527536223296,9.78263768111648,9.78263768111648,9.78263768111648,0.0,1.9493588689617927,2235.834452726767,57.851534119675684,28.925767059837842,28.925767059837842,28.925767059837842,0.0,2.073644135332772,5568.4827646316735,50.781886534472115,25.390943267236057,25.390943267236057,25.390943267236057,0.0,1.3038404810405297,4813.433338065461
0.0,24.803225596683994,12.401612798341997,12.401612798341997,12.401612798341997,0.0,0.8366600265340756,2300.990938704453,34.59479729670345,17.297398648351724,17.297398648351724,17.297398648351724,0.0,0.8366600265340757,4052.7276246991973,36.1828688746484,18.0914344373242,18.0914344373242,18.0914344373242,0.0,1.095445115010332,3012.1904322270198,32.63740185737829,16.318700928689147,16.318700928689147,16.318700928689147,0.0,1.140175425099138,2699.9215729350362,40.65464303127012,20.32732151563506,20.32732151563506,20.32732151563506,0.0,1.6733200530681511,3629.378390303221,63.23922833178786,31.61961416589393,31.61961416589393,31.61961416589393,0.0,3.1622776601683795,5549.997765765316,36.90528417449187,18.452642087245934,18.452642087245934,18.452642087245934,0.0,1.3038404810405297,4047.7139597555556,37.804761604856076,18.902380802428038,18.902380802428038,18.902380802428038,0.0,2.6832815729997477,3885.187164088752,58.64128238706927,29.320641193534634,29.320641193534634,29.320641193534634,0.0,3.2093613071762426,5603.5729940815445,29.953296980466106,14.976648490233053,14.976648490233053,14.976648490233053,0.0,0.44721359549995804,3075.9657345295636,46.94677837722201,23.473389188611005,23.473389188611005,23.473389188611005,0.0,2.04939015319192,4103.989254371897,54.055527006958314,27.027763503479157,27.027763503479157,27.027763503479157,0.0,1.9235384061671348,5329.253155930951,33.184333653096004,16.592166826548002,16.592166826548002,16.592166826548002,0.0,1.4142135623730951,2896.4608058801696,23.25510696599781,11.627553482998906,11.627553482998906,11.627553482998906,0.0,1.0,1923.5413174663029,53.50513994000951,26.752569970004753,26.752569970004753,26.752569970004753,0.0,2.0736441353327724,5148.008177926682,27.799280566230486,13.899640283115243,13.899640283115243,13.899640283115243,0.0,0.44721359549995804,2695.8065027000735,53.07353389402292,26.53676694701146,26.53676694701146,26.53676694701146,0.0,1.3038404810405297,5478.51008943125,18.83613548475377,9.418067742376884,9.418067742376884,9.418067742376884,0.0,1.9493588689617927,2236.1949378352506,57.851534119675684,28.925767059837842,28.925767059837842,28.925767059837842,0.0,2.073644135332772,5566.051697568035,51.36146415358503,25.680732076792516,25.680732076792516,25.680732076792516,0.0,1.3038404810405297,4810.723573434666
0.0,24.803225596683994,12.401612798341997,12.401612798341997,12.401612798341997,0.0,0.8366600265340756,2301.832595998241,34.65833233148993,17.329166165744965,17.329166165744965,17.329166165744965,0.0,0.8366600265340757,4052.242070755399,36.204972034238615,18.102486017119308,18.102486017119308,18.102486017119308,0.0,1.095445115010332,3010.8657392849655,32.69250678672408,16.34625339336204,16.34625339336204,16.34625339336204,0.0,1.140175425099138,2701.607391905789,40.11483516107227,20.057417580536136,20.057417580536136,20.057417580536136,0.0,1.6733200530681511,3628.472088910152,63.771466973874766,31.885733486937383,31.885733486937383,31.885733486937383,0.0,3.1622776601683795,5553.37876431997,36.48013157871007,18.240065789355036,18.240065789355036,18.240065789355036,0.0,1.3038404810405297,4044.6290930071696,37.804761604856076,18.902380802428038,18.902380802428038,18.902380802428038,0.0,2.6832815729997477,3883.0009013648196,58.821764679410975,29.410882339705488,29.410882339705488,29.410882339705488,0.0,3.2093613071762426,5604.107109968545,30.541774670113718,15.270887335056859,15.270887335056859,15.270887335056859,0.0,0.5477225575051662,3075.0699504238924,48.199585060454616,24.099792530227308,24.099792530227308,24.099792530227308,0.0,2.04939015319192,4103.461490010598,54.055527006958314,27.027763503479157,27.027763503479157,27.027763503479157,0.0,1.9235384061671348,5325.319192311386,33.184333653096004,16.592166826548002,16.592166826548002,16.592166826548002,0.0,1.4142135623730951,2894.4917861344848,23.25510696599781,11.627553482998906,11.627553482998906,11.627553482998906,0.0,1.0,1927.5225809312842,53.31041174104736,26.65520587052368,26.65520587052368,26.65520587052368,0.0,2.0736441353327724,5146.170294500562,28.19929077122331,14.099645385611655,14.099645385611655,14.099645385611655,0.0,0.44721359549995804,2695.7329615523863,53.07353389402292,26.53676694701146,26.53676694701146,26.53676694701146,0.0,1.3038404810405297,5481.529275667512,18.83613548475377,9.418067742376884,9.418067742376884,9.418067742376884,0.0,1.9493588689617927,2236.8807075926065,57.4212504217733,28.71062521088665,28.71062521088665,28.71062521088665,0.0,2.073644135332772,5565.333799512838,51.896049946021904,25.948024973010952,25.948024973010952,25.948024973010952,0.0,1.3038404810405297,4810.671262932025
0.0,25.321927256826246,12.660963628413123,12.660963628413123,12.660963628413123,0.0,0.8366600265340756,2298.058202047981,34.74478378116635,17.372391890583174,17.372391890583174,17.372391890583174,0.0,0.8366600265340757,4047.6467854791877,36.204972034238615,18.102486017119308,18.102486017119308,18.102486017119308,0.0,1.095445115010332,3014.9719733357388,32.69250678672408,16.34625339336204,16.34625339336204,16.34625339336204,0.0,1.140175425099138,2702.6706791616325,39.764305601883706,19.882152800941853,19.882152800941853,19.882152800941853,0.0,1.6733200530681511,3628.5860193744893,62.44037155558894,31.22018577779447,31.22018577779447,31.22018577779447,0.0,2.7748873851023212,5554.804298982998,36.07214992206592,18.03607496103296,18.03607496103296,18.03607496103296,0.0,1.3038404810405297,4042.083905611065,37.239763694201926,18.619881847100963,18.619881847100963,18.619881847100963,0.0,2.3452078799117144,3881.191891674515,59.25200418551258,29.62600209275629,29.62600209275629,29.62600209275629,0.0,3.2093613071762426,5663.916021623201,30.053286010018937,15.026643005009468,15.026643005009468,15.026643005009468,0.0,0.5477225575051662,3071.2016703564095,47.69905659444429,23.849528297222147,23.849528297222147,23.849528297222147,0.0,2.04939015319192,4106.027922457421,54.26601146205606,27.13300573102803,27.13300573102803,27.13300573102803,0.0,1.9235384061671348,5321.987523472786,33.184333653096004,16.592166826548002,16.592166826548002,16.592166826548002,0.0,1.4142135623730951,2895.119168531755,23.25510696599781,11.627553482998906,11.627553482998906,11.627553482998906,0.0,1.0,1922.1787637990385,53.31041174104736,26.65520587052368,26.65520587052368,26.65520587052368,0.0,2.0736441353327724,5148.248954741796,28.92749557082327,14.463747785411636,14.463747785411636,14.463747785411636,0.0,0.44721359549995804,2698.013472909281,53.51635264103861,26.758176320519304,26.758176320519304,26.758176320519304,0.0,1.3038404810405297,5477.0954620126895,19.00526242912736,9.50263121456368,9.50263121456368,9.50263121456368,0.0,1.9493588689617927,2232.7128118054056,61.91930232165088,30.95965116082544,30.95965116082544,30.95965116082544,0.0,2.588435821108957,5964.462062919002,50.42618367475374,25.21309183737687,25.21309183737687,25.21309183737687,0.0,1.3038404810405297,4812.761078632514
0.0,24.714368290530913,12.357184145265457,12.357184145265457,12.357184145265457,0.0,0.8366600265340756,2300.3402574401903,34.66987164671943,17.334935823359714,17.334935823359714,17.334935823359714,0.0,0.8366600265340757,4047.9595230189743,53.70288632839021,26.851443164195103,26.851443164195103,26.851443164195103,0.0,3.420526275297414,4827.666030288342,33.49626844888846,16.74813422444423,16.74813422444423,16.74813422444423,0.0,1.140175425099138,2702.7875980180165,40.35839441801421,20.179197209007103,20.179197209007103,20.179197209007103,0.0,1.6733200530681511,3626.4990417756903,62.810827092150284,31.405413546075142,31.405413546075142,31.405413546075142,0.0,2.7748873851023212,5558.500310335514,36.73145790735783,18.365728953678914,18.365728953678914,18.365728953678914,0.0,1.3038404810405297,4040.8414099046254,37.1860188780676,18.5930094390338,18.5930094390338,18.5930094390338,0.0,2.3452078799117144,3883.860515003081,58.71286060140488,29.35643030070244,29.35643030070244,29.35643030070244,0.0,2.792848008753788,5665.156290871418,31.09340766143203,15.546703830716014,15.546703830716014,15.546703830716014,0.0,0.5477225575051662,3074.6379136412147,46.634750991079606,23.317375495539803,23.317375495539803,23.317375495539803,0.0,2.04939015319192,4109.658294797756,54.17748609893228,27.08874304946614,27.08874304946614,27.08874304946614,0.0,1.9235384061671348,5187.264423566626,33.184333653096004,16.592166826548002,16.592166826548002,16.592166826548002,0.0,1.4142135623730951,2893.9594503033386,23.25510696599781,11.627553482998906,11.627553482998906,11.627553482998906,0.0,1.0,1923.8032123894584,52.56234393555904,26.28117196777952,26.28117196777952,26.28117196777952,0.0,2.0736441353327724,5150.514780097228,29.359836511806396,14.679918255903198,14.679918255903198,14.679918255903198,0.0,0.44721359549995804,2693.58389511075,53.48644688142969,26.743223440714846,26.743223440714846,26.743223440714846,0.0,1.3038404810405297,5477.952199499371,19.266551326067674,9.633275663033837,9.633275663033837,9.633275663033837,0.0,1.9493588689617927,2230.9807708718604,61.5532289973483,30.77661449867415,30.77661449867415,30.77661449867415,0.0,2.345207879911715,5963.891892044992,51.0098029794274,25.5049014897137,25.5049014897137,25.5049014897137,0.0,1.51657508881031,4814.7640959864275
0.0,25.25866188063018,12.62933094031509,12.62933094031509,12.62933094031509,0.0,0.8366600265340756,2298.4437561097725,33.893952262903774,16.946976131451887,16.946976131451887,16.946976131451887,0.0,0.8366600265340757,4046.947701663564,53.05468876546163,26.527344382730814,26.527344382730814,26.527344382730814,0.0,3.0,4826.671700043416,32.96664981462326,16.48332490731163,16.48332490731163,16.48332490731163,0.0,1.140175425099138,2699.6693871657694,39.824615503479755,19.912307751739878,19.912307751739878,19.912307751739878,0.0,1.3416407864998738,3624.3774361950773,62.536389406488766,31.268194703244383,31.268194703244383,31.268194703244383,0.0,2.7748873851023212,5558.36052267213,37.40053475553525,18.700267377767624,18.700267377767624,18.700267377767624,0.0,1.3038404810405297,4037.9559804435708,36.2381014955254,18.1190507477627,18.1190507477627,18.1190507477627,0.0,2.16794833886788,3886.045354856271,58.71286060140488,29.35643030070244,29.35643030070244,29.35643030070244,0.0,2.792848008753788,5662.541417067076,31.673332631726648,15.836666315863324,15.836666315863324,15.836666315863324,0.0,0.5477225575051662,3079.53459146021,46.31630382489518,23.15815191244759,23.15815191244759,23.15815191244759,0.0,2.04939015319192,4107.0592033716775,54.8634668973808,27.4317334486904,27.4317334486904,27.4317334486904,0.0,1.9235384061671348,5189.630314386565,33.26860381801437,16.634301909007185,16.634301909007185,16.634301909007185,0.0,1.4142135623730951,2893.853693606503,22.565460332109335,11.282730166054668,11.282730166054668,11.282730166054668,0.0,0.8366600265340757,1927.049687994578,52.375566822708464,26.187783411354232,26.187783411354232,26.187783411354232,0.0,2.0736441353327724,5150.004097085749,29.099828178186893,14.549914089093447,14.549914089093447,14.549914089093447,0.0,0.44721359549995804,2694.833519904337,54.39852939188705,27.199264695943526,27.199264695943526,27.199264695943526,0.0,1.3038404810405297,5475.552529197396,19.493588689617926,9.746794344808963,9.746794344808963,9.746794344808963,0.0,1.9493588689617927,2229.6194294094225,62.26395425926626,31.13197712963313,31.13197712963313,31.13197712963313,0.0,2.5099800796022267,5959.841969381403,50.88418221805279,25.442091109026396,25.442091109026396,25.442091109026396,0.0,1.51657508881031,4815.160194635273
0.0,25.25866188063018,12.62933094031509,12.62933094031509,12.62933094031509,0.0,0.8366600265340756,2299.4598713610985,33.544000953970894,16.772000476985447,16.772000476985447,16.772000476985447,0.0,0.8366600265340757,4047.508035816606,53.227812278920496,26.613906139460248,26.613906139460248,26.613906139460248,0.0,3.0,4824.227844950941,32.96664981462326,16.48332490731163,16.48332490731163,16.48332490731163,0.0,1.140175425099138,2698.008951060022,39.156097864828155,19.578048932414077,19.578048932414077,19.578048932414077,0.0,1.3416407864998738,3622.026849707219,61.990321825265596,30.995160912632798,30.995160912632798,30.995160912632798,0.0,2.7748873851023212,5557.749022760923,37.013511046643494,18.506755523321747,18.506755523321747,18.506755523321747,0.0,1.3038404810405297,4039.91475157583,36.24913792078372,18.12456896039186,18.12456896039186,18.12456896039186,0.0,2.16794833886788,3887.0481988264564,58.71286060140488,29.35643030070244,29.35643030070244,29.35643030070244,0.0,2.792848008753788,5664.285806701494,31.228192390850932,15.614096195425466,15.614096195425466,15.614096195425466,0.0,0.5477225575051662,3082.2276522022185,46.95955706775778,23.47977853387889,23.47977853387889,23.47977853387889,0.0,2.04939015319192,4109.83268515885,54.8634668973808,27.4317334486904,27.4317334486904,27.4317334486904,0.0,1.9235384061671348,5188.6824242769,33.2084326640087,16.60421633200435,16.60421633200435,16.60421633200435,0.0,1.4142135623730951,2896.09490521288,22.565460332109335,11.282730166054668,11.282730166054668,11.282730166054668,0.0,0.8366600265340757,1927.9047694323494,52.01922721455981,26.009613607279906,26.009613607279906,26.009613607279906,0.0,1.6431676725154984,5149.06776028438,28.8652039660211,14.43260198301055,14.43260198301055,14.43260198301055,0.0,0.44721359549995804,2695.963334320406,54.39852939188705,27.199264695943526,27.199264695943526,27.199264695943526,0.0,1.3038404810405297,5472.050410952004,18.18790807102345,9.093954035511725,9.093954035511725,9.093954035511725,0.0,1.51657508881031,2227.2212058976093,63.103090257134,31.551545128567,31.551545128567,31.551545128567,0.0,2.5099800796022267,5959.908447283398,50.88418221805279,25.442091109026396,25.442091109026396,25.442091109026396,0.0,1.51657508881031,4815.517646110333
0.0,26.290682760247975,13.145341380123988,13.145341380123988,13.145341380123988,0.0,0.8366600265340756,2297.788545536773,33.544000953970894,16.772000476985447,16.772000476985447,16.772000476985447,0.0,0.8366600265340757,4044.3524203511247,52.585169011804076,26.292584505902038,26.292584505902038,26.292584505902038,0.0,2.588435821108957,4826.858895803771,42.60516400625633,21.302582003128165,21.302582003128165,21.302582003128165,0.0,1.5811388300841898,3611.789196506352,39.764305601883706,19.882152800941853,19.882152800941853,19.882152800941853,0.0,1.3416407864998738,3618.6918492737123,65.43087956003649,32.715439780018244,32.715439780018244,32.715439780018244,0.0,3.1622776601683795,5697.576607646447,37.013511046643494,18.506755523321747,18.506755523321747,18.506755523321747,0.0,1.3038404810405297,4042.5115089508404,36.32079294288604,18.16039647144302,18.16039647144302,18.16039647144302,0.0,2.16794833886788,3887.368261433434,57.71308343867966,28.85654171933983,28.85654171933983,28.85654171933983,0.0,2.3874672772626644,5666.283985117583,31.855925665407998,15.927962832703999,15.927962832703999,15.927962832703999,0.0,0.5477225575051662,3084.902235079744,46.95955706775778,23.47977853387889,23.47977853387889,23.47977853387889,0.0,2.04939015319192,4104.091397617748,54.8634668973808,27.4317334486904,27.4317334486904,27.4317334486904,0.0,1.9235384061671348,5186.032462297166,33.72239611889998,16.86119805944999,16.86119805944999,16.86119805944999,0.0,1.4142135623730951,2895.479804799198,22.565460332109335,11.282730166054668,11.282730166054668,11.282730166054668,0.0,0.8366600265340757,1925.5573219200721,52.01922721455981,26.009613607279906,26.009613607279906,26.009613607279906,0.0,1.6431676725154984,5145.5433823844105,28.8652039660211,14.43260198301055,14.43260198301055,14.43260198301055,0.0,0.44721359549995804,2693.8729554305264,54.39852939188705,27.199264695943526,27.199264695943526,27.199264695943526,0.0,1.3038404810405297,5474.8232848193375,18.439088914585774,9.219544457292887,9.219544457292887,9.219544457292887,0.0,1.51657508881031,2230.2099228547972,62.44037155558894,31.22018577779447,31.22018577779447,31.22018577779447,0.0,2.5099800796022267,5962.358384062468,50.88418221805279,25.442091109026396,25.442091109026396,25.442091109026396,0.0,1.51657508881031,4815.414343543035
0.0,26.290682760247975,13.145341380123988,13.145341380123988,13.145341380123988,0.0,0.8366600265340756,2296.651040101652,34.40930106817051,17.204650534085253,17.204650534085253,17.204650534085253,0.0,0.8366600265340757,4040.3703666866977,53.227812278920496,26.613906139460248,26.613906139460248,26.613906139460248,0.0,3.0,4858.136041734525,43.39585233636966,21.69792616818483,21.69792616818483,21.69792616818483,0.0,1.9235384061671343,3615.524747529741,39.5828245581338,19.7914122790669,19.7914122790669,19.7914122790669,0.0,1.3416407864998738,3617.855718516149,65.43087956003649,32.715439780018244,32.715439780018244,32.715439780018244,0.0,3.1622776601683795,5699.043533787051,37.013511046643494,18.506755523321747,18.506755523321747,18.506755523321747,0.0,1.3038404810405297,4046.321440518536,36.260170986910694,18.130085493455347,18.130085493455347,18.130085493455347,0.0,2.16794833886788,3884.537398455574,60.60693029679032,30.30346514839516,30.30346514839516,30.30346514839516,0.0,3.63318042491699,5767.850795573686,31.855925665407998,15.927962832703999,15.927962832703999,15.927962832703999,0.0,0.5477225575051662,3081.5544291801825,47.30750469005948,23.65375234502974,23.65375234502974,23.65375234502974,0.0,2.04939015319192,4106.988105656017,54.8634668973808,27.4317334486904,27.4317334486904,27.4317334486904,0.0,1.9235384061671348,5187.416987287605,34.25200724045235,17.126003620226175,17.126003620226175,17.126003620226175,0.0,1.4142135623730951,2893.642220455045,22.42320226907834,11.21160113453917,11.21160113453917,11.21160113453917,0.0,0.8366600265340757,1925.3684582437722,52.01922721455981,26.009613607279906,26.009613607279906,26.009613607279906,0.0,1.6431676725154984,5146.867076193051,28.8652039660211,14.43260198301055,14.43260198301055,14.43260198301055,0.0,0.44721359549995804,2691.8138308582934,54.870757239170665,27.435378619585332,27.435378619585332,27.435378619585332,0.0,1.3038404810405297,5475.632264862205,16.70927885936434,8.35463942968217,8.35463942968217,8.35463942968217,0.0,1.51657508881031,2236.3352834492416,62.44037155558894,31.22018577779447,31.22018577779447,31.22018577779447,0.0,2.5099800796022267,5961.716137153798,51.23280199247353,25.616400996236766,25.616400996236766,25.616400996236766,0.0,1.51657508881031,4809.966475974651
0.0,26.206869328479506,13.103434664239753,13.103434664239753,13.103434664239753,0.0,0.8366600265340756,2296.543663856623,34.40930106817051,17.204650534085253,17.204650534085253,17.204650534085253,0.0,0.8366600265340757,4040.447227721209,52.585169011804076,26.292584505902038,26.292584505902038,26.292584505902038,0.0,2.588435821108957,4856.488010898411,42.647391479432834,21.323695739716417,21.323695739716417,21.323695739716417,0.0,1.9235384061671343,3612.4354250283836,39.03844259188627,19.519221295943137,19.519221295943137,19.519221295943137,0.0,1.3416407864998738,3617.2375785950253,64.76727568764954,32.38363784382477,32.38363784382477,32.38363784382477,0.0,3.1144823004794873,5696.402399760747,37.013511046643494,18.506755523321747,18.506755523321747,18.506755523321747,0.0,1.3038404810405297,4044.884015642476,36.260170986910694,18.130085493455347,18.130085493455347,18.130085493455347,0.0,2.16794833886788,3883.5223959699265,60.272713560947295,30.136356780473648,30.136356780473648,30.136356780473648,0.0,3.361547262794322,5768.584427743083,31.855925665407998,15.927962832703999,15.927962832703999,15.927962832703999,0.0,0.5477225575051662,3078.7014795202217,49.670917044081236,24.835458522040618,24.835458522040618,24.835458522040618,0.0,2.04939015319192,4926.467933519917,54.04442616958755,27.022213084793776,27.022213084793776,27.022213084793776,0.0,1.9235384061671348,5189.350055642806,33.31666249791537,16.658331248957683,16.658331248957683,16.658331248957683,0.0,1.4142135623730951,2893.3982269988346,23.280893453645632,11.640446726822816,11.640446726822816,11.640446726822816,0.0,0.8366600265340757,1922.9706706031686,52.01922721455981,26.009613607279906,26.009613607279906,26.009613607279906,0.0,1.6431676725154984,5143.272421328662,28.8652039660211,14.43260198301055,14.43260198301055,14.43260198301055,0.0,0.44721359549995804,2692.0089524368227,54.31390245600108,27.15695122800054,27.15695122800054,27.15695122800054,0.0,1.3038404810405297,5474.415155977851,16.70927885936434,8.35463942968217,8.35463942968217,8.35463942968217,0.0,1.51657508881031,2234.0555722720956,62.080592780675026,31.040296390337513,31.040296390337513,31.040296390337513,0.0,2.5099800796022267,5961.8754012474965,51.23280199247353,25.616400996236766,25.616400996236766,25.616400996236766,0.0,1.51657508881031,4807.6070762906575
0.0,26.206869328479506,13.103434664239753,13.103434664239753,13.103434664239753,0.0,0.8366600265340756,2294.179330392461,34.21695486158872,17.10847743079436,17.10847743079436,17.10847743079436,0.0,0.8366600265340757,4039.067875141491,51.94997593839673,25.974987969198366,25.974987969198366,25.974987969198366,0.0,2.588435821108957,4856.345076289369,41.914198071775154,20.957099035887577,20.957099035887577,20.957099035887577,0.0,1.9235384061671343,3607.443457630348,39.03844259188627,19.519221295943137,19.519221295943137,19.519221295943137,0.0,1.3416407864998738,3617.770072848743,64.07807737440318,32.03903868720159,32.03903868720159,32.03903868720159,0.0,3.1144823004794873,5695.918775755146,37.110645372992366,18.555322686496183,18.555322686496183,18.555322686496183,0.0,1.3038404810405297,4044.9941903542954,36.71511950137164,18.35755975068582,18.35755975068582,18.35755975068582,0.0,2.16794833886788,3879.2845087722044,60.86706827176745,30.433534135883725,30.433534135883725,30.433534135883725,0.0,3.361547262794322,5768.427862078193,31.71750305430741,15.858751527153705,15.858751527153705,15.858751527153705,0.0,0.5477225575051662,3078.861802679685,49.20162598939186,24.60081299469593,24.60081299469593,24.60081299469593,0.0,2.04939015319192,4926.069142835898,53.91845695121476,26.95922847560738,26.95922847560738,26.95922847560738,0.0,1.9235384061671348,5187.869919340692,32.2055895769663,16.10279478848315,16.10279478848315,16.10279478848315,0.0,1.0954451150103321,2894.637403890166,23.280893453645632,11.640446726822816,11.640446726822816,11.640446726822816,0.0,0.8366600265340757,1919.5750831889852,51.87677707799512,25.93838853899756,25.93838853899756,25.93838853899756,0.0,1.7320508075688772,5143.37386352577,27.87113201863175,13.935566009315876,13.935566009315876,13.935566009315876,0.0,0.44721359549995804,2690.7917608020134,53.88135113376427,26.940675566882135,26.940675566882135,26.940675566882135,0.0,0.8944271909999157,5475.158235156314,16.70927885936434,8.35463942968217,8.35463942968217,8.35463942968217,0.0,1.51657508881031,2233.114260399588,62.080592780675026,31.040296390337513,31.040296390337513,31.040296390337513,0.0,2.5099800796022267,5963.869993552844,51.23280199247353,25.616400996236766,25.616400996236766,25.616400996236766,0.0,1.51657508881031,4808.204415371709
0.0,36.204972034238615,18.102486017119308,18.102486017119308,18.102486017119308,0.0,1.6733200530681511,3540.4930023938755,33.454446640170275,16.727223320085137,16.727223320085137,16.727223320085137,0.0,0.8366600265340757,4040.1813078128066,51.94997593839673,25.974987969198366,25.974987969198366,25.974987969198366,0.0,2.588435821108957,4859.946501763163,41.914198071775154,20.957099035887577,20.957099035887577,20.957099035887577,0.0,1.9235384061671343,3609.4205490632426,38.714338429062686,19.357169214531343,19.357169214531343,19.357169214531343,0.0,1.3416407864998738,3618.0312325904542,64.45773809248972,32.22886904624486,32.22886904624486,32.22886904624486,0.0,3.1144823004794873,5694.658839649659,47.34131388121796,23.67065694060898,23.67065694060898,23.67065694060898,0.0,1.949358868961793,4760.148369536395,36.71511950137164,18.35755975068582,18.35755975068582,18.35755975068582,0.0,2.16794833886788,3877.0259607075113,60.14316253739904,30.07158126869952,30.07158126869952,30.07158126869952,0.0,2.949576240750525,5768.802631395877,32.13720585240727,16.068602926203635,16.068602926203635,16.068602926203635,0.0,0.5477225575051662,3077.0969597983094,49.20162598939186,24.60081299469593,24.60081299469593,24.60081299469593,0.0,2.04939015319192,4926.371433418312,54.0,27.0,27.0,27.0,0.0,1.9235384061671348,5187.18297344522,32.2055895769663,16.10279478848315,16.10279478848315,16.10279478848315,0.0,1.0954451150103321,2895.231217018772,23.280893453645632,11.640446726822816,11.640446726822816,11.640446726822816,0.0,0.8366600265340757,1913.2821276539435,51.264022471905186,25.632011235952593,25.632011235952593,25.632011235952593,0.0,1.7320508075688772,5141.782103512361,27.87113201863175,13.935566009315876,13.935566009315876,13.935566009315876,0.0,0.44721359549995804,2693.442091451012,53.467747287500345,26.733873643750172,26.733873643750172,26.733873643750172,0.0,0.8944271909999157,5474.2041248020705,17.123083834403193,8.561541917201597,8.561541917201597,8.561541917201597,0.0,1.51657508881031,2236.126382832598,61.08027504849663,30.540137524248316,30.540137524248316,30.540137524248316,0.0,2.302172886644268,5963.030118991518,51.0098029794274,25.5049014897137,25.5049014897137,25.5049014897137,0.0,1.5165750888103098,4805.554993962716
0.0,36.04441704342019,18.022208521710095,18.022208521710095,18.022208521710095,0.0,1.6733200530681511,3539.9850705899876,33.544000953970894,16.772000476985447,16.772000476985447,16.772000476985447,0.0,0.8366600265340757,4041.8092730855083,51.94997593839673,25.974987969198366,25.974987969198366,25.974987969198366,0.0,2.588435821108957,4857.022369724068,41.11933851608024,20.55966925804012,20.55966925804012,20.55966925804012,0.0,1.9235384061671343,3610.858997523996,38.714338429062686,19.357169214531343,19.357169214531343,19.357169214531343,0.0,1.3416407864998738,3618.0579320956153,64.58482793969493,32.292413969847466,32.292413969847466,32.292413969847466,0.0,3.1144823004794873,5693.890673344546,47.34131388121796,23.67065694060898,23.67065694060898,23.67065694060898,0.0,1.949358868961793,4757.6991077620705,40.3583944180142,20.1791972090071,20.1791972090071,20.1791972090071,0.0,3.3615472627943226,4301.229208028793,60.34235659965561,30.171178299827805,30.171178299827805,30.171178299827805,0.0,2.949576240750525,5771.2641769373195,32.13720585240727,16.068602926203635,16.068602926203635,16.068602926203635,0.0,0.5477225575051662,3076.7006354210025,48.84669896727925,24.423349483639626,24.423349483639626,24.423349483639626,0.0,2.04939015319192,4931.335944751686,54.691864111584266,27.345932055792133,27.345932055792133,27.345932055792133,0.0,1.9235384061671348,5189.960337035342,32.75973137863008,16.37986568931504,16.37986568931504,16.37986568931504,0.0,1.0954451150103321,2891.0817525625253,22.864820139244483,11.432410069622241,11.432410069622241,11.432410069622241,0.0,0.8366600265340757,1915.2585987275975,51.264022471905186,25.632011235952593,25.632011235952593,25.632011235952593,0.0,1.7320508075688772,5142.905725365768,27.94279871451677,13.971399357258385,13.971399357258385,13.971399357258385,0.0,0.44721359549995804,2689.5357777876834,53.392883420920434,26.696441710460217,26.696441710460217,26.696441710460217,0.0,1.140175425099138,5474.971570702445,17.435595774162696,8.717797887081348,8.717797887081348,8.717797887081348,0.0,1.51657508881031,2240.4760208491407,61.08027504849663,30.540137524248316,30.540137524248316,30.540137524248316,0.0,2.302172886644268,5963.259066986777,50.28717530345089,25.143587651725444,25.143587651725444,25.143587651725444,0.0,1.5165750888103098,4806.989858528932
0.0,36.24913792078372,18.12456896039186,18.12456896039186,18.12456896039186,0.0,1.6431676725154984,3539.5237391490964,33.32866633995426,16.66433316997713,16.66433316997713,16.66433316997713,0.0,0.8366600265340757,4042.6082916849614,51.61395160225576,25.80697580112788,25.80697580112788,25.80697580112788,0.0,2.588435821108957,4857.8869068762815,40.88031311034689,20.440156555173445,20.440156555173445,20.440156555173445,0.0,1.9235384061671343,3609.4114063098987,39.43095230906807,19.715476154534034,19.715476154534034,19.715476154534034,0.0,1.3416407864998738,3617.369306554143,64.5445582524197,32.27227912620985,32.27227912620985,32.27227912620985,0.0,2.701851217221259,5692.2895657195795,47.644516998286385,23.822258499143192,23.822258499143192,23.822258499143192,0.0,1.949358868961793,4759.709917631536,40.8166632639171,20.40833163195855,20.40833163195855,20.40833163195855,0.0,3.3615472627943226,4307.652783129114,60.771703941884006,30.385851970942003,30.385851970942003,30.385851970942003,0.0,3.3466401061363023,5847.194643587641,31.673332631726648,15.836666315863324,15.836666315863324,15.836666315863324,0.0,0.5477225575051662,3075.6710162174368,48.38181476546741,24.190907382733705,24.190907382733705,24.190907382733705,0.0,2.04939015319192,4934.86821505904,53.86278863928231,26.931394319641154,26.931394319641154,26.931394319641154,0.0,1.9235384061671348,5184.296818277287,31.79308100829487,15.896540504147435,15.896540504147435,15.896540504147435,0.0,1.0954451150103321,2891.1646961043225,23.56268236003703,11.781341180018515,11.781341180018515,11.781341180018515,0.0,0.8366600265340757,1914.851769720048,51.09598810082843,25.547994050414214,25.547994050414214,25.547994050414214,0.0,1.7320508075688772,5143.037896029933,28.234730386529282,14.117365193264641,14.117365193264641,14.117365193264641,0.0,0.44721359549995804,2690.0938087732184,52.9792412176694,26.4896206088347,26.4896206088347,26.4896206088347,0.0,1.140175425099138,5476.990715712416,17.435595774162696,8.717797887081348,8.717797887081348,8.717797887081348,0.0,1.51657508881031,2238.937806192928,60.52107071095157,30.260535355475785,30.260535355475785,30.260535355475785,0.0,2.302172886644268,5957.71249725933,50.28717530345089,25.143587651725444,25.143587651725444,25.143587651725444,0.0,1.5165750888103098,4806.058187329821
0.0,36.24913792078372,18.12456896039186,18.12456896039186,18.12456896039186,0.0,1.6431676725154984,3540.982589621135,33.12400941915094,16.56200470957547,16.56200470957547,16.56200470957547,0.0,0.8366600265340757,4042.8758947066385,52.78257288158659,26.391286440793294,26.391286440793294,26.391286440793294,0.0,3.1144823004794877,4960.303549179223,50.15974481593781,25.079872407968907,25.079872407968907,25.079872407968907,0.0,3.0495901363953815,4555.074675567899,38.714338429062686,19.357169214531343,19.357169214531343,19.357169214531343,0.0,1.3038404810405297,3618.1647696035075,64.58482793969493,32.292413969847466,32.292413969847466,32.292413969847466,0.0,2.701851217221259,5690.80862443994,48.63332190998266,24.31666095499133,24.31666095499133,24.31666095499133,0.0,1.949358868961793,4759.536185386135,39.46137351892354,19.73068675946177,19.73068675946177,19.73068675946177,0.0,2.9154759474226504,4306.766478461538,60.03998667554816,30.01999333777408,30.01999333777408,30.01999333777408,0.0,2.9154759474226504,5847.4826806071005,32.56992477731565,16.284962388657824,16.284962388657824,16.284962388657824,0.0,0.5477225575051662,3076.5334875473077,48.38181476546741,24.190907382733705,24.190907382733705,24.190907382733705,0.0,2.04939015319192,4934.337919113364,53.74755808406555,26.873779042032776,26.873779042032776,26.873779042032776,0.0,1.9235384061671348,5185.637038976022,31.736414416250618,15.868207208125309,15.868207208125309,15.868207208125309,0.0,1.0954451150103321,2890.3034961747526,23.426480742954116,11.713240371477058,11.713240371477058,11.713240371477058,0.0,0.8366600265340757,1911.063395076155,51.66430102111128,25.83215051055564,25.83215051055564,25.83215051055564,0.0,1.9235384061671346,5143.066662993977,28.234730386529282,14.117365193264641,14.117365193264641,14.117365193264641,0.0,0.44721359549995804,2692.6058567863215,52.9792412176694,26.4896206088347,26.4896206088347,26.4896206088347,0.0,1.140175425099138,5476.53605849537,17.515707236649053,8.757853618324527,8.757853618324527,8.757853618324527,0.0,1.51657508881031,2237.934829256652,60.24284189843636,30.12142094921818,30.12142094921818,30.12142094921818,0.0,2.302172886644268,5957.628949506675,50.071948234515496,25.035974117257748,25.035974117257748,25.035974117257748,0.0,1.5165750888103098,4803.360906698559
0.0,36.29325006113396,18.14662503056698,18.14662503056698,18.14662503056698,0.0,1.6431676725154984,3538.369073457431,33.544000953970894,16.772000476985447,16.772000476985447,16.772000476985447,0.0,0.8366600265340757,4043.3734059569615,52.12293161363816,26.06146580681908,26.06146580681908,26.06146580681908,0.0,2.701851217221259,4960.572497202314,49.58628842734653,24.793144213673266,24.793144213673266,24.793144213673266,0.0,3.0495901363953815,4553.654213925339,38.481164223552284,19.240582111776142,19.240582111776142,19.240582111776142,0.0,1.3038404810405297,3616.934655201833,64.97076265521284,32.48538132760642,32.48538132760642,32.48538132760642,0.0,2.701851217221259,5690.375883893787,48.63332190998266,24.31666095499133,24.31666095499133,24.31666095499133,0.0,1.949358868961793,4762.308893803509,39.95997997997497,19.979989989987484,19.979989989987484,19.979989989987484,0.0,2.9154759474226504,4304.558339713843,60.249481325568276,30.124740662784138,30.124740662784138,30.124740662784138,0.0,2.9154759474226504,5850.948495756906,32.56992477731565,16.284962388657824,16.284962388657824,16.284962388657824,0.0,0.5477225575051662,3072.704460243451,47.23134552392087,23.615672761960436,23.615672761960436,23.615672761960436,0.0,1.8708286933869707,4933.853139281711,53.74755808406555,26.873779042032776,26.873779042032776,26.873779042032776,0.0,1.9235384061671348,5187.6505568513385,31.189741903388686,15.594870951694343,15.594870951694343,15.594870951694343,0.0,1.0954451150103321,2892.030048253303,23.366642891095847,11.683321445547923,11.683321445547923,11.683321445547923,0.0,0.8366600265340757,1908.4384192318073,51.81891546530089,25.909457732650445,25.909457732650445,25.909457732650445,0.0,1.9235384061671346,5144.249828692226,28.65658737533135,14.328293687665674,14.328293687665674,14.328293687665674,0.0,0.44721359549995804,2697.438136454662,52.9792412176694,26.4896206088347,26.4896206088347,26.4896206088347,0.0,1.140175425099138,5479.149413914536,17.064583206161235,8.532291603080617,8.532291603080617,8.532291603080617,0.0,1.0954451150103321,2235.169009269769,61.58571262882325,30.792856314411626,30.792856314411626,30.792856314411626,0.0,2.302172886644268,5955.776213055692,50.071948234515496,25.035974117257748,25.035974117257748,25.035974117257748,0.0,1.5165750888103098,4799.970229074343
0.0,35.988887173681825,17.994443586840912,17.994443586840912,17.994443586840912,0.0,1.6431676725154984,3539.8122407834007,33.12400941915094,16.56200470957547,16.56200470957547,16.56200470957547,0.0,0.8366600265340757,4043.4416899468206,52.12293161363816,26.06146580681908,26.06146580681908,26.06146580681908,0.0,2.701851217221259,4962.23248145429,49.26662156064692,24.63331078032346,24.63331078032346,24.63331078032346,0.0,2.9664793948382653,4557.075816793045,38.34057902536163,19.170289512680814,19.170289512680814,19.170289512680814,0.0,1.3038404810405297,3615.5587673276727,65.0384501660364,32.5192250830182,32.5192250830182,32.5192250830182,0.0,2.701851217221259,5689.52777478061,48.070781146139076,24.035390573069538,24.035390573069538,24.035390573069538,0.0,1.9235384061671346,4799.516048519892,40.422765862815474,20.211382931407737,20.211382931407737,20.211382931407737,0.0,2.9154759474226504,4308.3415370650455,61.06717612596803,30.533588062984016,30.533588062984016,30.533588062984016,0.0,2.9154759474226504,5850.954648602226,32.56992477731565,16.284962388657824,16.284962388657824,16.284962388657824,0.0,0.5477225575051662,3072.2979998691535,46.85296148590823,23.426480742954116,23.426480742954116,23.426480742954116,0.0,1.8708286933869707,4932.763758786751,54.21438923385562,27.10719461692781,27.10719461692781,27.10719461692781,0.0,1.9235384061671348,5192.724795326631,31.79308100829487,15.896540504147435,15.896540504147435,15.896540504147435,0.0,1.0954451150103321,2897.608375885189,23.004347415216976,11.502173707608488,11.502173707608488,11.502173707608488,0.0,0.8366600265340757,1908.2199296726778,51.81891546530089,25.909457732650445,25.909457732650445,25.909457732650445,0.0,1.9235384061671346,5142.057681512334,28.65658737533135,14.328293687665674,14.328293687665674,14.328293687665674,0.0,0.44721359549995804,2695.0194247908494,52.91502622129181,26.457513110645905,26.457513110645905,26.457513110645905,0.0,1.140175425099138,5482.838252219374,17.26267650163207,8.631338250816034,8.631338250816034,8.631338250816034,0.0,1.0954451150103321,2228.7983309397914,60.52107071095157,30.260535355475785,30.260535355475785,30.260535355475785,0.0,2.04939015319192,5955.2991276677285,49.347745642531635,24.673872821265817,24.673872821265817,24.673872821265817,0.0,1.5165750888103098,4795.950687819882
0.0,35.988887173681825,17.994443586840912,17.994443586840912,17.994443586840912,0.0,1.6431676725154984,3538.9166845236696,33.12400941915094,16.56200470957547,16.56200470957547,16.56200470957547,0.0,0.8366600265340757,4044.9207037963056,51.47037983151086,25.73518991575543,25.73518991575543,25.73518991575543,0.0,2.701851217221259,4962.399238271746,49.26662156064692,24.63331078032346,24.63331078032346,24.63331078032346,0.0,2.9664793948382653,4553.122302332763,38.34057902536163,19.170289512680814,19.170289512680814,19.170289512680814,0.0,1.3038404810405297,3617.2573588286473,65.16747655080715,32.583738275403576,32.583738275403576,32.583738275403576,0.0,2.792848008753788,5689.528161455922,48.45616575834287,24.228082879171435,24.228082879171435,24.228082879171435,0.0,1.9235384061671346,4800.1156965223245,40.422765862815474,20.211382931407737,20.211382931407737,20.211382931407737,0.0,2.9154759474226504,4310.634268875057,60.34235659965561,30.171178299827805,30.171178299827805,30.171178299827805,0.0,2.9154759474226504,5850.809106439895,32.56992477731565,16.284962388657824,16.284962388657824,16.284962388657824,0.0,0.5477225575051662,3073.3353217636372,45.96520423102676,22.98260211551338,22.98260211551338,22.98260211551338,0.0,1.8708286933869707,4927.868484446394,54.77225575051661,27.386127875258303,27.386127875258303,27.386127875258303,0.0,1.9235384061671348,5194.56719082543,44.330576355378014,22.165288177689007,22.165288177689007,22.165288177689007,0.0,2.1908902300206643,3905.22159422484,22.333830840229805,11.166915420114902,11.166915420114902,11.166915420114902,0.0,0.8366600265340757,1909.7642001042955,51.66042973108141,25.830214865540704,25.830214865540704,25.830214865540704,0.0,1.9235384061671346,5142.536368369212,28.319604517012593,14.159802258506296,14.159802258506296,14.159802258506296,0.0,0.44721359549995804,2700.3248508281367,52.91502622129181,26.457513110645905,26.457513110645905,26.457513110645905,0.0,1.140175425099138,5477.722227349613,16.087262041752165,8.043631020876083,8.043631020876083,8.043631020876083,0.0,1.0954451150103321,2228.6696704536544,60.166435825965294,30.083217912982647,30.083217912982647,30.083217912982647,0.0,2.04939015319192,5955.441419407968,49.23413450036468,24.61706725018234,24.61706725018234,24.61706725018234,0.0,1.5165750888103098,4796.132191672786
0.0,35.832945734337834,17.916472867168917,17.916472867168917,17.916472867168917,0.0,1.224744871391589,3543.0813566724655,49.32747712989181,24.663738564945906,24.663738564945906,24.663738564945906,0.0,1.5165750888103098,5196.2206265708155,51.94227565288221,25.971137826441105,25.971137826441105,25.971137826441105,0.0,2.701851217221259,4959.255619546143,48.69496893930624,24.34748446965312,24.34748446965312,24.34748446965312,0.0,2.588435821108957,4554.470309487153,38.81752181682906,19.40876090841453,19.40876090841453,19.40876090841453,0.0,1.3038404810405297,3621.7034942137384,63.79028139144708,31.89514069572354,31.89514069572354,31.89514069572354,0.0,2.387467277262665,5689.849233503468,48.45616575834287,24.228082879171435,24.228082879171435,24.228082879171435,0.0,1.9235384061671346,4801.400701878567,41.54515615568198,20.77257807784099,20.77257807784099,20.77257807784099,0.0,3.3466401061363023,4388.786392614706,62.52999280345393,31.264996401726965,31.264996401726965,31.264996401726965,0.0,3.7815340802378077,5956.129086915426,39.104986894256854,19.552493447128427,19.552493447128427,19.552493447128427,0.0,0.7071067811865477,3380.8184364144727,45.307835966861184,22.653917983430592,22.653917983430592,22.653917983430592,0.0,1.8708286933869707,4929.920770154426,54.65162394659467,27.325811973297334,27.325811973297334,27.325811973297334,0.0,1.9235384061671348,5192.837933153701,44.70794112906565,22.353970564532826,22.353970564532826,22.353970564532826,0.0,2.1908902300206643,3906.5999027287144,22.333830840229805,11.166915420114902,11.166915420114902,11.166915420114902,0.0,0.8366600265340757,1911.9835773353284,52.42899960899502,26.21449980449751,26.21449980449751,26.21449980449751,0.0,1.9235384061671346,5142.183339788655,28.319604517012593,14.159802258506296,14.159802258506296,14.159802258506296,0.0,0.44721359549995804,2699.294685654014,52.91502622129181,26.457513110645905,26.457513110645905,26.457513110645905,0.0,1.140175425099138,5480.748899557432,15.231546211727817,7.615773105863909,7.615773105863909,7.615773105863909,0.0,1.0954451150103321,2232.033221078934,60.00999916680553,30.004999583402764,30.004999583402764,30.004999583402764,0.0,2.04939015319192,5955.280791029084,48.30320900312939,24.151604501564695,24.151604501564695,24.151604501564695,0.0,1.5165750888103098,4795.993463298298
0.0,36.07214992206592,18.03607496103296,18.03607496103296,18.03607496103296,0.0,1.224744871391589,3543.023186489188,49.66689037980937,24.833445189904683,24.833445189904683,24.833445189904683,0.0,1.5165750888103098,5196.058871875876,51.95382565317014,25.97691282658507,25.97691282658507,25.97691282658507,0.0,2.701851217221259,5010.051726279879,48.133148660772235,24.066574330386118,24.066574330386118,24.066574330386118,0.0,2.588435821108957,4557.471667492843,38.81752181682906,19.40876090841453,19.40876090841453,19.40876090841453,0.0,1.3038404810405297,3619.472641145392,63.79028139144708,31.89514069572354,31.89514069572354,31.89514069572354,0.0,2.387467277262665,5691.56592687812,47.82049769711729,23.910248848558645,23.910248848558645,23.910248848558645,0.0,1.5811388300841898,4803.520344497356,40.899877750428544,20.449938875214272,20.449938875214272,20.449938875214272,0.0,2.9154759474226504,4390.791921738037,61.796440026914176,30.898220013457088,30.898220013457088,30.898220013457088,0.0,3.3466401061363023,5955.965245029558,39.104986894256854,19.552493447128427,19.552493447128427,19.552493447128427,0.0,0.7071067811865477,3378.837566382853,45.307835966861184,22.653917983430592,22.653917983430592,22.653917983430592,0.0,1.8708286933869707,4925.22960886089,55.29195239815646,27.64597619907823,27.64597619907823,27.64597619907823,0.0,1.9235384061671348,5194.751745752631,44.70794112906565,22.353970564532826,22.353970564532826,22.353970564532826,0.0,2.1908902300206643,3903.6286068221193,22.27105745132009,11.135528725660045,11.135528725660045,11.135528725660045,0.0,0.8366600265340757,1914.2996891813987,52.592775169218825,26.296387584609413,26.296387584609413,26.296387584609413,0.0,1.9235384061671346,5141.582178668353,29.277978072264485,14.638989036132243,14.638989036132243,14.638989036132243,0.0,0.44721359549995804,2695.823473449254,52.31825685169566,26.15912842584783,26.15912842584783,26.15912842584783,0.0,1.140175425099138,5484.052497925234,15.231546211727817,7.615773105863909,7.615773105863909,7.615773105863909,0.0,1.0954451150103321,2229.929191700938,60.00999916680553,30.004999583402764,30.004999583402764,30.004999583402764,0.0,2.04939015319192,5956.659735120012,48.36527680061389,24.182638400306946,24.182638400306946,24.182638400306946,0.0,1.643167672515498,4794.770328180485
0.0,35.400564967243106,17.700282483621553,17.700282483621553,17.700282483621553,0.0,1.224744871391589,3547.218656919813,49.66689037980937,24.833445189904683,24.833445189904683,24.833445189904683,0.0,1.5165750888103098,5191.177929911476,51.95382565317014,25.97691282658507,25.97691282658507,25.97691282658507,0.0,2.701851217221259,5010.750223269964,48.133148660772235,24.066574330386118,24.066574330386118,24.066574330386118,0.0,2.588435821108957,4554.596392656544,38.848423391432505,19.424211695716252,19.424211695716252,19.424211695716252,0.0,1.3038404810405297,3619.8230205356726,63.85922016435841,31.929610082179206,31.929610082179206,31.929610082179206,0.0,2.387467277262665,5692.909142081929,47.82049769711729,23.910248848558645,23.910248848558645,23.910248848558645,0.0,1.5811388300841898,4805.668767195675,40.899877750428544,20.449938875214272,20.449938875214272,20.449938875214272,0.0,2.9154759474226504,4393.934774208648,62.21896816887917,31.109484084439586,31.109484084439586,31.109484084439586,0.0,3.3466401061363023,5954.98534842866,39.104986894256854,19.552493447128427,19.552493447128427,19.552493447128427,0.0,0.7071067811865477,3378.1361281037803,45.00222216735525,22.501111083677625,22.501111083677625,22.501111083677625,0.0,1.8708286933869707,4931.896825765924,54.35071296680477,27.175356483402386,27.175356483402386,27.175356483402386,0.0,1.9235384061671348,5197.697682628338,44.70794112906565,22.353970564532826,22.353970564532826,22.353970564532826,0.0,2.1908902300206643,3900.504544286546,23.004347415216976,11.502173707608488,11.502173707608488,11.502173707608488,0.0,0.8366600265340757,1914.0017763837106,52.56614880319843,26.283074401599215,26.283074401599215,26.283074401599215,0.0,1.9235384061671346,5139.6985806562625,30.541774670113718,15.270887335056859,15.270887335056859,15.270887335056859,0.0,0.7071067811865477,2698.5270611946808,51.69912958648337,25.849564793241687,25.849564793241687,25.849564793241687,0.0,1.140175425099138,5483.909025503614,15.231546211727817,7.615773105863909,7.615773105863909,7.615773105863909,0.0,1.0954451150103321,2229.2595856023586,60.00999916680553,30.004999583402764,30.004999583402764,30.004999583402764,0.0,2.04939015319192,5953.225151126068,48.15391988197846,24.07695994098923,24.07695994098923,24.07695994098923,0.0,1.643167672515498,4794.39000290965
0.0,35.400564967243106,17.700282483621553,17.700282483621553,17.700282483621553,0.0,1.224744871391589,3547.1477696876404,49.8196748283246,24.9098374141623,24.9098374141623,24.9098374141623,0.0,1.5165750888103098,5189.689663168695,52.26853738148792,26.13426869074396,26.13426869074396,26.13426869074396,0.0,2.7928480087537886,5012.177849996946,48.133148660772235,24.066574330386118,24.066574330386118,24.066574330386118,0.0,2.588435821108957,4552.8749708288715,38.18376618407357,19.091883092036785,19.091883092036785,19.091883092036785,0.0,0.9999999999999998,3616.781511233434,63.53581667059927,31.767908335299634,31.767908335299634,31.767908335299634,0.0,2.387467277262665,5691.712923189292,47.1932198520084,23.5966099260042,23.5966099260042,23.5966099260042,0.0,1.5811388300841898,4808.2876577842135,40.899877750428544,20.449938875214272,20.449938875214272,20.449938875214272,0.0,2.9154759474226504,4394.069332634614,62.427558017273114,31.213779008636557,31.213779008636557,31.213779008636557,0.0,3.3466401061363023,5952.973416705302,40.17461885320133,20.087309426600665,20.087309426600665,20.087309426600665,0.0,0.7071067811865477,3377.515166509249,45.42246140402345,22.711230702011726,22.711230702011726,22.711230702011726,0.0,1.8708286933869707,4926.476702472061,54.39485269765881,27.197426348829406,27.197426348829406,27.197426348829406,0.0,1.9235384061671348,5196.720648639871,44.70794112906565,22.353970564532826,22.353970564532826,22.353970564532826,0.0,2.1908902300206643,3898.6647457815607,30.63984334163607,15.319921670818035,15.319921670818035,15.319921670818035,0.0,0.547722557505166,2930.573663977754,51.815055727076086,25.907527863538043,25.907527863538043,25.907527863538043,0.0,1.9235384061671346,5141.892326760645,30.541774670113718,15.270887335056859,15.270887335056859,15.270887335056859,0.0,0.7071067811865477,2697.9671606600405,52.24174575949774,26.12087287974887,26.12087287974887,26.12087287974887,0.0,1.140175425099138,5484.237476623345,15.974980438172686,7.987490219086343,7.987490219086343,7.987490219086343,0.0,1.2247448713915892,2228.4997868521323,60.65311203887234,30.32655601943617,30.32655601943617,30.32655601943617,0.0,2.04939015319192,5950.490778078729,47.43416490252569,23.717082451262844,23.717082451262844,23.717082451262844,0.0,1.643167672515498,4794.571232133276
0.0,34.94567212116545,17.472836060582726,17.472836060582726,17.472836060582726,0.0,1.224744871391589,3549.8170093682297,48.485049242008614,24.242524621004307,24.242524621004307,24.242524621004307,0.0,1.5165750888103098,5185.029768477708,52.26853738148792,26.13426869074396,26.13426869074396,26.13426869074396,0.0,2.7928480087537886,5016.831240932866,48.133148660772235,24.066574330386118,24.066574330386118,24.066574330386118,0.0,2.588435821108957,4556.527153436046,37.66696165076233,18.833480825381166,18.833480825381166,18.833480825381166,0.0,0.9999999999999998,3616.4791856168617,64.02499511909392,32.01249755954696,32.01249755954696,32.01249755954696,0.0,2.387467277262665,5690.232218459982,46.916947897321705,23.458473948660853,23.458473948660853,23.458473948660853,0.0,1.5811388300841898,4807.341957880675,41.70371686073077,20.851858430365386,20.851858430365386,20.851858430365386,0.0,3.3466401061363023,4453.53088009952,62.31211760163508,31.15605880081754,31.15605880081754,31.15605880081754,0.0,2.9154759474226504,5952.596282295651,40.50678955434508,20.25339477717254,20.25339477717254,20.25339477717254,0.0,0.7071067811865477,3380.802020231294,44.975548912714785,22.487774456357393,22.487774456357393,22.487774456357393,0.0,1.8708286933869707,4923.876552067487,53.769880044500745,26.884940022250372,26.884940022250372,26.884940022250372,0.0,1.9235384061671348,5194.492920391749,44.70794112906565,22.353970564532826,22.353970564532826,22.353970564532826,0.0,2.1908902300206643,3902.2436751182004,29.9866637023861,14.99333185119305,14.99333185119305,14.99333185119305,0.0,0.547722557505166,2926.884299045659,51.815055727076086,25.907527863538043,25.907527863538043,25.907527863538043,0.0,1.9235384061671346,5141.099152904951,29.549957698785292,14.774978849392646,14.774978849392646,14.774978849392646,0.0,0.7071067811865477,2701.1900525509122,52.24174575949774,26.12087287974887,26.12087287974887,26.12087287974887,0.0,1.140175425099138,5484.868485205457,16.88786546606764,8.44393273303382,8.44393273303382,8.44393273303382,0.0,1.2247448713915892,2226.5298785329605,61.16207975535168,30.58103987767584,30.58103987767584,30.58103987767584,0.0,2.04939015319192,5951.712551862699,47.7619095095663,23.88095475478315,23.88095475478315,23.88095475478315,0.0,1.643167672515498,4796.481033007428
0.0,33.68679266418815,16.843396332094073,16.843396332094073,16.843396332094073,0.0,1.224744871391589,3553.478464828512,48.88762624632127,24.443813123160634,24.443813123160634,24.443813123160634,0.0,1.5165750888103098,5182.150403066279,52.44806955456035,26.224034777280174,26.224034777280174,26.224034777280174,0.0,2.7928480087537886,5014.555583498901,48.133148660772235,24.066574330386118,24.066574330386118,24.066574330386118,0.0,2.588435821108957,4559.507023791059,38.2517973433929,19.12589867169645,19.12589867169645,19.12589867169645,0.0,0.9999999999999998,3618.3282327616434,64.02499511909392,32.01249755954696,32.01249755954696,32.01249755954696,0.0,2.387467277262665,5687.667782140585,46.916947897321705,23.458473948660853,23.458473948660853,23.458473948660853,0.0,1.5811388300841898,4810.9040210754565,41.05118755894889,20.525593779474445,20.525593779474445,20.525593779474445,0.0,2.9154759474226504,4458.981352282156,64.28996811322898,32.14498405661449,32.14498405661449,32.14498405661449,0.0,3.7815340802378077,6013.359435457022,40.0599550673737,20.02997753368685,20.02997753368685,20.02997753368685,0.0,0.7071067811865477,3378.8185361158417,44.67661580737735,22.338307903688676,22.338307903688676,22.338307903688676,0.0,1.6431676725154982,4922.5454797289585,53.08483775994799,26.542418879973994,26.542418879973994,26.542418879973994,0.0,1.5165750888103104,5191.4749156670305,44.70794112906565,22.353970564532826,22.353970564532826,22.353970564532826,0.0,2.1908902300206643,3902.6582863479093,29.9866637023861,14.99333185119305,14.99333185119305,14.99333185119305,0.0,0.547722557505166,2924.1581181598235,51.633322573702344,25.816661286851172,25.816661286851172,25.816661286851172,0.0,1.9235384061671346,5137.38014945361,29.549957698785292,14.774978849392646,14.774978849392646,14.774978849392646,0.0,0.7071067811865477,2698.2438177451645,52.24174575949774,26.12087287974887,26.12087287974887,26.12087287974887,0.0,1.140175425099138,5485.75254636955,16.272676485446393,8.136338242723197,8.136338242723197,8.136338242723197,0.0,1.2247448713915892,2225.70993168472,61.864367773379854,30.932183886689927,30.932183886689927,30.932183886689927,0.0,2.04939015319192,6051.5297817989795,47.84558495828011,23.922792479140053,23.922792479140053,23.922792479140053,0.0,1.643167672515498,4796.401651238145
0.0,33.34666400106613,16.673332000533065,16.673332000533065,16.673332000533065,0.0,1.30384048104053,3554.619177914844,48.0499739854248,24.0249869927124,24.0249869927124,24.0249869927124,0.0,1.5165750888103098,5180.149727565797,51.7803051362195,25.89015256810975,25.89015256810975,25.89015256810975,0.0,2.387467277262665,5014.161844216837,49.650780457108624,24.825390228554312,24.825390228554312,24.825390228554312,0.0,2.588435821108957,4556.266596677591,38.12086043100287,19.060430215501434,19.060430215501434,19.060430215501434,0.0,0.9999999999999998,3618.1911502849043,64.02499511909392,32.01249755954696,32.01249755954696,32.01249755954696,0.0,2.387467277262665,5686.626390048848,46.29038777111292,23.14519388555646,23.14519388555646,23.14519388555646,0.0,1.5811388300841898,4808.4504572679125,46.355150738618036,23.177575369309018,23.177575369309018,23.177575369309018,0.0,3.1144823004794873,4611.833171310514,63.55470084895373,31.777350424476865,31.777350424476865,31.777350424476865,0.0,3.3466401061363023,6012.188228922976,40.0599550673737,20.02997753368685,20.02997753368685,20.02997753368685,0.0,0.7071067811865477,3376.5523541032208,44.059051283476364,22.029525641738182,22.029525641738182,22.029525641738182,0.0,1.6431676725154982,4918.566732291024,53.41160922496157,26.705804612480787,26.705804612480787,26.705804612480787,0.0,1.5165750888103104,5190.433873964681,43.87710108929258,21.93855054464629,21.93855054464629,21.93855054464629,0.0,1.7888543819998317,3901.383511012472,30.046630426721727,15.023315213360863,15.023315213360863,15.023315213360863,0.0,0.547722557505166,2926.0535196745805,51.633322573702344,25.816661286851172,25.816661286851172,25.816661286851172,0.0,1.9235384061671346,5136.192188771755,29.305289624912426,14.652644812456213,14.652644812456213,14.652644812456213,0.0,0.547722557505166,2697.8319628916847,52.24940191045253,26.124700955226263,26.124700955226263,26.124700955226263,0.0,1.140175425099138,5487.385306318483,16.272676485446393,8.136338242723197,8.136338242723197,8.136338242723197,0.0,1.2247448713915892,2223.4579375378344,61.864367773379854,30.932183886689927,30.932183886689927,30.932183886689927,0.0,2.04939015319192,6052.7315156051645,48.11236847215069,24.056184236075346,24.056184236075346,24.056184236075346,0.0,1.643167672515498,4799.797933246774
0.0,33.34666400106613,16.673332000533065,16.673332000533065,16.673332000533065,0.0,1.30384048104053,3558.48615284646,48.199585060454616,24.099792530227308,24.099792530227308,24.099792530227308,0.0,1.5165750888103098,5180.8348072487315,51.11946791585374,25.55973395792687,25.55973395792687,25.55973395792687,0.0,2.387467277262665,5014.360457725392,49.650780457108624,24.825390228554312,24.825390228554312,24.825390228554312,0.0,2.588435821108957,4556.041340901112,38.12086043100287,19.060430215501434,19.060430215501434,19.060430215501434,0.0,0.9999999999999998,3619.8653013613643,64.55075522408704,32.27537761204352,32.27537761204352,32.27537761204352,0.0,2.387467277262665,5688.301038095646,47.53104248804143,23.765521244020714,23.765521244020714,23.765521244020714,0.0,1.5811388300841898,4806.5844422000955,46.195237849804386,23.097618924902193,23.097618924902193,23.097618924902193,0.0,3.1144823004794873,4607.3419452000735,63.97499511527922,31.98749755763961,31.98749755763961,31.98749755763961,0.0,3.3466401061363023,6009.484046072508,40.0599550673737,20.02997753368685,20.02997753368685,20.02997753368685,0.0,0.7071067811865477,3375.1581000006504,44.43872185380673,22.219360926903367,22.219360926903367,22.219360926903367,0.0,1.6431676725154982,4919.595023983174,53.751279054549016,26.875639527274508,26.875639527274508,26.875639527274508,0.0,1.5165750888103104,5193.951029803805,44.39369324577535,22.196846622887676,22.196846622887676,22.196846622887676,0.0,2.0,3901.431211747812,29.3598365118064,14.6799182559032,14.6799182559032,14.6799182559032,0.0,0.547722557505166,2924.600263283856,51.633322573702344,25.816661286851172,25.816661286851172,25.816661286851172,0.0,1.9235384061671346,5140.427686486797,29.785902705810344,14.892951352905172,14.892951352905172,14.892951352905172,0.0,0.547722557505166,2699.157220318965,52.25705693970911,26.128528469854555,26.128528469854555,26.128528469854555,0.0,1.140175425099138,5493.576458009846,16.73320053068151,8.366600265340756,8.366600265340756,8.366600265340756,0.0,1.2247448713915892,2226.1311057527587,61.864367773379854,30.932183886689927,30.932183886689927,30.932183886689927,0.0,2.04939015319192,6055.01132946917,48.11236847215069,24.056184236075346,24.056184236075346,24.056184236075346,0.0,1.643167672515498,4798.788680490109
0.0,33.027261466854924,16.513630733427462,16.513630733427462,16.513630733427462,0.0,1.30384048104053,3554.1304562438336,48.199585060454616,24.099792530227308,24.099792530227308,24.099792530227308,0.0,1.5165750888103098,5184.375516877611,50.801574778740864,25.400787389370432,25.400787389370432,25.400787389370432,0.0,2.387467277262665,5013.510077779838,49.650780457108624,24.825390228554312,24.825390228554312,24.825390228554312,0.0,2.588435821108957,4558.583135141883,39.16631205513228,19.58315602756614,19.58315602756614,19.58315602756614,0.0,0.9999999999999998,3623.6390962677287,64.55075522408704,32.27537761204352,32.27537761204352,32.27537761204352,0.0,2.387467277262665,5692.1379814617985,47.862302493716285,23.931151246858143,23.931151246858143,23.931151246858143,0.0,1.5811388300841898,4806.76686557607,46.57467122803982,23.28733561401991,23.28733561401991,23.28733561401991,0.0,3.1144823004794873,4607.491454142916,64.11552074186093,32.05776037093047,32.05776037093047,32.05776037093047,0.0,3.391164991562634,6010.411325358689,40.0599550673737,20.02997753368685,20.02997753368685,20.02997753368685,0.0,0.7071067811865477,3381.7311690907663,44.43872185380673,22.219360926903367,22.219360926903367,22.219360926903367,0.0,1.6431676725154982,4915.280185299715,52.92636394085654,26.46318197042827,26.46318197042827,26.46318197042827,0.0,1.5165750888103104,5191.392616629954,37.815340802378074,18.907670401189037,18.907670401189037,18.907670401189037,0.0,1.9235384061671343,3308.915486983613,29.3598365118064,14.6799182559032,14.6799182559032,14.6799182559032,0.0,0.547722557505166,2923.08937598562,51.83435154412564,25.91717577206282,25.91717577206282,25.91717577206282,0.0,1.9235384061671346,5141.247689034249,29.785902705810344,14.892951352905172,14.892951352905172,14.892951352905172,0.0,0.547722557505166,2697.455745698157,52.28001530221658,26.14000765110829,26.14000765110829,26.14000765110829,0.0,1.140175425099138,5492.494360488684,16.946976131451887,8.473488065725943,8.473488065725943,8.473488065725943,0.0,1.2247448713915892,2228.0609731333657,61.48821025204751,30.744105126023754,30.744105126023754,30.744105126023754,0.0,2.04939015319192,6056.812032744619,48.394214530251446,24.197107265125723,24.197107265125723,24.197107265125723,0.0,1.643167672515498,4798.22458832431
0.0,32.4468796650772,16.2234398325386,16.2234398325386,16.2234398325386,0.0,0.8944271909999159,3554.700310856036,48.365276800613884,24.182638400306942,24.182638400306942,24.182638400306942,0.0,1.5165750888103098,5186.981154775868,50.97057974949863,25.485289874749316,25.485289874749316,25.485289874749316,0.0,2.387467277262665,5013.691683779528,49.650780457108624,24.825390228554312,24.825390228554312,24.825390228554312,0.0,2.588435821108957,4557.597470159031,39.25812017914256,19.62906008957128,19.62906008957128,19.62906008957128,0.0,0.9999999999999998,3620.407463256035,65.44310506080835,32.721552530404175,32.721552530404175,32.721552530404175,0.0,2.387467277262665,5692.69701459686,47.862302493716285,23.931151246858143,23.931151246858143,23.931151246858143,0.0,1.5811388300841898,4802.117574570619,47.06166167912051,23.530830839560256,23.530830839560256,23.530830839560256,0.0,3.4351128074635335,4669.305248107045,63.38138527990691,31.690692639953454,31.690692639953454,31.690692639953454,0.0,2.949576240750525,6008.155224359637,40.708721424284505,20.354360712142253,20.354360712142253,20.354360712142253,0.0,0.7071067811865477,3381.187187956325,44.11349000022555,22.056745000112777,22.056745000112777,22.056745000112777,0.0,1.6431676725154982,4918.022397264982,53.28039038896018,26.64019519448009,26.64019519448009,26.64019519448009,0.0,1.5165750888103104,5193.8501807426055,36.704223190254275,18.352111595127138,18.352111595127138,18.352111595127138,0.0,1.8708286933869707,3306.3542611160105,29.441467354736247,14.720733677368123,14.720733677368123,14.720733677368123,0.0,0.547722557505166,2922.77996092761,51.99230712326584,25.99615356163292,25.99615356163292,25.99615356163292,0.0,1.9235384061671346,5138.10193554001,29.785902705810344,14.892951352905172,14.892951352905172,14.892951352905172,0.0,0.547722557505166,2696.471991324961,51.81891546530089,25.909457732650445,25.909457732650445,25.909457732650445,0.0,1.140175425099138,5492.756120564612,16.946976131451887,8.473488065725943,8.473488065725943,8.473488065725943,0.0,1.2247448713915892,2228.6131337672764,61.48821025204751,30.744105126023754,30.744105126023754,30.744105126023754,0.0,2.04939015319192,6055.168065380184,48.97754587563571,24.488772937817856,24.488772937817856,24.488772937817856,0.0,1.643167672515498,4798.2927484679385
0.0,32.78414250823102,16.39207125411551,16.39207125411551,16.39207125411551,0.0,0.8944271909999159,3555.984294116047,48.641546028061235,24.320773014030618,24.320773014030618,24.320773014030618,0.0,1.5165750888103098,5185.5671049558305,50.307057159011,25.1535285795055,25.1535285795055,25.1535285795055,0.0,2.387467277262665,5010.63545870182,50.525241216643394,25.262620608321697,25.262620608321697,25.262620608321697,0.0,2.588435821108957,4562.244929856353,39.25812017914256,19.62906008957128,19.62906008957128,19.62906008957128,0.0,0.9999999999999998,3619.3601644489595,65.8574217533605,32.92871087668025,32.92871087668025,32.92871087668025,0.0,2.387467277262665,5691.110111393031,47.720016764456396,23.860008382228198,23.860008382228198,23.860008382228198,0.0,1.5811388300841898,4801.583884511443,47.467883879524265,23.733941939762133,23.733941939762133,23.733941939762133,0.0,3.4351128074635335,4665.664079206732,63.38138527990691,31.690692639953454,31.690692639953454,31.690692639953454,0.0,2.949576240750525,6011.821562554896,40.65464303127012,20.32732151563506,20.32732151563506,20.32732151563506,0.0,0.7071067811865477,3382.8950323650306,43.64401448079679,21.822007240398396,21.822007240398396,21.822007240398396,0.0,1.6431676725154982,4919.678414286853,52.71432442894436,26.35716221447218,26.35716221447218,26.35716221447218,0.0,1.5165750888103104,5197.326091366598,36.704223190254275,18.352111595127138,18.352111595127138,18.352111595127138,0.0,1.8708286933869707,3304.377520804788,29.441467354736247,14.720733677368123,14.720733677368123,14.720733677368123,0.0,0.547722557505166,2923.972041590001,52.56614880319843,26.283074401599215,26.283074401599215,26.283074401599215,0.0,1.9235384061671346,5140.271909150332,29.785902705810344,14.892951352905172,14.892951352905172,14.892951352905172,0.0,0.547722557505166,2696.965924886705,51.30302135352264,25.65151067676132,25.65151067676132,25.65151067676132,0.0,1.140175425099138,5494.451182784319,17.640861656959956,8.820430828479978,8.820430828479978,8.820430828479978,0.0,1.3038404810405297,2231.347126737568,61.48821025204751,30.744105126023754,30.744105126023754,30.744105126023754,0.0,2.04939015319192,6053.296845521455,49.266621560646925,24.633310780323463,24.633310780323463,24.633310780323463,0.0,1.643167672515498,4798.444716780637
0.0,32.66802718255267,16.334013591276335,16.334013591276335,16.334013591276335,0.0,0.8944271909999159,3553.176705428538,48.641546028061235,24.320773014030618,24.320773014030618,24.320773014030618,0.0,1.5165750888103098,5186.449218877979,50.9431055197855,25.47155275989275,25.47155275989275,25.47155275989275,0.0,2.387467277262665,5009.998752494855,49.103971326156504,24.551985663078252,24.551985663078252,24.551985663078252,0.0,2.23606797749979,4567.5755822974625,38.351010416936866,19.175505208468433,19.175505208468433,19.175505208468433,0.0,0.8366600265340758,3620.1149843616845,66.1362230551458,33.0681115275729,33.0681115275729,33.0681115275729,0.0,2.387467277262665,5691.57981583321,48.158073051151035,24.079036525575518,24.079036525575518,24.079036525575518,0.0,1.5811388300841898,4802.5134773366335,46.97658991455212,23.48829495727606,23.48829495727606,23.48829495727606,0.0,3.1144823004794873,4665.307835502391,63.096751104949924,31.548375552474962,31.548375552474962,31.548375552474962,0.0,2.949576240750525,6011.755874950346,40.65464303127012,20.32732151563506,20.32732151563506,20.32732151563506,0.0,0.7071067811865477,3381.3190029927673,43.64401448079679,21.822007240398396,21.822007240398396,21.822007240398396,0.0,1.6431676725154982,4919.386496302156,52.71432442894436,26.35716221447218,26.35716221447218,26.35716221447218,0.0,1.5165750888103104,5193.788578677419,36.704223190254275,18.352111595127138,18.352111595127138,18.352111595127138,0.0,1.8708286933869707,3304.851781850436,29.583779339360955,14.791889669680478,14.791889669680478,14.791889669680478,0.0,0.547722557505166,2922.271205757604,52.56614880319843,26.283074401599215,26.283074401599215,26.283074401599215,0.0,1.9235384061671346,5139.561197222969,30.086541841826886,15.043270920913443,15.043270920913443,15.043270920913443,0.0,0.547722557505166,2699.3074482170423,52.184288823361385,26.092144411680692,26.092144411680692,26.092144411680692,0.0,1.140175425099138,5490.8741289525115,17.640861656959956,8.820430828479978,8.820430828479978,8.820430828479978,0.0,1.3038404810405297,2231.8072273384187,61.48821025204751,30.744105126023754,30.744105126023754,30.744105126023754,0.0,2.04939015319192,6052.527348141435,48.85488716597348,24.42744358298674,24.42744358298674,24.42744358298674,0.0,1.643167672515498,4796.186245341188
0.0,32.66802718255267,16.334013591276335,16.334013591276335,16.334013591276335,0.0,0.8944271909999159,3550.941959536934,48.641546028061235,24.320773014030618,24.320773014030618,24.320773014030618,0.0,1.5165750888103098,5184.346554774285,50.62805546334957,25.314027731674784,25.314027731674784,25.314027731674784,0.0,2.387467277262665,5005.2220430266625,48.9979591411724,24.4989795705862,24.4989795705862,24.4989795705862,0.0,2.23606797749979,4569.168305063844,38.961519477556315,19.480759738778158,19.480759738778158,19.480759738778158,0.0,0.8366600265340758,3617.7449882488954,66.1362230551458,33.0681115275729,33.0681115275729,33.0681115275729,0.0,2.387467277262665,5690.096949964913,48.60864120709403,24.304320603547016,24.304320603547016,24.304320603547016,0.0,1.5811388300841898,4802.232397541793,46.92547282660026,23.46273641330013,23.46273641330013,23.46273641330013,0.0,3.271085446759225,4680.782124816322,63.096751104949924,31.548375552474962,31.548375552474962,31.548375552474962,0.0,2.949576240750525,6007.483999146398,40.4623281584241,20.23116407921205,20.23116407921205,20.23116407921205,0.0,0.7071067811865477,3381.370240006261,43.60275220671282,21.80137610335641,21.80137610335641,21.80137610335641,0.0,1.6431676725154982,4920.3783391117395,52.9830161466861,26.49150807334305,26.49150807334305,26.49150807334305,0.0,1.5165750888103104,5194.246894401536,37.266607036326775,18.633303518163387,18.633303518163387,18.633303518163387,0.0,1.8708286933869707,3306.0538713094193,29.49576240750525,14.747881203752625,14.747881203752625,14.747881203752625,0.0,0.547722557505166,2923.0186451680393,52.390838893837156,26.195419446918578,26.195419446918578,26.195419446918578,0.0,1.9235384061671346,5139.990204270822,29.3393933134276,14.6696966567138,14.6696966567138,14.6696966567138,0.0,0.547722557505166,2695.3019867910903,52.184288823361385,26.092144411680692,26.092144411680692,26.092144411680692,0.0,1.140175425099138,5493.605464537838,17.640861656959956,8.820430828479978,8.820430828479978,8.820430828479978,0.0,1.3038404810405297,2226.1658294026524,61.30252849597641,30.651264247988205,30.651264247988205,30.651264247988205,0.0,2.04939015319192,6052.624951209185,48.85488716597348,24.42744358298674,24.42744358298674,24.42744358298674,0.0,1.643167672515498,4795.024838308974
0.0,32.66802718255267,16.334013591276335,16.334013591276335,16.334013591276335,0.0,0.8944271909999159,3550.0295350884053,48.641546028061235,24.320773014030618,24.320773014030618,24.320773014030618,0.0,1.5165750888103098,5183.209401519487,50.61620293937506,25.30810146968753,25.30810146968753,25.30810146968753,0.0,2.0,5005.069879632051,48.9979591411724,24.4989795705862,24.4989795705862,24.4989795705862,0.0,2.23606797749979,4564.735808346415,38.961519477556315,19.480759738778158,19.480759738778158,19.480759738778158,0.0,0.8366600265340758,3613.7295554592906,66.6243198839583,33.31215994197915,33.31215994197915,33.31215994197915,0.0,2.6457513110645907,5687.8420072994295,48.31148931672465,24.155744658362327,24.155744658362327,24.155744658362327,0.0,1.5811388300841898,4802.934342670114,46.505913602465654,23.252956801232827,23.252956801232827,23.252956801232827,0.0,3.271085446759225,4684.190453002525,63.488581650561386,31.744290825280693,31.744290825280693,31.744290825280693,0.0,2.949576240750525,6009.371489598559,41.221353689562406,20.610676844781203,20.610676844781203,20.610676844781203,0.0,0.7071067811865477,3381.754234121693,43.60275220671282,21.80137610335641,21.80137610335641,21.80137610335641,0.0,1.6431676725154982,4917.10608996796,53.59850744190551,26.799253720952755,26.799253720952755,26.799253720952755,0.0,1.5165750888103104,5193.7975509255275,36.91612113968638,18.45806056984319,18.45806056984319,18.45806056984319,0.0,1.8708286933869707,3302.573496532666,29.482198018465315,14.741099009232657,14.741099009232657,14.741099009232657,0.0,0.547722557505166,2923.0035921975873,50.88025157170511,25.440125785852555,25.440125785852555,25.440125785852555,0.0,1.9235384061671346,5133.961842476042,28.600699292150182,14.300349646075091,14.300349646075091,14.300349646075091,0.0,0.547722557505166,2698.2037914138364,51.75712511336,25.87856255668,25.87856255668,25.87856255668,0.0,1.140175425099138,5495.914009516525,16.769019053003667,8.384509526501834,8.384509526501834,8.384509526501834,0.0,0.8944271909999159,2222.3959368213395,61.81585557120438,30.90792778560219,30.90792778560219,30.90792778560219,0.0,2.04939015319192,6053.479685271935,48.22032766375608,24.11016383187804,24.11016383187804,24.11016383187804,0.0,1.643167672515498,4796.587432748412
0.0,32.04996099841621,16.024980499208105,16.024980499208105,16.024980499208105,0.0,0.8944271909999159,3550.604131693647,48.81393243736874,24.40696621868437,24.40696621868437,24.40696621868437,0.0,1.5165750888103098,5183.5090913395725,50.61620293937506,25.30810146968753,25.30810146968753,25.30810146968753,0.0,2.0,5004.363266190815,48.9979591411724,24.4989795705862,24.4989795705862,24.4989795705862,0.0,2.23606797749979,4562.229630345233,39.5828245581338,19.7914122790669,19.7914122790669,19.7914122790669,0.0,0.8366600265340758,3616.7808614844225,65.93329962924652,32.96664981462326,32.96664981462326,32.96664981462326,0.0,2.2803508501982757,5687.94956904507,48.216179856973326,24.108089928486663,24.108089928486663,24.108089928486663,0.0,1.4832396974191326,4805.240347786987,45.99130352577539,22.995651762887697,22.995651762887697,22.995651762887697,0.0,2.9154759474226504,4680.533270899802,63.89053137985315,31.945265689926575,31.945265689926575,31.945265689926575,0.0,2.949576240750525,6007.9145882743705,41.36181814185638,20.68090907092819,20.68090907092819,20.68090907092819,0.0,0.7071067811865477,3382.7046575188915,43.32204981299938,21.66102490649969,21.66102490649969,21.66102490649969,0.0,1.6431676725154982,4916.575261297237,53.88877434122991,26.944387170614956,26.944387170614956,26.944387170614956,0.0,1.5165750888103104,5196.2470591764595,36.91612113968638,18.45806056984319,18.45806056984319,18.45806056984319,0.0,1.8708286933869707,3304.5258661417674,29.49576240750525,14.747881203752625,14.747881203752625,14.747881203752625,0.0,0.547722557505166,2919.215870743375,51.29522394921383,25.647611974606914,25.647611974606914,25.647611974606914,0.0,1.9235384061671346,5134.069175614992,28.376046236218325,14.188023118109163,14.188023118109163,14.188023118109163,0.0,0.547722557505166,2701.763442642601,51.75712511336,25.87856255668,25.87856255668,25.87856255668,0.0,1.140175425099138,5498.48042644511,17.052858997833766,8.526429498916883,8.526429498916883,8.526429498916883,0.0,0.8944271909999159,2222.2084285683013,62.48199740725323,31.240998703626616,31.240998703626616,31.240998703626616,0.0,2.04939015319192,6054.578457663258,47.99166594316142,23.99583297158071,23.99583297158071,23.99583297158071,0.0,1.643167672515498,4798.4286282073635
0.0,32.04996099841621,16.024980499208105,16.024980499208105,16.024980499208105,0.0,0.8944271909999159,3551.0293155647137,48.81393243736874,24.40696621868437,24.40696621868437,24.40696621868437,0.0,1.5165750888103098,5181.709013443345,50.46979294588001,25.234896472940004,25.234896472940004,25.234896472940004,0.0,2.0,5001.7855311878375,48.77704378086068,24.38852189043034,24.38852189043034,24.38852189043034,0.0,2.23606797749979,4561.836987442668,40.21442527253125,20.107212636265626,20.107212636265626,20.107212636265626,0.0,0.8366600265340758,3611.4232651407674,65.24722216309289,32.62361108154644,32.62361108154644,32.62361108154644,0.0,2.2803508501982757,5690.808396001397,48.77704378086068,24.38852189043034,24.38852189043034,24.38852189043034,0.0,1.4832396974191326,4806.637733384949,47.04040816149452,23.52020408074726,23.52020408074726,23.52020408074726,0.0,2.9154759474226504,4683.746662662275,63.614463764147224,31.807231882073612,31.807231882073612,31.807231882073612,0.0,2.949576240750525,6009.46272972884,41.52107898405339,20.760539492026695,20.760539492026695,20.760539492026695,0.0,0.7071067811865477,3385.2762516521457,43.977266854592045,21.988633427296023,21.988633427296023,21.988633427296023,0.0,1.6431676725154982,4919.473345796276,53.88877434122991,26.944387170614956,26.944387170614956,26.944387170614956,0.0,1.5165750888103104,5195.897102522335,37.48599738569057,18.742998692845283,18.742998692845283,18.742998692845283,0.0,1.8708286933869707,3306.2803420157825,30.28530997034701,15.142654985173506,15.142654985173506,15.142654985173506,0.0,0.547722557505166,2922.0610363235055,51.146847410177685,25.573423705088842,25.573423705088842,25.573423705088842,0.0,1.9235384061671346,5134.491678832482,28.376046236218325,14.188023118109163,14.188023118109163,14.188023118109163,0.0,0.547722557505166,2703.851752592956,51.30302135352264,25.65151067676132,25.65151067676132,25.65151067676132,0.0,1.140175425099138,5494.448407256183,17.378147196982766,8.689073598491383,8.689073598491383,8.689073598491383,0.0,0.8944271909999159,2225.798912750206,62.31211760163507,31.156058800817537,31.156058800817537,31.156058800817537,0.0,2.04939015319192,6054.669148681866,49.221946324784845,24.610973162392423,24.610973162392423,24.610973162392423,0.0,1.643167672515498,4801.451207707936
0.0,32.04996099841621,16.024980499208105,16.024980499208105,16.024980499208105,0.0,0.8944271909999159,3547.8520544126413,49.165028221287535,24.582514110643768,24.582514110643768,24.582514110643768,0.0,1.5165750888103098,5179.3427671858135,49.96798975344115,24.983994876720576,24.983994876720576,24.983994876720576,0.0,2.0,5003.1596516601385,48.89580759124447,24.447903795622235,24.447903795622235,24.447903795622235,0.0,2.23606797749979,4559.115670829157,40.06494727314639,20.032473636573194,20.032473636573194,20.032473636573194,0.0,0.8366600265340758,3609.4497503082102,65.65668282817828,32.82834141408914,32.82834141408914,32.82834141408914,0.0,2.2803508501982757,5686.840273825176,49.92794808521576,24.96397404260788,24.96397404260788,24.96397404260788,0.0,1.4832396974191326,4807.766997265987,46.54030511288038,23.27015255644019,23.27015255644019,23.27015255644019,0.0,2.588435821108957,4688.0159129422755,63.349822414905,31.6749112074525,31.6749112074525,31.6749112074525,0.0,2.949576240750525,6006.0065517779785,41.337634184844205,20.668817092422103,20.668817092422103,20.668817092422103,0.0,0.7071067811865477,3388.1489489100095,44.308012819353564,22.154006409676782,22.154006409676782,22.154006409676782,0.0,1.6431676725154982,4919.0609876276185,53.88877434122991,26.944387170614956,26.944387170614956,26.944387170614956,0.0,1.5165750888103104,5193.591868832205,39.01281840626232,19.50640920313116,19.50640920313116,19.50640920313116,0.0,1.8708286933869707,3304.5854051605324,30.417100453527784,15.208550226763892,15.208550226763892,15.208550226763892,0.0,0.547722557505166,2925.6275053396666,55.86770086552694,27.93385043276347,27.93385043276347,27.93385043276347,0.0,2.073644135332772,5418.000489110351,28.376046236218325,14.188023118109163,14.188023118109163,14.188023118109163,0.0,0.547722557505166,2705.598325694337,51.87677707799512,25.93838853899756,25.93838853899756,25.93838853899756,0.0,1.140175425099138,5489.529715740685,15.722595205626837,7.861297602813418,7.861297602813418,7.861297602813418,0.0,0.8944271909999159,2231.5370935747405,62.31211760163507,31.156058800817537,31.156058800817537,31.156058800817537,0.0,2.04939015319192,6055.1606254499975,49.221946324784845,24.610973162392423,24.610973162392423,24.610973162392423,0.0,1.643167672515498,4801.687224299392
0.0,31.949960876345376,15.974980438172688,15.974980438172688,15.974980438172688,0.0,0.8944271909999159,3547.6154949486845,49.165028221287535,24.582514110643768,24.582514110643768,24.582514110643768,0.0,1.5165750888103098,5180.251219776894,50.1398045468867,25.06990227344335,25.06990227344335,25.06990227344335,0.0,2.0,5003.198047249379,48.89580759124447,24.447903795622235,24.447903795622235,24.447903795622235,0.0,2.23606797749979,4557.235697218216,39.93494710150497,19.967473550752484,19.967473550752484,19.967473550752484,0.0,0.8366600265340758,3608.691909819956,65.09070594178557,32.545352970892786,32.545352970892786,32.545352970892786,0.0,2.2803508501982757,5688.542669260731,49.650780457108624,24.825390228554312,24.825390228554312,24.825390228554312,0.0,1.1401754250991378,4809.243838692316,47.172025608404816,23.586012804202408,23.586012804202408,23.586012804202408,0.0,2.588435821108957,4689.3833070031715,63.349822414905,31.6749112074525,31.6749112074525,31.6749112074525,0.0,2.949576240750525,6007.267873168301,40.899877750428544,20.449938875214272,20.449938875214272,20.449938875214272,0.0,0.7071067811865477,3387.22064530789,44.308012819353564,22.154006409676782,22.154006409676782,22.154006409676782,0.0,1.6431676725154982,4914.920009522027,54.19225036847981,27.096125184239906,27.096125184239906,27.096125184239906,0.0,1.5165750888103104,5192.976333471971,39.380198069588225,19.690099034794112,19.690099034794112,19.690099034794112,0.0,1.8708286933869707,3308.811312238883,30.62678566222711,15.313392831113555,15.313392831113555,15.313392831113555,0.0,0.547722557505166,2929.2191450965224,56.57914810245909,28.289574051229543,28.289574051229543,28.289574051229543,0.0,2.073644135332772,5420.013404042466,28.29840984931839,14.149204924659195,14.149204924659195,14.149204924659195,0.0,0.547722557505166,2707.71994489829,51.431507852677235,25.715753926338618,25.715753926338618,25.715753926338618,0.0,1.140175425099138,5487.446883569808,20.079840636817814,10.039920318408907,10.039920318408907,10.039920318408907,0.0,0.8944271909999159,2573.291413734558,62.34741373946477,31.173706869732385,31.173706869732385,31.173706869732385,0.0,2.04939015319192,6054.774000736939,49.347745642531635,24.673872821265817,24.673872821265817,24.673872821265817,0.0,1.643167672515498,4802.842564565281
0.0,32.385181796618035,16.192590898309017,16.192590898309017,16.192590898309017,0.0,0.8944271909999159,3548.6954363540417,48.59218044088987,24.296090220444935,24.296090220444935,24.296090220444935,0.0,1.0954451150103324,5181.252676718247,50.1398045468867,25.06990227344335,25.06990227344335,25.06990227344335,0.0,2.0,5004.806140101732,48.89580759124447,24.447903795622235,24.447903795622235,24.447903795622235,0.0,2.23606797749979,4555.0599008136,39.824615503479755,19.912307751739878,19.912307751739878,19.912307751739878,0.0,0.8366600265340758,3604.805722920446,64.65291950097846,32.32645975048923,32.32645975048923,32.32645975048923,0.0,2.2803508501982757,5694.049903188416,49.347745642531635,24.673872821265817,24.673872821265817,24.673872821265817,0.0,1.1401754250991378,4808.80452919434,47.172025608404816,23.586012804202408,23.586012804202408,23.586012804202408,0.0,2.588435821108957,4686.875206360844,62.60351427835342,31.30175713917671,31.30175713917671,31.30175713917671,0.0,2.949576240750525,6008.103794043509,40.899877750428544,20.449938875214272,20.449938875214272,20.449938875214272,0.0,0.7071067811865477,3393.612558911226,44.308012819353564,22.154006409676782,22.154006409676782,22.154006409676782,0.0,1.6431676725154982,4913.697416406509,54.83794306864545,27.418971534322726,27.418971534322726,27.418971534322726,0.0,1.5165750888103104,5194.250927708441,39.2530253611107,19.62651268055535,19.62651268055535,19.62651268055535,0.0,1.8708286933869707,3307.3236158561804,30.80259729308553,15.401298646542765,15.401298646542765,15.401298646542765,0.0,0.547722557505166,2929.5294502701286,55.12531179050147,27.562655895250735,27.562655895250735,27.562655895250735,0.0,1.7888543819998317,5426.327330709049,28.29840984931839,14.149204924659195,14.149204924659195,14.149204924659195,0.0,0.547722557505166,2709.5053976694717,51.431507852677235,25.715753926338618,25.715753926338618,25.715753926338618,0.0,1.140175425099138,5485.3557496301,20.079840636817814,10.039920318408907,10.039920318408907,10.039920318408907,0.0,0.8944271909999159,2574.2486670871563,62.34741373946477,31.173706869732385,31.173706869732385,31.173706869732385,0.0,2.04939015319192,6056.368342497011,49.70714234393284,24.85357117196642,24.85357117196642,24.85357117196642,0.0,1.732050807568877,4801.584915421157
0.0,32.385181796618035,16.192590898309017,16.192590898309017,16.192590898309017,0.0,0.8944271909999159,3550.366361377372,48.59218044088987,24.296090220444935,24.296090220444935,24.296090220444935,0.0,1.0954451150103324,5182.846679190887,50.1398045468867,25.06990227344335,25.06990227344335,25.06990227344335,0.0,2.0,5008.351904569007,48.89580759124447,24.447903795622235,24.447903795622235,24.447903795622235,0.0,2.23606797749979,4557.533631252763,39.96498467408689,19.982492337043446,19.982492337043446,19.982492337043446,0.0,0.8366600265340758,3605.6373500395184,65.07534095185365,32.537670475926824,32.537670475926824,32.537670475926824,0.0,2.2803508501982757,5691.603438399411,49.347745642531635,24.673872821265817,24.673872821265817,24.673872821265817,0.0,1.1401754250991378,4807.084480222914,52.86965102967864,26.43482551483932,26.43482551483932,26.43482551483932,0.0,2.8809720581775866,5085.861657575833,62.34420582540129,31.172102912700645,31.172102912700645,31.172102912700645,0.0,2.949576240750525,6010.217841309914,40.899877750428544,20.449938875214272,20.449938875214272,20.449938875214272,0.0,0.7071067811865477,3396.109347473959,44.70794112906565,22.353970564532826,22.353970564532826,22.353970564532826,0.0,1.6431676725154982,4914.529448482326,54.02591970526739,27.012959852633696,27.012959852633696,27.012959852633696,0.0,1.5165750888103104,5194.1451654723705,39.156097864828155,19.578048932414077,19.578048932414077,19.578048932414077,0.0,1.4832396974191326,3306.89617315089,30.84153044192198,15.42076522096099,15.42076522096099,15.42076522096099,0.0,0.547722557505166,2934.2010496896764,54.5820483309302,27.2910241654651,27.2910241654651,27.2910241654651,0.0,1.7888543819998317,5431.5420002058345,28.29840984931839,14.149204924659195,14.149204924659195,14.149204924659195,0.0,0.547722557505166,2707.6897348108405,51.431507852677235,25.715753926338618,25.715753926338618,25.715753926338618,0.0,1.140175425099138,5482.741677299779,19.667231630303235,9.833615815151617,9.833615815151617,9.833615815151617,0.0,0.8944271909999159,2575.669000473469,61.69278726074872,30.84639363037436,30.84639363037436,30.84639363037436,0.0,1.7888543819998317,6060.015866315863,50.07993610219566,25.03996805109783,25.03996805109783,25.03996805109783,0.0,1.732050807568877,4801.108382446703
0.0,33.454446640170275,16.727223320085137,16.727223320085137,16.727223320085137,0.0,0.8944271909999159,3554.99329113291,48.070781146139076,24.035390573069538,24.035390573069538,24.035390573069538,0.0,1.0954451150103324,5179.40206008377,49.48535136785431,24.742675683927153,24.742675683927153,24.742675683927153,0.0,1.6431676725154984,5008.12083520356,49.03060268852505,24.515301344262525,24.515301344262525,24.515301344262525,0.0,2.23606797749979,4558.282132558274,39.96498467408689,19.982492337043446,19.982492337043446,19.982492337043446,0.0,0.8366600265340758,3602.934817617438,65.07534095185365,32.537670475926824,32.537670475926824,32.537670475926824,0.0,2.2803508501982757,5691.206155113343,48.567478831003775,24.283739415501888,24.283739415501888,24.283739415501888,0.0,1.1401754250991378,4804.89274594137,53.2090217914218,26.6045108957109,26.6045108957109,26.6045108957109,0.0,2.701851217221259,5087.2602449648675,62.93488698647198,31.46744349323599,31.46744349323599,31.46744349323599,0.0,2.949576240750525,6009.868617532333,40.899877750428544,20.449938875214272,20.449938875214272,20.449938875214272,0.0,0.7071067811865477,3399.807171002497,44.70794112906565,22.353970564532826,22.353970564532826,22.353970564532826,0.0,1.6431676725154982,4916.189652566304,54.68820713828531,27.344103569142653,27.344103569142653,27.344103569142653,0.0,1.5165750888103104,5190.152666348072,39.07428822128434,19.53714411064217,19.53714411064217,19.53714411064217,0.0,1.51657508881031,3305.711980799295,30.84153044192198,15.42076522096099,15.42076522096099,15.42076522096099,0.0,0.547722557505166,2933.3523484232164,54.04812670204213,27.024063351021066,27.024063351021066,27.024063351021066,0.0,1.7888543819998317,5428.665950304918,27.568097504180443,13.784048752090222,13.784048752090222,13.784048752090222,0.0,0.547722557505166,2707.4845890604806,51.87292164511268,25.93646082255634,25.93646082255634,25.93646082255634,0.0,1.140175425099138,5484.449270437279,19.667231630303235,9.833615815151617,9.833615815151617,9.833615815151617,0.0,0.8944271909999159,2577.468001741244,61.69278726074872,30.84639363037436,30.84639363037436,30.84639363037436,0.0,1.7888543819998317,6062.0300890048375,49.52978901630815,24.764894508154075,24.764894508154075,24.764894508154075,0.0,1.30384048104053,4799.327942535288
0.0,33.704599092705436,16.852299546352718,16.852299546352718,16.852299546352718,0.0,0.8944271909999159,3556.049816861401,48.070781146139076,24.035390573069538,24.035390573069538,24.035390573069538,0.0,1.0954451150103324,5179.158599618282,49.85980344927164,24.92990172463582,24.92990172463582,24.92990172463582,0.0,1.6431676725154984,5009.06355519672,48.690861565595654,24.345430782797827,24.345430782797827,24.345430782797827,0.0,1.949358868961793,4557.601200192926,40.77744474583958,20.38872237291979,20.38872237291979,20.38872237291979,0.0,0.8366600265340758,3605.6177972713635,65.07534095185365,32.537670475926824,32.537670475926824,32.537670475926824,0.0,2.2803508501982757,5687.593533296837,48.53040284192992,24.26520142096496,24.26520142096496,24.26520142096496,0.0,1.1401754250991378,4801.334054197854,53.751279054549016,26.875639527274508,26.875639527274508,26.875639527274508,0.0,2.701851217221259,5127.314189709852,63.349822414905,31.6749112074525,31.6749112074525,31.6749112074525,0.0,2.949576240750525,6009.06471923876,40.76763422127902,20.38381711063951,20.38381711063951,20.38381711063951,0.0,0.7071067811865477,3399.9687204443517,44.9310583004674,22.4655291502337,22.4655291502337,22.4655291502337,0.0,1.6431676725154982,4918.211463530213,54.68820713828531,27.344103569142653,27.344103569142653,27.344103569142653,0.0,1.5165750888103104,5191.035802226758,39.07428822128434,19.53714411064217,19.53714411064217,19.53714411064217,0.0,1.51657508881031,3307.1058646496335,30.899838187278586,15.449919093639293,15.449919093639293,15.449919093639293,0.0,0.547722557505166,2932.205006475502,55.00909015790027,27.504545078950134,27.504545078950134,27.504545078950134,0.0,1.7888543819998317,5426.081108866693,27.371518043396865,13.685759021698432,13.685759021698432,13.685759021698432,0.0,0.547722557505166,2707.3612983863086,51.30302135352264,25.65151067676132,25.65151067676132,25.65151067676132,0.0,1.140175425099138,5483.803543162355,19.667231630303235,9.833615815151617,9.833615815151617,9.833615815151617,0.0,0.8944271909999159,2578.043929028363,60.96884450274583,30.484422251372916,30.484422251372916,30.484422251372916,0.0,1.7888543819998317,6061.179687156618,49.52978901630815,24.764894508154075,24.764894508154075,24.764894508154075,0.0,1.30384048104053,4795.5289280745665
0.0,35.17385392589217,17.586926962946084,17.586926962946084,17.586926962946084,0.0,0.8944271909999159,3557.0719419207708,48.070781146139076,24.035390573069538,24.035390573069538,24.035390573069538,0.0,1.0954451150103324,5181.0292220754745,37.405881890419316,18.702940945209658,18.702940945209658,18.702940945209658,0.0,1.3416407864998738,4044.929208280412,48.35286961494633,24.176434807473164,24.176434807473164,24.176434807473164,0.0,1.949358868961793,4558.502166282254,41.095011862755314,20.547505931377657,20.547505931377657,20.547505931377657,0.0,0.8366600265340758,3610.927277030098,65.07534095185365,32.537670475926824,32.537670475926824,32.537670475926824,0.0,2.2803508501982757,5689.218953424099,48.216179856973326,24.108089928486663,24.108089928486663,24.108089928486663,0.0,1.1401754250991378,4798.630846397751,53.751279054549016,26.875639527274508,26.875639527274508,26.875639527274508,0.0,2.701851217221259,5123.967681396907,63.349822414905,31.6749112074525,31.6749112074525,31.6749112074525,0.0,2.949576240750525,6009.350281020403,40.76763422127902,20.38381711063951,20.38381711063951,20.38381711063951,0.0,0.7071067811865477,3404.188713922893,44.66766168045961,22.333830840229805,22.333830840229805,22.333830840229805,0.0,1.6431676725154982,4916.887175846116,53.88135113376427,26.940675566882135,26.940675566882135,26.940675566882135,0.0,1.5165750888103104,5193.275459668975,39.44616584663204,19.72308292331602,19.72308292331602,19.72308292331602,0.0,1.51657508881031,3306.4879101548213,31.578473680657844,15.789236840328922,15.789236840328922,15.789236840328922,0.0,0.547722557505166,2934.8872721111456,55.00909015790027,27.504545078950134,27.504545078950134,27.504545078950134,0.0,1.7888543819998317,5427.532100319629,26.359059163786558,13.179529581893279,13.179529581893279,13.179529581893279,0.0,0.547722557505166,2708.3501066147264,50.96273148095577,25.481365740477884,25.481365740477884,25.481365740477884,0.0,1.140175425099138,5486.985420064464,20.02997753368685,10.014988766843425,10.014988766843425,10.014988766843425,0.0,0.8944271909999159,2576.4334456764063,59.79297617613628,29.89648808806814,29.89648808806814,29.89648808806814,0.0,1.7888543819998317,6060.118785964513,49.54593827954013,24.772969139770066,24.772969139770066,24.772969139770066,0.0,1.30384048104053,4794.062713398731
0.0,35.17385392589217,17.586926962946084,17.586926962946084,17.586926962946084,0.0,0.8944271909999159,3557.850095211995,48.062459362791664,24.031229681395832,24.031229681395832,24.031229681395832,0.0,1.0954451150103324,5182.850731016667,37.11064537299237,18.555322686496186,18.555322686496186,18.555322686496186,0.0,1.3416407864998738,4042.6463857230947,49.120260585628,24.560130292814,24.560130292814,24.560130292814,0.0,1.949358868961793,4560.726181212812,41.095011862755314,20.547505931377657,20.547505931377657,20.547505931377657,0.0,0.8366600265340758,3611.524359602189,65.07534095185365,32.537670475926824,32.537670475926824,32.537670475926824,0.0,2.2803508501982757,5695.128119717765,47.60252094164762,23.80126047082381,23.80126047082381,23.80126047082381,0.0,1.1401754250991378,4800.629489973164,54.302854436944656,27.151427218472328,27.151427218472328,27.151427218472328,0.0,2.701851217221259,5128.17202324571,63.77460309558971,31.887301547794856,31.887301547794856,31.887301547794856,0.0,2.949576240750525,6010.343143282254,40.76763422127902,20.38381711063951,20.38381711063951,20.38381711063951,0.0,0.7071067811865477,3403.154345603502,44.70794112906565,22.353970564532826,22.353970564532826,22.353970564532826,0.0,1.6431676725154982,4915.301435314013,53.88135113376427,26.940675566882135,26.940675566882135,26.940675566882135,0.0,1.5165750888103104,5191.700713639028,39.532265303167236,19.766132651583618,19.766132651583618,19.766132651583618,0.0,1.51657508881031,3301.074628056748,31.578473680657844,15.789236840328922,15.789236840328922,15.789236840328922,0.0,0.547722557505166,2934.2899993013643,55.00909015790027,27.504545078950134,27.504545078950134,27.504545078950134,0.0,1.7888543819998317,5429.558039104104,26.847718711279736,13.423859355639868,13.423859355639868,13.423859355639868,0.0,0.547722557505166,2708.223642906915,51.40817055682881,25.704085278414404,25.704085278414404,25.704085278414404,0.0,1.140175425099138,5489.630515799766,20.1791972090071,10.08959860450355,10.08959860450355,10.08959860450355,0.0,0.8944271909999159,2573.718671494614,59.40707028628832,29.70353514314416,29.70353514314416,29.70353514314416,0.0,1.51657508881031,6058.731690708873,49.33558553417604,24.66779276708802,24.66779276708802,24.66779276708802,0.0,1.3416407864998738,4792.531241421385
0.0,35.014282800023196,17.507141400011598,17.507141400011598,17.507141400011598,0.0,0.8944271909999159,3556.597348590363,48.062459362791664,24.031229681395832,24.031229681395832,24.031229681395832,0.0,1.0954451150103324,5186.68577224416,37.33630940518894,18.66815470259447,18.66815470259447,18.66815470259447,0.0,1.3416407864998738,4040.3238360309683,49.103971326156504,24.551985663078252,24.551985663078252,24.551985663078252,0.0,1.949358868961793,4558.819671801025,41.6076915966267,20.80384579831335,20.80384579831335,20.80384579831335,0.0,0.8366600265340758,3612.3292624012,65.9939391156491,32.99696955782455,32.99696955782455,32.99696955782455,0.0,2.2803508501982757,5691.985216073563,47.60252094164762,23.80126047082381,23.80126047082381,23.80126047082381,0.0,1.1401754250991378,4797.124211441685,53.907327887774215,26.953663943887108,26.953663943887108,26.953663943887108,0.0,2.701851217221259,5128.471867915432,63.77460309558971,31.887301547794856,31.887301547794856,31.887301547794856,0.0,2.949576240750525,6006.082983109707,40.76763422127902,20.38381711063951,20.38381711063951,20.38381711063951,0.0,0.7071067811865477,3407.20050774826,44.70794112906565,22.353970564532826,22.353970564532826,22.353970564532826,0.0,1.6431676725154982,4921.334290616723,53.411609224961566,26.705804612480783,26.705804612480783,26.705804612480783,0.0,1.5165750888103104,5189.276943852583,39.532265303167236,19.766132651583618,19.766132651583618,19.766132651583618,0.0,1.51657508881031,3307.1190332372375,31.45155004129367,15.725775020646838,15.725775020646836,15.725775020646836,0.0,0.547722557505166,2931.9122258348734,54.943607453460864,27.471803726730432,27.471803726730432,27.471803726730432,0.0,1.7888543819998317,5436.036534093567,26.855167100578615,13.427583550289308,13.427583550289308,13.427583550289308,0.0,0.547722557505166,2709.6042699995883,51.40817055682881,25.704085278414404,25.704085278414404,25.704085278414404,0.0,1.140175425099138,5487.650790638923,20.268201696253172,10.134100848126586,10.134100848126586,10.134100848126586,0.0,0.8944271909999159,2572.2257482577224,59.27900134111572,29.63950067055786,29.63950067055786,29.63950067055786,0.0,1.51657508881031,6058.1080132331745,49.72725610769209,24.863628053846046,24.863628053846046,24.863628053846046,0.0,1.3416407864998738,4795.457246186228
0.0,35.20227265390688,17.60113632695344,17.60113632695344,17.60113632695344,0.0,0.8944271909999159,3560.1395618711354,48.216179856973326,24.108089928486663,24.108089928486663,24.108089928486663,0.0,1.0954451150103324,5190.313362408863,37.159117319979494,18.579558659989747,18.579558659989747,18.579558659989747,0.0,1.3416407864998738,4037.4489718137615,48.77294331901654,24.38647165950827,24.38647165950827,24.38647165950827,0.0,1.949358868961793,4554.125678986034,42.152105522737536,21.076052761368768,21.076052761368768,21.076052761368768,0.0,0.8366600265340758,3617.5014443673685,65.86956808724345,32.934784043621725,32.934784043621725,32.934784043621725,0.0,2.2803508501982757,5692.790308802881,47.60252094164762,23.80126047082381,23.80126047082381,23.80126047082381,0.0,1.1401754250991378,4797.611457798557,53.57984695760151,26.789923478800755,26.789923478800755,26.789923478800755,0.0,2.588435821108957,5129.4221117003035,63.520075566705685,31.760037783352843,31.760037783352843,31.760037783352843,0.0,2.949576240750525,6005.005853452601,40.56106507477337,20.280532537386684,20.280532537386684,20.280532537386684,0.0,0.7071067811865477,3403.2079718994546,44.384682042344295,22.192341021172147,22.192341021172147,22.192341021172147,0.0,1.6431676725154982,4923.046485663121,50.58458263146984,25.29229131573492,25.29229131573492,25.29229131573492,0.0,1.4832396974191326,5221.897997854803,38.765964453370685,19.382982226685343,19.382982226685343,19.382982226685343,0.0,1.51657508881031,3303.9463827368627,31.45155004129367,15.725775020646838,15.725775020646836,15.725775020646836,0.0,0.547722557505166,2934.088580803245,55.670458952661775,27.835229476330888,27.835229476330888,27.835229476330888,0.0,1.7888543819998317,5433.8404006742785,27.07027890510181,13.535139452550904,13.535139452550904,13.535139452550904,0.0,0.547722557505166,2704.799160751127,50.26728558416498,25.13364279208249,25.13364279208249,25.13364279208249,0.0,0.8366600265340756,5487.474027273387,20.268201696253172,10.134100848126586,10.134100848126586,10.134100848126586,0.0,0.8944271909999159,2573.6464986473957,59.27900134111572,29.63950067055786,29.63950067055786,29.63950067055786,0.0,1.51657508881031,6053.075317555531,50.131826218481216,25.065913109240608,25.065913109240608,25.065913109240608,0.0,1.3416407864998738,4798.809362748222
0.0,34.52535300326414,17.26267650163207,17.26267650163207,17.26267650163207,0.0,0.8944271909999159,3559.841822328627,48.551004109081,24.2755020545405,24.2755020545405,24.2755020545405,0.0,1.0954451150103324,5190.120066048568,37.67227096950753,18.836135484753765,18.836135484753765,18.836135484753765,0.0,1.3416407864998738,4038.2462406346644,48.81393243736874,24.40696621868437,24.40696621868437,24.40696621868437,0.0,1.949358868961793,4556.936438003058,42.152105522737536,21.076052761368768,21.076052761368768,21.076052761368768,0.0,0.8366600265340758,3621.138867814931,65.50725150698966,32.75362575349483,32.75362575349483,32.75362575349483,0.0,2.2803508501982757,5690.107863652498,48.38594837346892,24.19297418673446,24.19297418673446,24.19297418673446,0.0,1.1401754250991378,4801.001020620595,53.807062733436766,26.903531366718383,26.903531366718383,26.903531366718383,0.0,2.588435821108957,5130.930734282037,63.2771680782255,31.63858403911275,31.63858403911275,31.63858403911275,0.0,2.949576240750525,6004.939008849299,41.31343607108951,20.656718035544756,20.656718035544756,20.656718035544756,0.0,0.7071067811865477,3404.150378582004,45.444471610967156,22.722235805483578,22.722235805483578,22.722235805483578,0.0,1.6431676725154982,4923.977711159952,51.60232552899142,25.80116276449571,25.80116276449571,25.80116276449571,0.0,1.4832396974191326,5219.095256842895,39.73914946246333,19.869574731231666,19.869574731231666,19.869574731231666,0.0,1.51657508881031,3307.4859788062595,31.667017541915754,15.833508770957877,15.833508770957877,15.833508770957877,0.0,0.547722557505166,2934.069528828518,55.670458952661775,27.835229476330888,27.835229476330888,27.835229476330888,0.0,1.7888543819998317,5435.27503443938,27.386127875258307,13.693063937629153,13.693063937629153,13.693063937629153,0.0,0.547722557505166,2707.3040464639353,49.879855653359705,24.939927826679853,24.939927826679853,24.939927826679853,0.0,1.0,5485.766008498722,19.677398201998148,9.838699100999074,9.838699100999074,9.838699100999074,0.0,0.8944271909999159,2574.5852675722354,68.16744090839849,34.083720454199245,34.083720454199245,34.083720454199245,0.0,3.7013511046643495,6636.713546628332,50.5489861421572,25.2744930710786,25.2744930710786,25.2744930710786,0.0,1.3416407864998738,4801.114381057798
0.0,33.84080377296024,16.92040188648012,16.92040188648012,16.92040188648012,0.0,0.8944271909999159,3561.9574253491573,47.69905659444429,23.849528297222147,23.849528297222147,23.849528297222147,0.0,1.0954451150103324,5192.619059780912,37.67227096950753,18.836135484753765,18.836135484753765,18.836135484753765,0.0,1.3416407864998738,4040.1961586041834,49.57015230963084,24.78507615481542,24.78507615481542,24.78507615481542,0.0,1.949358868961793,4561.061466369424,42.58168620428271,21.290843102141356,21.290843102141356,21.290843102141356,0.0,0.8366600265340758,3623.8488930969515,65.50725150698966,32.75362575349483,32.75362575349483,32.75362575349483,0.0,2.2803508501982757,5687.05281318892,48.38594837346892,24.19297418673446,24.19297418673446,24.19297418673446,0.0,1.1401754250991378,4802.973016788664,53.96295025292817,26.981475126464083,26.981475126464083,26.981475126464083,0.0,2.345207879911715,5133.2341851896845,63.708712120086055,31.854356060043028,31.854356060043028,31.854356060043028,0.0,2.949576240750525,6005.479522902397,41.91896945298155,20.959484726490775,20.959484726490775,20.959484726490775,0.0,0.7071067811865477,3398.4104078230457,45.444471610967156,22.722235805483578,22.722235805483578,22.722235805483578,0.0,1.6431676725154982,4926.361821872202,51.548035850069006,25.774017925034503,25.774017925034503,25.774017925034503,0.0,1.4832396974191326,5220.038917479447,38.41874542459709,19.209372712298546,19.209372712298546,19.209372712298546,0.0,1.140175425099138,3304.0734253342494,31.476975712415577,15.738487856207788,15.738487856207788,15.738487856207788,0.0,0.547722557505166,2934.578368352087,56.345363606955274,28.172681803477637,28.172681803477637,28.172681803477637,0.0,1.7888543819998317,5430.436372889383,27.386127875258307,13.693063937629153,13.693063937629153,13.693063937629153,0.0,0.547722557505166,2708.2036851019902,49.879855653359705,24.939927826679853,24.939927826679853,24.939927826679853,0.0,1.0,5484.788765303547,19.677398201998148,9.838699100999074,9.838699100999074,9.838699100999074,0.0,0.8944271909999159,2573.106332820313,67.64022471872784,33.82011235936392,33.82011235936392,33.82011235936392,0.0,3.286335345030997,6635.036872542609,50.35871324805669,25.179356624028344,25.179356624028344,25.179356624028344,0.0,1.3416407864998738,4799.961947765836
0.0,35.84968619109518,17.92484309554759,17.92484309554759,17.92484309554759,0.0,0.8944271909999159,3565.100349218799,47.69905659444429,23.849528297222147,23.849528297222147,23.849528297222147,0.0,1.0954451150103324,5193.0821965380055,37.67227096950753,18.836135484753765,18.836135484753765,18.836135484753765,0.0,1.3416407864998738,4039.5322377720913,49.02244383953129,24.511221919765646,24.511221919765646,24.511221919765646,0.0,1.6733200530681511,4561.260428872703,43.18796128552493,21.593980642762464,21.593980642762464,21.593980642762464,0.0,0.8366600265340758,3620.5584790195007,65.25948206965789,32.629741034828946,32.629741034828946,32.629741034828946,0.0,2.2803508501982757,5683.563890729126,49.042838417041075,24.521419208520538,24.521419208520538,24.521419208520538,0.0,1.140175425099138,4804.9829031953905,54.50504563799576,27.25252281899788,27.25252281899788,27.25252281899788,0.0,2.345207879911715,5131.623261697998,63.708712120086055,31.854356060043028,31.854356060043028,31.854356060043028,0.0,2.949576240750525,6008.4681658472655,41.79473651071388,20.89736825535694,20.89736825535694,20.89736825535694,0.0,0.7071067811865477,3400.6129300465823,44.70794112906565,22.353970564532826,22.353970564532826,22.353970564532826,0.0,1.6431676725154982,4925.431686664632,51.548035850069006,25.774017925034503,25.774017925034503,25.774017925034503,0.0,1.4832396974191326,5218.090234942282,39.02307009962184,19.51153504981092,19.51153504981092,19.51153504981092,0.0,1.140175425099138,3304.997776096075,31.476975712415577,15.738487856207788,15.738487856207788,15.738487856207788,0.0,0.547722557505166,2935.6124233283927,55.45087916345421,27.725439581727105,27.725439581727105,27.725439581727105,0.0,1.7888543819998317,5431.789557779278,26.660832695172893,13.330416347586446,13.330416347586446,13.330416347586446,0.0,0.547722557505166,2708.568219558075,49.831716807671796,24.915858403835898,24.915858403835898,24.915858403835898,0.0,1.0,5490.344315250183,19.677398201998148,9.838699100999074,9.838699100999074,9.838699100999074,0.0,0.8944271909999159,2576.3513541440734,68.43390972317744,34.21695486158872,34.21695486158872,34.21695486158872,0.0,3.286335345030997,6637.353214949465,49.62660576747114,24.81330288373557,24.81330288373557,24.81330288373557,0.0,1.3416407864998738,4794.66064492577
0.0,35.84968619109518,17.92484309554759,17.92484309554759,17.92484309554759,0.0,0.8944271909999159,3564.401534619802,47.69905659444429,23.849528297222147,23.849528297222147,23.849528297222147,0.0,1.0954451150103324,5194.145617904835,38.19947643620263,19.099738218101315,19.099738218101315,19.099738218101315,0.0,1.3416407864998738,4046.6155364699525,48.690861565595654,24.345430782797827,24.345430782797827,24.345430782797827,0.0,1.4832396974191326,4562.090124054982,43.80410939626555,21.902054698132776,21.902054698132776,21.902054698132776,0.0,0.8366600265340758,3619.572695775014,64.70548662980597,32.35274331490299,32.35274331490299,32.35274331490299,0.0,2.2803508501982757,5684.773812562818,49.4651392396706,24.7325696198353,24.7325696198353,24.7325696198353,0.0,1.140175425099138,4801.974822924419,53.807062733436766,26.903531366718383,26.903531366718383,26.903531366718383,0.0,2.16794833886788,5129.1189106902175,63.708712120086055,31.854356060043028,31.854356060043028,31.854356060043028,0.0,2.949576240750525,6007.534169690589,41.689327171351664,20.844663585675832,20.844663585675832,20.844663585675832,0.0,0.7071067811865477,3399.4491024282156,43.80410939626555,21.902054698132776,21.902054698132776,21.902054698132776,0.0,1.6431676725154982,4923.750166285857,52.459508194416,26.229754097208,26.229754097208,26.229754097208,0.0,1.4832396974191326,5220.957929345916,39.4106584568185,19.70532922840925,19.70532922840925,19.70532922840925,0.0,1.140175425099138,3305.363565479598,32.08114711166046,16.04057355583023,16.04057355583023,16.04057355583023,0.0,0.547722557505166,2936.519197962104,55.092649237443645,27.546324618721822,27.546324618721822,27.546324618721822,0.0,1.5811388300841898,5433.272973079855,26.892378102354577,13.446189051177289,13.446189051177289,13.446189051177289,0.0,0.547722557505166,2709.179359141805,49.879855653359705,24.939927826679853,24.939927826679853,24.939927826679853,0.0,1.0,5492.121356998587,18.793615937333612,9.396807968666806,9.396807968666806,9.396807968666806,0.0,0.44721359549995804,2578.8131572488924,68.63818179410057,34.31909089705029,34.31909089705029,34.31909089705029,0.0,2.8809720581775866,6758.821472712532,49.42873658106183,24.714368290530913,24.714368290530913,24.714368290530913,0.0,1.3416407864998738,4792.325510647206
0.0,36.29325006113395,18.146625030566977,18.146625030566977,18.146625030566977,0.0,0.8944271909999159,3563.5168724169107,46.14325519509866,23.07162759754933,23.07162759754933,23.07162759754933,0.0,1.0954451150103324,5193.471266888842,37.93151723830725,18.965758619153625,18.965758619153625,18.965758619153625,0.0,1.3416407864998738,4044.6319610070827,48.690861565595654,24.345430782797827,24.345430782797827,24.345430782797827,0.0,1.4832396974191326,4561.28317472178,43.3358973600409,21.66794868002045,21.66794868002045,21.66794868002045,0.0,0.8366600265340758,3621.649803611608,65.18588804334877,32.592944021674384,32.592944021674384,32.592944021674384,0.0,2.2803508501982757,5683.663677593881,48.77704378086068,24.38852189043034,24.38852189043034,24.38852189043034,0.0,0.8366600265340753,4798.422240695372,53.807062733436766,26.903531366718383,26.903531366718383,26.903531366718383,0.0,2.16794833886788,5128.6022754742835,63.15694736131569,31.578473680657844,31.578473680657844,31.578473680657844,0.0,2.5099800796022262,6005.691275781665,43.84974344280705,21.924871721403527,21.924871721403527,21.924871721403527,0.0,1.3038404810405297,4542.262574972961,44.488200682877704,22.244100341438852,22.244100341438852,22.244100341438852,0.0,1.6431676725154982,4925.828915015218,51.72233560078276,25.86116780039138,25.86116780039138,25.86116780039138,0.0,1.4832396974191326,5222.471713662028,38.76596445337069,19.382982226685346,19.382982226685346,19.382982226685346,0.0,1.140175425099138,3306.3912049241844,31.32411211830273,15.662056059151364,15.662056059151366,15.662056059151366,0.0,0.547722557505166,2934.323090595172,55.092649237443645,27.546324618721822,27.546324618721822,27.546324618721822,0.0,1.5811388300841898,5431.280254231041,26.59323222175146,13.29661611087573,13.29661611087573,13.29661611087573,0.0,0.547722557505166,2713.643897050606,50.386506130113844,25.193253065056922,25.193253065056922,25.193253065056922,0.0,1.0,5487.54218207022,18.793615937333612,9.396807968666806,9.396807968666806,9.396807968666806,0.0,0.44721359549995804,2576.3149652167917,68.22023160324215,34.11011580162108,34.11011580162108,34.11011580162108,0.0,2.8809720581775866,6761.297952316552,49.20162598939186,24.60081299469593,24.60081299469593,24.60081299469593,0.0,1.3416407864998738,4791.096669865888
0.0,36.29325006113395,18.146625030566977,18.146625030566977,18.146625030566977,0.0,0.8944271909999159,3565.876007378832,46.48870830642641,23.244354153213205,23.244354153213205,23.244354153213205,0.0,1.0954451150103324,5192.588294867984,37.68288736283355,18.841443681416774,18.841443681416774,18.841443681416774,0.0,1.3416407864998738,4043.4895573007234,48.23691532426177,24.118457662130886,24.118457662130886,24.118457662130886,0.0,1.4832396974191326,4562.33801904243,41.842562063047716,20.921281031523858,20.921281031523858,20.921281031523858,0.0,0.5477225575051661,3622.907009571182,65.18588804334877,32.592944021674384,32.592944021674384,32.592944021674384,0.0,2.2803508501982757,5683.263587059815,48.77704378086068,24.38852189043034,24.38852189043034,24.38852189043034,0.0,0.8366600265340753,4799.399462432774,53.41160922496157,26.705804612480787,26.705804612480787,26.705804612480787,0.0,1.949358868961793,5126.60113525521,63.15694736131569,31.578473680657844,31.578473680657844,31.578473680657844,0.0,2.5099800796022262,6006.70396307326,44.35312841277377,22.176564206386885,22.176564206386885,22.176564206386885,0.0,1.3038404810405297,4533.831690744595,44.488200682877704,22.244100341438852,22.244100341438852,22.244100341438852,0.0,1.6431676725154982,4924.351094306741,51.72233560078276,25.86116780039138,25.86116780039138,25.86116780039138,0.0,1.4832396974191326,5224.869347648801,39.14077158156185,19.570385790780925,19.570385790780925,19.570385790780925,0.0,1.140175425099138,3307.482985594937,31.221787264665043,15.610893632332521,15.610893632332521,15.610893632332521,0.0,0.547722557505166,2937.7851010582785,55.092649237443645,27.546324618721822,27.546324618721822,27.546324618721822,0.0,1.5811388300841898,5435.031968627231,26.847718711279736,13.423859355639868,13.423859355639868,13.423859355639868,0.0,0.547722557505166,2713.9079755953403,50.386506130113844,25.193253065056922,25.193253065056922,25.193253065056922,0.0,1.0,5489.423986175599,17.91089054179049,8.955445270895245,8.955445270895245,8.955445270895245,0.0,0.44721359549995804,2581.7362955964345,68.76917914298528,34.38458957149264,34.38458957149264,34.38458957149264,0.0,3.1304951684997055,6755.415087172661,49.01020301937138,24.50510150968569,24.50510150968569,24.50510150968569,0.0,1.3416407864998738,4792.836978241593
0.0,36.27671429443411,18.138357147217054,18.138357147217054,18.138357147217054,0.0,0.8944271909999159,3564.3713751515847,45.63770371085732,22.81885185542866,22.81885185542866,22.81885185542866,0.0,1.0954451150103324,5196.074143042995,37.45397175200516,18.72698587600258,18.72698587600258,18.72698587600258,0.0,1.3416407864998738,4038.084781180306,47.69905659444429,23.849528297222147,23.849528297222147,23.849528297222147,0.0,1.4832396974191326,4561.539356401521,42.473521163190604,21.236760581595302,21.236760581595302,21.236760581595302,0.0,0.5477225575051661,3620.853324839326,65.79361671165373,32.89680835582686,32.89680835582686,32.89680835582686,0.0,2.2803508501982757,5686.925206119736,48.77704378086068,24.38852189043034,24.38852189043034,24.38852189043034,0.0,0.8366600265340753,4799.368375109375,53.41160922496157,26.705804612480787,26.705804612480787,26.705804612480787,0.0,1.949358868961793,5126.16788644305,63.15694736131569,31.578473680657844,31.578473680657844,31.578473680657844,0.0,2.5099800796022262,6010.633602208672,44.55558326405345,22.277791632026727,22.277791632026727,22.277791632026727,0.0,1.3038404810405297,4534.123785253331,44.84194465007065,22.420972325035326,22.420972325035326,22.420972325035326,0.0,1.6431676725154982,4926.1984328688995,51.72233560078276,25.86116780039138,25.86116780039138,25.86116780039138,0.0,1.4832396974191326,5225.175480306858,39.63836525387998,19.81918262693999,19.81918262693999,19.81918262693999,0.0,1.140175425099138,3307.2722597330867,30.51556979641704,15.25778489820852,15.25778489820852,15.25778489820852,0.0,0.547722557505166,2937.2980781663955,54.96180491941654,27.48090245970827,27.48090245970827,27.48090245970827,0.0,1.5811388300841898,5433.5114981013885,26.115129714401192,13.057564857200596,13.057564857200596,13.057564857200596,0.0,0.547722557505166,2715.0839397705554,49.81164522478654,24.90582261239327,24.905822612393273,24.905822612393273,0.0,1.0,5489.400304222676,17.91089054179049,8.955445270895245,8.955445270895245,8.955445270895245,0.0,0.44721359549995804,2583.790490732559,69.37722969389885,34.68861484694943,34.68861484694943,34.68861484694943,0.0,3.5071355833500366,6789.361590017134,48.27835954131002,24.13917977065501,24.13917977065501,24.13917977065501,0.0,1.3416407864998738,4792.860388118977
0.0,37.656340767525464,18.828170383762732,18.828170383762732,18.828170383762732,0.0,0.8944271909999161,3559.834083212306,47.07440918375928,23.53720459187964,23.53720459187964,23.53720459187964,0.0,1.0954451150103324,5196.020592722857,37.45397175200516,18.72698587600258,18.72698587600258,18.72698587600258,0.0,1.3416407864998738,4042.851196865895,47.69905659444429,23.849528297222147,23.849528297222147,23.849528297222147,0.0,1.4832396974191326,4560.948859612438,42.03332011630773,21.016660058153864,21.016660058153864,21.016660058153864,0.0,0.5477225575051661,3621.024965393086,66.63932772770146,33.31966386385073,33.31966386385073,33.31966386385073,0.0,2.2803508501982757,5686.7450443993,48.77704378086068,24.38852189043034,24.38852189043034,24.38852189043034,0.0,0.8366600265340753,4799.283363169964,53.96295025292817,26.981475126464083,26.981475126464083,26.981475126464083,0.0,1.949358868961793,5125.314946420366,63.15694736131569,31.578473680657844,31.578473680657844,31.578473680657844,0.0,2.5099800796022262,6014.845367920941,45.0643983650065,22.53219918250325,22.53219918250325,22.53219918250325,0.0,1.3038404810405297,4535.670931626323,44.84194465007065,22.420972325035326,22.420972325035326,22.420972325035326,0.0,1.6431676725154982,4926.029151355075,51.72233560078276,25.86116780039138,25.86116780039138,25.86116780039138,0.0,1.4832396974191326,5225.735708969599,39.63836525387998,19.81918262693999,19.81918262693999,19.81918262693999,0.0,1.140175425099138,3305.4372328029467,30.51556979641704,15.25778489820852,15.25778489820852,15.25778489820852,0.0,0.547722557505166,2935.440137355896,55.695601262577284,27.847800631288642,27.847800631288642,27.847800631288642,0.0,1.5811388300841898,5431.875854619654,41.96665342864499,20.983326714322494,20.983326714322494,20.983326714322494,0.0,1.6431676725154982,4828.688072344288,50.27126415756818,25.13563207878409,25.13563207878409,25.13563207878409,0.0,1.0,5487.877622542252,18.35211159512714,9.17605579756357,9.17605579756357,9.17605579756357,0.0,0.44721359549995804,2590.621354038448,69.37722969389885,34.68861484694943,34.68861484694943,34.68861484694943,0.0,3.5071355833500366,6789.628745373343,48.27835954131002,24.13917977065501,24.13917977065501,24.13917977065501,0.0,1.3416407864998738,4796.5889233912885
0.0,38.79690709322072,19.39845354661036,19.39845354661036,19.39845354661036,0.0,0.8944271909999161,3560.0982711155607,61.747874457344686,30.873937228672343,30.873937228672343,30.873937228672343,0.0,2.6076809620810595,5964.010127422655,37.45397175200516,18.72698587600258,18.72698587600258,18.72698587600258,0.0,1.3416407864998738,4041.52211425349,48.133148660772235,24.066574330386118,24.066574330386118,24.066574330386118,0.0,1.4832396974191326,4564.422778402544,42.03332011630773,21.016660058153864,21.016660058153864,21.016660058153864,0.0,0.5477225575051661,3621.840733660165,66.28121905939872,33.14060952969936,33.14060952969936,33.14060952969936,0.0,2.2803508501982757,5685.7778447631945,48.641546028061235,24.320773014030618,24.320773014030618,24.320773014030618,0.0,0.8366600265340753,4799.590430442998,54.12208421707353,27.061042108536764,27.061042108536764,27.061042108536764,0.0,1.949358868961793,5123.924111459888,63.15694736131569,31.578473680657844,31.578473680657844,31.578473680657844,0.0,2.5099800796022262,6012.486407469043,44.83302354291979,22.416511771459895,22.416511771459895,22.416511771459895,0.0,1.3038404810405297,4534.503908918813,44.84194465007065,22.420972325035326,22.420972325035326,22.420972325035326,0.0,1.6431676725154982,4926.576569992595,51.0215640685387,25.51078203426935,25.51078203426935,25.51078203426935,0.0,1.4832396974191326,5224.963425709313,39.202040763205176,19.601020381602588,19.601020381602588,19.601020381602588,0.0,1.140175425099138,3302.803854303189,29.664793948382655,14.832396974191328,14.832396974191328,14.832396974191328,0.0,0.8366600265340752,2936.412147502458,55.360635834498865,27.680317917249432,27.680317917249432,27.680317917249432,0.0,1.5811388300841898,5428.781336543221,41.69892084934573,20.849460424672866,20.849460424672866,20.849460424672866,0.0,1.6431676725154982,4826.879478503684,49.39635614091387,24.698178070456937,24.698178070456937,24.698178070456937,0.0,1.0,5485.451604015844,17.75387281693772,8.87693640846886,8.87693640846886,8.87693640846886,0.0,0.44721359549995804,2595.199857429096,68.87089370699353,34.435446853496764,34.435446853496764,34.435446853496764,0.0,3.1304951684997055,6792.741397992419,48.0957378569037,24.04786892845185,24.04786892845185,24.04786892845185,0.0,1.3416407864998738,4799.134057306589
0.0,38.43435962781219,19.217179813906096,19.217179813906096,19.217179813906096,0.0,0.8944271909999161,3554.707681371283,61.98386886924694,30.99193443462347,30.99193443462347,30.99193443462347,0.0,2.6076809620810595,5962.987816522855,36.840195439221,18.4200977196105,18.4200977196105,18.4200977196105,0.0,1.0954451150103321,4039.5684546743355,48.133148660772235,24.066574330386118,24.066574330386118,24.066574330386118,0.0,1.4832396974191326,4563.017937724988,42.322570810384384,21.161285405192192,21.161285405192192,21.161285405192192,0.0,0.5477225575051661,3620.12227694038,66.28121905939872,33.14060952969936,33.14060952969936,33.14060952969936,0.0,2.2803508501982757,5681.019512376278,48.29906831399546,24.14953415699773,24.14953415699773,24.14953415699773,0.0,0.8366600265340753,4798.700886698399,53.0659966456864,26.5329983228432,26.5329983228432,26.5329983228432,0.0,1.949358868961793,5125.847178759819,63.15694736131569,31.578473680657844,31.578473680657844,31.578473680657844,0.0,2.5099800796022262,6013.668871828578,44.8241006602475,22.41205033012375,22.41205033012375,22.41205033012375,0.0,1.3038404810405297,4529.482862314417,45.5411901469428,22.7705950734714,22.7705950734714,22.7705950734714,0.0,1.6431676725154982,4930.122179013417,51.0215640685387,25.51078203426935,25.51078203426935,25.51078203426935,0.0,1.4832396974191326,5222.925664797461,39.202040763205176,19.601020381602588,19.601020381602588,19.601020381602588,0.0,1.140175425099138,3301.5685211729287,29.664793948382655,14.832396974191328,14.832396974191328,14.832396974191328,0.0,0.8366600265340752,2937.280425836117,55.360635834498865,27.680317917249432,27.680317917249432,27.680317917249432,0.0,1.5811388300841898,5423.947501589594,41.69892084934573,20.849460424672866,20.849460424672866,20.849460424672866,0.0,1.6431676725154982,4826.57137106663,49.90791520390328,24.95395760195164,24.95395760195164,24.95395760195164,0.0,1.0,5485.329552542856,18.72965562950905,9.364827814754525,9.364827814754525,9.364827814754525,0.0,0.44721359549995804,2592.7123249600986,68.98405612893461,34.492028064467306,34.492028064467306,34.492028064467306,0.0,3.1304951684997055,6796.547005649266,48.0957378569037,24.04786892845185,24.04786892845185,24.04786892845185,0.0,1.3416407864998738,4799.558125494471
0.0,38.324926614411154,19.162463307205577,19.162463307205577,19.162463307205577,0.0,0.8944271909999161,3559.940912430992,61.569472955353454,30.784736477676727,30.784736477676727,30.784736477676727,0.0,2.6076809620810595,5965.083167903026,36.840195439221,18.4200977196105,18.4200977196105,18.4200977196105,0.0,1.0954451150103321,4037.3236184383336,47.60252094164762,23.80126047082381,23.80126047082381,23.80126047082381,0.0,1.4832396974191326,4559.610586442663,42.322570810384384,21.161285405192192,21.161285405192192,21.161285405192192,0.0,0.5477225575051661,3620.839916372995,65.6140228914521,32.80701144572605,32.80701144572605,32.80701144572605,0.0,1.949358868961793,5686.357137922309,48.29906831399546,24.14953415699773,24.14953415699773,24.14953415699773,0.0,0.8366600265340753,4802.462805686266,52.65738314804487,26.328691574022436,26.328691574022436,26.328691574022436,0.0,1.816590212458495,5126.3850030991625,63.545259461269026,31.772629730634513,31.772629730634513,31.772629730634513,0.0,2.5099800796022262,6012.876449753479,44.06812907306141,22.034064536530703,22.034064536530703,22.034064536530703,0.0,1.51657508881031,4530.798086430248,46.24716207509386,23.12358103754693,23.12358103754693,23.12358103754693,0.0,1.6431676725154982,4932.153606691503,51.544155827794874,25.772077913897437,25.772077913897437,25.772077913897437,0.0,1.4832396974191326,5219.384858390881,39.824615503479755,19.912307751739878,19.912307751739878,19.912307751739878,0.0,1.140175425099138,3302.6501025691477,28.865203966021095,14.432601983010548,14.432601983010548,14.432601983010548,0.0,0.8366600265340752,2937.676258541775,55.29195239815646,27.64597619907823,27.64597619907823,27.64597619907823,0.0,1.5811388300841898,5423.476348247496,41.77559095931499,20.887795479657495,20.887795479657495,20.887795479657495,0.0,1.6431676725154982,4826.285766508237,48.75653802312055,24.378269011560274,24.378269011560274,24.378269011560274,0.0,1.0,5485.07946159397,18.72965562950905,9.364827814754525,9.364827814754525,9.364827814754525,0.0,0.44721359549995804,2598.1066760239078,68.98405612893461,34.492028064467306,34.492028064467306,34.492028064467306,0.0,3.1304951684997055,6794.8716544170275,48.61275552774189,24.306377763870945,24.306377763870945,24.306377763870945,0.0,1.3416407864998738,4795.576065500369
0.0,37.66696165076233,18.833480825381166,18.833480825381166,18.833480825381166,0.0,0.8944271909999161,3557.4548064592473,61.569472955353454,30.784736477676727,30.784736477676727,30.784736477676727,0.0,2.6076809620810595,5969.180655667912,44.27188724235731,22.135943621178654,22.135943621178654,22.135943621178654,0.0,2.9154759474226504,4680.893258770167,48.054136138318,24.027068069159,24.027068069159,24.027068069159,0.0,1.4832396974191326,4566.747781518046,42.322570810384384,21.161285405192192,21.161285405192192,21.161285405192192,0.0,0.5477225575051661,3621.431719637967,65.6140228914521,32.80701144572605,32.80701144572605,32.80701144572605,0.0,1.949358868961793,5684.851581176064,48.42726504769808,24.21363252384904,24.21363252384904,24.21363252384904,0.0,0.8366600265340753,4802.939027304011,53.751279054549016,26.875639527274508,26.875639527274508,26.875639527274508,0.0,1.816590212458495,5130.275937997877,63.545259461269026,31.772629730634513,31.772629730634513,31.772629730634513,0.0,2.5099800796022262,6009.731000635552,44.06812907306141,22.034064536530703,22.034064536530703,22.034064536530703,0.0,1.51657508881031,4527.731915650484,46.59613717895508,23.29806858947754,23.29806858947754,23.29806858947754,0.0,1.6431676725154982,4933.4692357407075,50.85272854036448,25.42636427018224,25.42636427018224,25.42636427018224,0.0,1.140175425099138,5219.0253592026165,39.81457019735363,19.907285098676816,19.907285098676816,19.907285098676816,0.0,1.3038404810405297,3298.233951677776,28.948229652260256,14.474114826130128,14.474114826130128,14.474114826130128,0.0,0.8366600265340752,2938.6205096949825,54.68820713828531,27.344103569142653,27.344103569142653,27.344103569142653,0.0,1.5811388300841898,5421.179668669911,41.77559095931499,20.887795479657495,20.887795479657495,20.887795479657495,0.0,1.6431676725154982,4825.190649083205,48.72371086031933,24.361855430159665,24.361855430159665,24.361855430159665,0.0,1.0,5480.382906330542,17.866169147301836,8.933084573650918,8.933084573650918,8.933084573650918,0.0,0.44721359549995804,2601.760211856581,69.65055635097254,34.82527817548627,34.82527817548627,34.82527817548627,0.0,3.1304951684997055,6792.5787223999105,48.61275552774189,24.306377763870945,24.306377763870945,24.306377763870945,0.0,1.3416407864998738,4794.7411087565515
0.0,37.66696165076233,18.833480825381166,18.833480825381166,18.833480825381166,0.0,0.8944271909999161,3555.8981284620627,61.410096889680936,30.705048444840468,30.705048444840468,30.705048444840468,0.0,2.1908902300206643,5969.827024294757,44.66766168045961,22.333830840229805,22.333830840229805,22.333830840229805,0.0,2.9154759474226504,4680.623751168214,47.286361670147556,23.643180835073778,23.643180835073778,23.643180835073778,0.0,1.224744871391589,4570.070108871417,44.217643537393535,22.108821768696767,22.108821768696767,22.108821768696767,0.0,0.5477225575051661,3624.8133469187073,64.59102104782058,32.29551052391029,32.29551052391029,32.29551052391029,0.0,1.949358868961793,5683.541475171973,48.42726504769808,24.21363252384904,24.21363252384904,24.21363252384904,0.0,0.8366600265340753,4800.998979379187,54.84523680320835,27.422618401604176,27.422618401604176,27.422618401604176,0.0,1.816590212458495,5132.454256980767,62.79171919927022,31.39585959963511,31.39585959963511,31.39585959963511,0.0,2.5099800796022262,6011.529023468155,44.06812907306141,22.034064536530703,22.034064536530703,22.034064536530703,0.0,1.51657508881031,4531.076284945994,46.316303824895186,23.158151912447593,23.158151912447593,23.158151912447593,0.0,1.6431676725154982,4928.199945213262,50.821255395749525,25.410627697874762,25.410627697874762,25.410627697874762,0.0,1.140175425099138,5215.387617425957,40.4623281584241,20.23116407921205,20.23116407921205,20.23116407921205,0.0,1.3038404810405297,3298.4440725893774,28.948229652260256,14.474114826130128,14.474114826130128,14.474114826130128,0.0,0.8366600265340752,2941.9352984047764,54.89990892524322,27.44995446262161,27.44995446262161,27.44995446262161,0.0,1.5811388300841898,5424.373696566268,41.535526961867234,20.767763480933617,20.767763480933617,20.767763480933617,0.0,1.6431676725154982,4826.9516778190355,47.74096773212709,23.870483866063545,23.870483866063545,23.870483866063545,0.0,1.0,5481.17548524037,18.022208521710095,9.011104260855047,9.011104260855047,9.011104260855047,0.0,0.44721359549995804,2604.6770433203424,70.44998225691756,35.22499112845878,35.22499112845878,35.22499112845878,0.0,3.1304951684997055,6795.674984870892,48.94078054138492,24.47039027069246,24.47039027069246,24.47039027069246,0.0,1.3416407864998738,4796.563843002614
0.0,36.56774535024001,18.283872675120005,18.283872675120005,18.283872675120005,0.0,0.44721359549995776,3556.360892822887,60.99836063370884,30.49918031685442,30.49918031685442,30.49918031685442,0.0,2.1908902300206643,5969.255422579939,45.838848153067715,22.919424076533858,22.919424076533858,22.919424076533858,0.0,3.3466401061363023,4724.436601331423,46.97658991455212,23.48829495727606,23.48829495727606,23.48829495727606,0.0,1.224744871391589,4566.541087081118,44.10442154705127,22.052210773525633,22.052210773525633,22.052210773525633,0.0,0.5477225575051661,3621.431526344244,64.04061211450122,32.02030605725061,32.02030605725061,32.02030605725061,0.0,1.949358868961793,5685.865941085843,48.42726504769808,24.21363252384904,24.21363252384904,24.21363252384904,0.0,0.8366600265340753,4802.807637205555,54.44997704315402,27.22498852157701,27.22498852157701,27.22498852157701,0.0,1.816590212458495,5133.531679068515,62.79171919927022,31.39585959963511,31.39585959963511,31.39585959963511,0.0,2.5099800796022262,6014.754791344366,44.06812907306141,22.034064536530703,22.034064536530703,22.034064536530703,0.0,1.51657508881031,4527.168154597309,46.316303824895186,23.158151912447593,23.158151912447593,23.158151912447593,0.0,1.6431676725154982,4926.096050626703,51.25621913485231,25.628109567426154,25.628109567426154,25.628109567426154,0.0,1.140175425099138,5213.126921531836,40.728368491752775,20.364184245876388,20.364184245876388,20.364184245876388,0.0,1.3038404810405297,3295.795700585824,28.83053936366782,14.41526968183391,14.41526968183391,14.41526968183391,0.0,0.8366600265340752,2944.630146554912,54.89990892524322,27.44995446262161,27.44995446262161,27.44995446262161,0.0,1.5811388300841898,5422.55273833275,42.02380277890139,21.011901389450696,21.011901389450696,21.011901389450696,0.0,1.6431676725154982,4829.968250413247,46.647615158762406,23.323807579381203,23.323807579381203,23.323807579381203,0.0,1.0,5481.265848323725,18.022208521710095,9.011104260855047,9.011104260855047,9.011104260855047,0.0,0.44721359549995804,2610.311188345175,70.20541289672755,35.102706448363776,35.102706448363776,35.102706448363776,0.0,3.1304951684997055,6796.020916683527,48.94078054138492,24.47039027069246,24.47039027069246,24.47039027069246,0.0,1.3416407864998738,4797.842139962506
0.0,37.159117319979494,18.579558659989747,18.579558659989747,18.579558659989747,0.0,0.44721359549995776,3557.0311075389827,60.597029630172464,30.298514815086232,30.298514815086232,30.298514815086232,0.0,2.16794833886788,5966.493752615518,45.45327270945405,22.726636354727024,22.726636354727024,22.726636354727024,0.0,2.9154759474226504,4726.205010365082,46.97658991455212,23.48829495727606,23.48829495727606,23.48829495727606,0.0,1.224744871391589,4561.167810988761,43.66692111885151,21.833460559425756,21.833460559425756,21.833460559425756,0.0,0.5477225575051661,3623.5764101230156,63.33087714535462,31.66543857267731,31.66543857267731,31.66543857267731,0.0,1.949358868961793,5686.628087012548,48.42726504769808,24.21363252384904,24.21363252384904,24.21363252384904,0.0,0.8366600265340753,4806.392150043523,55.00181815176658,27.50090907588329,27.50090907588329,27.50090907588329,0.0,1.816590212458495,5138.46156938047,62.555575291096154,31.277787645548077,31.277787645548077,31.277787645548077,0.0,2.5099800796022262,6018.175321474109,43.53389484068707,21.766947420343534,21.766947420343534,21.766947420343534,0.0,1.51657508881031,4524.576035387183,46.316303824895186,23.158151912447593,23.158151912447593,23.158151912447593,0.0,1.6431676725154982,4931.439221971615,51.25621913485231,25.628109567426154,25.628109567426154,25.628109567426154,0.0,1.140175425099138,5217.946368064739,40.728368491752775,20.364184245876388,20.364184245876388,20.364184245876388,0.0,1.3038404810405297,3296.64336864029,28.83053936366782,14.41526968183391,14.41526968183391,14.41526968183391,0.0,0.8366600265340752,2949.36032047629,69.43486156103431,34.717430780517155,34.717430780517155,34.717430780517155,0.0,3.96232255123179,7030.6393237030725,42.1283752357007,21.06418761785035,21.06418761785035,21.06418761785035,0.0,1.6431676725154982,4828.343111254626,46.647615158762406,23.323807579381203,23.323807579381203,23.323807579381203,0.0,1.0,5481.898512376893,18.16590212458495,9.082951062292475,9.082951062292475,9.082951062292475,0.0,0.44721359549995804,2610.0775467407093,70.20541289672755,35.102706448363776,35.102706448363776,35.102706448363776,0.0,3.1304951684997055,6796.105009488891,48.94078054138492,24.47039027069246,24.47039027069246,24.47039027069246,0.0,1.3416407864998738,4796.442066782419
0.0,37.078295537955896,18.539147768977948,18.539147768977948,18.539147768977948,0.0,0.44721359549995776,3558.1807430202302,60.441707454372924,30.220853727186462,30.220853727186462,30.220853727186462,0.0,2.16794833886788,5963.839426074448,46.424131655853294,23.212065827926647,23.212065827926647,23.212065827926647,0.0,2.9154759474226504,4729.536161189593,47.84558495828011,23.922792479140053,23.922792479140053,23.922792479140053,0.0,1.224744871391589,4559.623635783989,43.174066289845804,21.587033144922902,21.587033144922902,21.587033144922902,0.0,0.5477225575051661,3621.6582804013965,63.45076831686122,31.72538415843061,31.72538415843061,31.72538415843061,0.0,1.949358868961793,5686.820658329221,48.31976821136459,24.159884105682295,24.159884105682295,24.159884105682295,0.0,0.8366600265340753,4804.667813699507,55.179706414586875,27.589853207293437,27.589853207293437,27.589853207293437,0.0,1.816590212458495,5143.229802371269,62.727984185688605,31.363992092844303,31.363992092844303,31.363992092844303,0.0,2.6076809620810595,6021.933261005141,43.53389484068707,21.766947420343534,21.766947420343534,21.766947420343534,0.0,1.51657508881031,4523.569243418298,46.316303824895186,23.158151912447593,23.158151912447593,23.158151912447593,0.0,1.6431676725154982,4933.408152585796,51.25621913485231,25.628109567426154,25.628109567426154,25.628109567426154,0.0,1.140175425099138,5214.630264937295,40.728368491752775,20.364184245876388,20.364184245876388,20.364184245876388,0.0,1.3038404810405297,3298.21471405365,28.865203966021095,14.432601983010548,14.432601983010548,14.432601983010548,0.0,0.8366600265340752,2951.1486407837883,69.23005127832855,34.61502563916427,34.61502563916427,34.61502563916427,0.0,3.96232255123179,7030.911121611481,42.60516400625633,21.302582003128165,21.302582003128165,21.302582003128165,0.0,1.6431676725154982,4827.6115937386685,47.18898176481455,23.594490882407275,23.594490882407275,23.594490882407275,0.0,1.0,5480.012208015599,18.46076921474292,9.23038460737146,9.23038460737146,9.23038460737146,0.0,0.44721359549995804,2605.916153678011,69.74811825418661,34.874059127093304,34.874059127093304,34.874059127093304,0.0,3.1304951684997055,6800.8414332345665,48.94078054138492,24.47039027069246,24.47039027069246,24.47039027069246,0.0,1.3416407864998738,4798.950281051055
0.0,37.078295537955896,18.539147768977948,18.539147768977948,18.539147768977948,0.0,0.44721359549995776,3559.6835533513367,60.441707454372924,30.220853727186462,30.220853727186462,30.220853727186462,0.0,2.16794833886788,5960.692350725711,46.27310233818346,23.13655116909173,23.13655116909173,23.13655116909173,0.0,2.9154759474226504,4723.781800633895,47.84558495828011,23.922792479140053,23.922792479140053,23.922792479140053,0.0,1.224744871391589,4557.999813514696,42.694261909535335,21.347130954767668,21.347130954767668,21.347130954767668,0.0,0.5477225575051661,3624.663598183975,63.45076831686122,31.72538415843061,31.72538415843061,31.72538415843061,0.0,1.949358868961793,5685.26892064043,48.46441993875507,24.232209969377536,24.232209969377536,24.232209969377536,0.0,0.8366600265340753,4805.088677641652,54.468339427597755,27.234169713798877,27.234169713798877,27.234169713798877,0.0,1.816590212458495,5140.849132195965,61.96773353931867,30.983866769659336,30.983866769659336,30.983866769659336,0.0,2.6076809620810595,6023.394931431942,43.53389484068707,21.766947420343534,21.766947420343534,21.766947420343534,0.0,1.51657508881031,4519.58364232813,46.316303824895186,23.158151912447593,23.158151912447593,23.158151912447593,0.0,1.6431676725154982,4930.8899602404435,51.25621913485231,25.628109567426154,25.628109567426154,25.628109567426154,0.0,1.140175425099138,5212.553241934321,41.11933851608024,20.55966925804012,20.55966925804012,20.55966925804012,0.0,1.3038404810405297,3301.2545645557234,29.509320561476848,14.754660280738424,14.754660280738424,14.754660280738424,0.0,0.8366600265340752,2951.425198103452,68.32861772346928,34.16430886173464,34.16430886173464,34.16430886173464,0.0,3.5355339059327378,7031.6572370956765,43.002325518511206,21.501162759255603,21.501162759255603,21.501162759255603,0.0,1.6431676725154982,4828.995413126834,47.172025608404816,23.586012804202408,23.586012804202408,23.586012804202408,0.0,1.0,5484.103326889456,17.58408371226661,8.792041856133306,8.792041856133306,8.792041856133306,0.0,0.44721359549995804,2609.864134394739,68.33739825307956,34.16869912653978,34.16869912653978,34.16869912653978,0.0,2.7748873851023217,6803.05580603305,48.94078054138492,24.47039027069246,24.47039027069246,24.47039027069246,0.0,1.3416407864998738,4795.40921090161
0.0,37.02431633399866,18.51215816699933,18.51215816699933,18.51215816699933,0.0,0.44721359549995776,3558.6011296575516,60.554108035706385,30.277054017853192,30.277054017853192,30.277054017853192,0.0,2.16794833886788,5959.919126968083,46.138920663578595,23.069460331789298,23.069460331789298,23.069460331789298,0.0,2.9154759474226504,4723.880047164619,47.54787061478148,23.77393530739074,23.77393530739074,23.77393530739074,0.0,1.224744871391589,4558.4106001982755,42.58168620428271,21.290843102141356,21.290843102141356,21.290843102141356,0.0,0.5477225575051661,3625.0836266215983,63.58301660034699,31.791508300173493,31.791508300173493,31.791508300173493,0.0,1.949358868961793,5688.747709294199,50.047976982091896,25.023988491045948,25.023988491045948,25.023988491045948,0.0,0.8366600265340753,4806.297722779977,54.71014531145023,27.355072655725117,27.355072655725117,27.355072655725117,0.0,1.6431676725154984,5139.981488293513,62.15464584405577,31.077322922027886,31.077322922027886,31.077322922027886,0.0,2.6076809620810595,6024.653243133584,42.76914775863555,21.384573879317774,21.384573879317774,21.384573879317774,0.0,1.51657508881031,4519.05362880327,45.45327270945405,22.726636354727024,22.726636354727024,22.726636354727024,0.0,1.6431676725154982,4931.737198999963,52.744667976962376,26.372333988481188,26.372333988481188,26.372333988481188,0.0,1.140175425099138,5209.813883431922,39.88483421051165,19.942417105255824,19.942417105255824,19.942417105255824,0.0,0.9999999999999998,3301.0121175178983,29.427877939124325,14.713938969562163,14.713938969562163,14.713938969562163,0.0,0.8366600265340752,2948.7493620177356,68.32861772346928,34.16430886173464,34.16430886173464,34.16430886173464,0.0,3.5355339059327378,7029.037594151848,42.27055712904669,21.135278564523347,21.135278564523347,21.135278564523347,0.0,1.6431676725154982,4829.800068325811,46.634750991079606,23.317375495539803,23.317375495539803,23.317375495539803,0.0,1.0,5486.013561776894,17.58408371226661,8.792041856133306,8.792041856133306,8.792041856133306,0.0,0.44721359549995804,2602.0156994145905,68.33739825307956,34.16869912653978,34.16869912653978,34.16869912653978,0.0,2.7748873851023217,6802.234500515254,48.94078054138492,24.47039027069246,24.47039027069246,24.47039027069246,0.0,1.3416407864998738,4795.8142478624
0.0,37.02431633399866,18.51215816699933,18.51215816699933,18.51215816699933,0.0,0.44721359549995776,3559.0935924754776,60.554108035706385,30.277054017853192,30.277054017853192,30.277054017853192,0.0,2.16794833886788,5954.882198666905,46.74184420837501,23.370922104187503,23.370922104187503,23.370922104187503,0.0,3.3466401061363023,4817.752660733011,48.29906831399546,24.14953415699773,24.14953415699773,24.14953415699773,0.0,1.224744871391589,4557.470219321241,42.10938137755054,21.05469068877527,21.05469068877527,21.05469068877527,0.0,0.5477225575051661,3622.478460943557,64.34904816700866,32.17452408350433,32.17452408350433,32.17452408350433,0.0,1.949358868961793,5689.430577834657,49.93996395673509,24.969981978367546,24.969981978367546,24.969981978367546,0.0,0.8366600265340753,4805.3756356813565,54.52338947644396,27.26169473822198,27.26169473822198,27.26169473822198,0.0,1.6431676725154984,5141.542492287698,61.95159400693416,30.97579700346708,30.97579700346708,30.97579700346708,0.0,2.16794833886788,6025.529503703388,42.261093218230876,21.130546609115438,21.130546609115438,21.130546609115438,0.0,1.51657508881031,4522.718507711927,45.45327270945405,22.726636354727024,22.726636354727024,22.726636354727024,0.0,1.6431676725154982,4928.667385815358,52.744667976962376,26.372333988481188,26.372333988481188,26.372333988481188,0.0,1.140175425099138,5210.351120605981,40.0099987503124,20.0049993751562,20.0049993751562,20.0049993751562,0.0,0.9999999999999998,3302.325347387807,27.949955277245078,13.974977638622539,13.974977638622539,13.974977638622539,0.0,0.8366600265340752,2942.1948100015406,68.32861772346928,34.16430886173464,34.16430886173464,34.16430886173464,0.0,3.5355339059327378,7031.328878668669,42.03332011630773,21.016660058153864,21.016660058153864,21.016660058153864,0.0,1.6431676725154982,4829.659905210718,46.634750991079606,23.317375495539803,23.317375495539803,23.317375495539803,0.0,1.0,5483.199084476142,17.58408371226661,8.792041856133306,8.792041856133306,8.792041856133306,0.0,0.44721359549995804,2604.3637994719556,68.33739825307956,34.16869912653978,34.16869912653978,34.16869912653978,0.0,2.7748873851023217,6801.224683834523,48.94078054138492,24.47039027069246,24.47039027069246,24.47039027069246,0.0,1.3416407864998738,4793.436168345209
0.0,36.932370625238775,18.466185312619388,18.466185312619388,18.466185312619388,0.0,0.44721359549995776,3551.946973140224,60.388740672413434,30.194370336206717,30.194370336206717,30.194370336206717,0.0,2.16794833886788,5956.656469866295,45.795196254629154,22.897598127314577,22.897598127314577,22.897598127314577,0.0,2.9154759474226504,4821.261899129729,48.29906831399546,24.14953415699773,24.14953415699773,24.14953415699773,0.0,1.224744871391589,4561.687297481054,41.54515615568198,20.77257807784099,20.77257807784099,20.77257807784099,0.0,0.5477225575051661,3622.8593955603637,69.66491225861122,34.83245612930561,34.83245612930561,34.83245612930561,0.0,2.4899799195977463,5614.223588351287,49.93996395673509,24.969981978367546,24.969981978367546,24.969981978367546,0.0,0.8366600265340753,4804.307858578591,55.092649237443645,27.546324618721822,27.546324618721822,27.546324618721822,0.0,1.6431676725154984,5142.049620530708,62.15464584405577,31.077322922027886,31.077322922027886,31.077322922027886,0.0,2.16794833886788,6027.589426960001,41.77559095931499,20.887795479657495,20.887795479657495,20.887795479657495,0.0,1.140175425099138,4521.233150369488,45.46647116282503,22.733235581412515,22.733235581412515,22.733235581412515,0.0,1.6431676725154982,4929.240692033612,52.744667976962376,26.372333988481188,26.372333988481188,26.372333988481188,0.0,1.140175425099138,5209.2110439105845,39.18162834798982,19.59081417399491,19.59081417399491,19.59081417399491,0.0,0.9999999999999998,3302.5370853330323,28.014282071829005,14.007141035914502,14.007141035914502,14.007141035914502,0.0,0.8366600265340752,2942.250074347862,68.32861772346928,34.16430886173464,34.16430886173464,34.16430886173464,0.0,3.5355339059327378,7090.18769145077,41.318276827573534,20.659138413786767,20.659138413786767,20.659138413786767,0.0,1.6431676725154982,4826.948031624123,46.647615158762406,23.323807579381203,23.323807579381203,23.323807579381203,0.0,1.0,5482.646368315213,17.28583234906552,8.64291617453276,8.64291617453276,8.64291617453276,0.0,0.44721359549995804,2606.498321503392,68.33739825307956,34.16869912653978,34.16869912653978,34.16869912653978,0.0,2.7748873851023217,6801.636295774716,48.216179856973326,24.108089928486663,24.108089928486663,24.108089928486663,0.0,1.3416407864998738,4793.8467017625835
0.0,35.988887173681825,17.994443586840912,17.994443586840912,17.994443586840912,0.0,0.44721359549995776,3553.5981483561136,60.388740672413434,30.194370336206717,30.194370336206717,30.194370336206717,0.0,2.16794833886788,5954.9847019115,45.795196254629154,22.897598127314577,22.897598127314577,22.897598127314577,0.0,2.9154759474226504,4832.395399799151,47.7619095095663,23.88095475478315,23.88095475478315,23.88095475478315,0.0,1.224744871391589,4562.095603996041,42.152105522737536,21.076052761368768,21.076052761368768,21.076052761368768,0.0,0.5477225575051661,3620.829283465322,69.66491225861122,34.83245612930561,34.83245612930561,34.83245612930561,0.0,2.4899799195977463,5616.770976281657,50.40634880647477,25.203174403237384,25.203174403237384,25.203174403237384,0.0,0.8366600265340753,4804.554734832355,54.78320910644063,27.391604553220315,27.391604553220315,27.391604553220315,0.0,1.6431676725154984,5138.812771448284,62.15464584405577,31.077322922027886,31.077322922027886,31.077322922027886,0.0,2.16794833886788,6025.433328815447,42.506470095739544,21.253235047869772,21.253235047869772,21.253235047869772,0.0,1.140175425099138,4521.6832374681,45.46647116282503,22.733235581412515,22.733235581412515,22.733235581412515,0.0,1.6431676725154982,4932.844108625368,52.065343559799935,26.032671779899967,26.032671779899967,26.032671779899967,0.0,1.140175425099138,5209.722334251606,39.18162834798982,19.59081417399491,19.59081417399491,19.59081417399491,0.0,0.9999999999999998,3305.123189837256,28.014282071829005,14.007141035914502,14.007141035914502,14.007141035914502,0.0,0.8366600265340752,2942.960295348886,68.36080748499099,34.18040374249549,34.18040374249549,34.18040374249549,0.0,3.5355339059327378,7086.68591091774,41.41497313774331,20.707486568871655,20.707486568871655,20.707486568871655,0.0,1.6431676725154982,4822.107993398738,46.67761776269222,23.33880888134611,23.33880888134611,23.33880888134611,0.0,1.0,5480.49972174071,17.412639087743134,8.706319543871567,8.706319543871567,8.706319543871567,0.0,0.44721359549995804,2611.167401757306,68.33739825307956,34.16869912653978,34.16869912653978,34.16869912653978,0.0,2.7748873851023217,6802.5898965026545,48.216179856973326,24.108089928486663,24.108089928486663,24.108089928486663,0.0,1.3416407864998738,4789.823044748105
0.0,35.59775273805918,17.79887636902959,17.79887636902959,17.79887636902959,0.0,0.44721359549995776,3549.8820825486587,60.24284189843636,30.12142094921818,30.12142094921818,30.12142094921818,0.0,1.7320508075688772,5957.850828948304,45.795196254629154,22.897598127314577,22.897598127314577,22.897598127314577,0.0,2.9154759474226504,4837.171983711143,47.51841748206689,23.759208741033444,23.759208741033444,23.759208741033444,0.0,1.224744871391589,4562.7767313336735,41.70371686073077,20.851858430365386,20.851858430365386,20.851858430365386,0.0,0.5477225575051661,3621.999337382601,69.66491225861122,34.83245612930561,34.83245612930561,34.83245612930561,0.0,2.4899799195977463,5616.048183553983,50.40634880647477,25.203174403237384,25.203174403237384,25.203174403237384,0.0,0.8366600265340753,4803.532689594191,54.0,27.0,27.0,27.0,0.0,1.5811388300841898,5138.973944281095,62.15464584405577,31.077322922027886,31.077322922027886,31.077322922027886,0.0,2.16794833886788,6023.345723101074,42.261093218230876,21.130546609115438,21.130546609115438,21.130546609115438,0.0,1.140175425099138,4521.444979207422,45.838848153067715,22.919424076533858,22.919424076533858,22.919424076533858,0.0,1.6431676725154982,4932.980508779657,51.83820984563413,25.919104922817066,25.919104922817066,25.919104922817066,0.0,1.140175425099138,5210.10943263191,37.72002120890178,18.86001060445089,18.86001060445089,18.86001060445089,0.0,0.9999999999999998,3305.4360529285696,28.014282071829005,14.007141035914502,14.007141035914502,14.007141035914502,0.0,0.8366600265340752,2941.1935502445263,69.07097798641627,34.53548899320813,34.53548899320813,34.53548899320813,0.0,3.96232255123179,7157.95988393341,42.717677839508085,21.358838919754042,21.358838919754042,21.358838919754042,0.0,1.6431676725154982,4823.3472091484355,47.12536472007405,23.562682360037027,23.562682360037027,23.562682360037027,0.0,1.0,5484.754935272861,17.412639087743134,8.706319543871567,8.706319543871567,8.706319543871567,0.0,0.44721359549995804,2607.9966832800997,75.40026525152282,37.70013262576141,37.70013262576141,37.70013262576141,0.0,3.7416573867739413,7116.910298718117,47.49736834815167,23.748684174075834,23.748684174075834,23.748684174075834,0.0,1.3416407864998738,4789.631593348282
0.0,35.59775273805918,17.79887636902959,17.79887636902959,17.79887636902959,0.0,0.44721359549995776,3550.383951067828,59.58858951175132,29.79429475587566,29.79429475587566,29.79429475587566,0.0,1.7320508075688772,5958.716204015761,46.27310233818346,23.13655116909173,23.13655116909173,23.13655116909173,0.0,2.9154759474226504,4836.839494959492,46.97658991455212,23.48829495727606,23.48829495727606,23.48829495727606,0.0,1.224744871391589,4562.070231813623,41.70371686073077,20.851858430365386,20.851858430365386,20.851858430365386,0.0,0.5477225575051661,3615.751830532621,69.66491225861122,34.83245612930561,34.83245612930561,34.83245612930561,0.0,2.4899799195977463,5613.388237063245,50.96273148095577,25.481365740477884,25.481365740477884,25.481365740477884,0.0,0.8366600265340753,4805.618877938616,54.0,27.0,27.0,27.0,0.0,1.5811388300841898,5135.043602541267,62.727984185688605,31.363992092844303,31.363992092844303,31.363992092844303,0.0,2.2360679774997894,6024.398268707008,42.506470095739544,21.253235047869772,21.253235047869772,21.253235047869772,0.0,1.140175425099138,4520.230436603869,45.838848153067715,22.919424076533858,22.919424076533858,22.919424076533858,0.0,1.6431676725154982,4931.143204166758,51.83820984563413,25.919104922817066,25.919104922817066,25.919104922817066,0.0,1.140175425099138,5208.218284595991,37.05671329192593,18.528356645962965,18.528356645962965,18.528356645962965,0.0,0.9999999999999998,3304.7808096755825,28.014282071829005,14.007141035914502,14.007141035914502,14.007141035914502,0.0,0.8366600265340752,2940.279969662753,68.21143599133507,34.10571799566753,34.10571799566753,34.10571799566753,0.0,3.5355339059327378,7154.106911418085,42.51117500140404,21.25558750070202,21.25558750070202,21.25558750070202,0.0,1.6431676725154982,4821.110141865668,47.60252094164762,23.80126047082381,23.80126047082381,23.80126047082381,0.0,1.0,5484.910819694336,16.52876280911551,8.264381404557755,8.264381404557755,8.264381404557755,0.0,0.44721359549995804,2605.027063199152,75.49304603736691,37.746523018683455,37.746523018683455,37.746523018683455,0.0,3.286335345030997,7122.759001959845,46.788887569592845,23.394443784796422,23.394443784796422,23.394443784796422,0.0,1.3416407864998738,4792.634119145754
0.0,35.12833614050059,17.564168070250297,17.564168070250297,17.564168070250297,0.0,0.44721359549995776,3550.229541874722,59.89991652748775,29.949958263743873,29.949958263743873,29.949958263743873,0.0,1.7320508075688772,5956.738058702934,46.76323342113973,23.381616710569865,23.381616710569865,23.381616710569865,0.0,2.9154759474226504,4836.97200736163,45.92602747897971,22.963013739489856,22.963013739489856,22.963013739489856,0.0,1.224744871391589,4561.777033130839,42.322570810384384,21.161285405192192,21.161285405192192,21.161285405192192,0.0,0.5477225575051661,3613.103001576346,70.20541289672755,35.102706448363776,35.102706448363776,35.102706448363776,0.0,2.4899799195977463,5615.776820707889,51.760989171382725,25.880494585691363,25.880494585691363,25.880494585691363,0.0,0.8366600265340753,4809.749400956353,54.52338947644396,27.26169473822198,27.26169473822198,27.26169473822198,0.0,1.7888543819998317,5133.567229519839,61.96773353931867,30.983866769659336,30.983866769659336,30.983866769659336,0.0,2.2360679774997894,6023.706682766019,42.53469172334507,21.267345861672535,21.267345861672535,21.267345861672535,0.0,1.0954451150103321,4518.429450594532,45.506043554675244,22.753021777337622,22.753021777337622,22.753021777337622,0.0,1.6431676725154982,4934.490723468836,51.36925150320959,25.684625751604795,25.684625751604795,25.684625751604795,0.0,1.140175425099138,5207.387185527882,37.72532306024694,18.86266153012347,18.86266153012347,18.86266153012347,0.0,0.9999999999999998,3305.8935705796703,28.014282071829005,14.007141035914502,14.007141035914502,14.007141035914502,0.0,0.8366600265340752,2937.8079753448833,68.26419266350405,34.132096331752024,34.132096331752024,34.132096331752024,0.0,3.5355339059327378,7150.336565505151,42.600469480981076,21.300234740490538,21.300234740490538,21.300234740490538,0.0,1.6431676725154982,4822.570922236396,47.60252094164762,23.80126047082381,23.80126047082381,23.80126047082381,0.0,1.0,5485.854081180068,16.52876280911551,8.264381404557755,8.264381404557755,8.264381404557755,0.0,0.44721359549995804,2604.6969497429063,75.88675773809288,37.94337886904644,37.94337886904644,37.94337886904644,0.0,3.63318042491699,7149.825151708257,46.57467122803982,23.28733561401991,23.28733561401991,23.28733561401991,0.0,1.3416407864998738,4795.582571492227
0.0,34.56587912956938,17.28293956478469,17.28293956478469,17.28293956478469,0.0,0.44721359549995776,3548.3120353204567,59.89991652748775,29.949958263743873,29.949958263743873,29.949958263743873,0.0,1.7320508075688772,5956.297146717918,46.04345773288535,23.021728866442675,23.021728866442675,23.021728866442675,0.0,2.4899799195977463,4838.284127663443,45.899891067408866,22.949945533704433,22.949945533704433,22.949945533704433,0.0,1.224744871391589,4561.437076185531,42.322570810384384,21.161285405192192,21.161285405192192,21.161285405192192,0.0,0.5477225575051661,3613.3480596255877,72.04165461731151,36.020827308655754,36.020827308655754,36.020827308655754,0.0,2.4899799195977463,5615.317951817154,51.42761903880054,25.71380951940027,25.71380951940027,25.71380951940027,0.0,0.8366600265340753,4810.182033977509,54.52338947644396,27.26169473822198,27.26169473822198,27.26169473822198,0.0,1.7888543819998317,5131.370918185509,62.58753869581388,31.29376934790694,31.29376934790694,31.29376934790694,0.0,2.2360679774997894,6026.198320666189,42.600469480981076,21.300234740490538,21.300234740490538,21.300234740490538,0.0,1.0954451150103321,4518.587533732195,44.77499302065831,22.387496510329154,22.387496510329154,22.387496510329154,0.0,1.6431676725154982,4933.917307778881,51.896049946021904,25.948024973010952,25.948024973010952,25.948024973010952,0.0,1.140175425099138,5209.9230992405255,36.78042957878551,18.390214789392754,18.390214789392754,18.390214789392754,0.0,0.9999999999999998,3310.0455888099186,27.437201023428027,13.718600511714014,13.718600511714014,13.718600511714014,0.0,0.7071067811865476,2938.0445537806263,68.07936544945171,34.03968272472586,34.03968272472586,34.03968272472586,0.0,3.5355339059327378,7164.059058941377,42.600469480981076,21.300234740490538,21.300234740490538,21.300234740490538,0.0,1.6431676725154982,4826.262819200794,47.146579939588406,23.573289969794203,23.573289969794203,23.573289969794203,0.0,1.0,5488.491532288266,15.646085772486357,7.8230428862431785,7.8230428862431785,7.8230428862431785,0.0,0.44721359549995804,2606.255321337493,75.57248176419773,37.786240882098866,37.786240882098866,37.786240882098866,0.0,3.63318042491699,7149.737421751935,46.238512086787566,23.119256043393783,23.119256043393783,23.119256043393783,0.0,1.3416407864998738,4795.079384118682
0.0,35.14541221838208,17.57270610919104,17.57270610919104,17.57270610919104,0.0,0.44721359549995776,3549.813135927017,59.89991652748775,29.949958263743873,29.949958263743873,29.949958263743873,0.0,1.7320508075688772,5955.1506026296265,45.81702740248433,22.908513701242164,22.908513701242164,22.908513701242164,0.0,2.4899799195977463,4842.5958121652075,46.67761776269222,23.33880888134611,23.33880888134611,23.33880888134611,0.0,1.224744871391589,4560.4706445716765,43.174066289845804,21.587033144922902,21.587033144922902,21.587033144922902,0.0,0.5477225575051661,3616.5995493004198,72.04165461731151,36.020827308655754,36.020827308655754,36.020827308655754,0.0,2.4899799195977463,5616.4543352545825,51.291324802543365,25.645662401271682,25.645662401271682,25.645662401271682,0.0,0.8366600265340753,4811.574929272119,54.44997704315402,27.22498852157701,27.22498852157701,27.22498852157701,0.0,1.7888543819998317,5128.951306066378,66.73230102431656,33.36615051215828,33.36615051215828,33.36615051215828,0.0,2.7386127875258306,6012.505700620998,42.862571084805445,21.431285542402723,21.431285542402723,21.431285542402723,0.0,1.0954451150103321,4518.5544148543795,44.35312841277377,22.176564206386885,22.176564206386885,22.176564206386885,0.0,1.6431676725154982,4927.028719218105,52.432814152971034,26.216407076485517,26.216407076485517,26.216407076485517,0.0,1.140175425099138,5211.9437065263855,36.62239751845856,18.31119875922928,18.31119875922928,18.31119875922928,0.0,0.9999999999999998,3310.6103666846693,27.626074639731215,13.813037319865607,13.813037319865607,13.813037319865607,0.0,0.7071067811865476,2936.0006301089243,67.90581712931521,33.952908564657605,33.952908564657605,33.952908564657605,0.0,3.5355339059327378,7164.596359879599,42.41226237776051,21.206131188880256,21.206131188880256,21.206131188880256,0.0,1.6431676725154982,4827.731382336842,46.72472578838746,23.36236289419373,23.36236289419373,23.36236289419373,0.0,1.0,5488.352348382891,15.646085772486357,7.8230428862431785,7.8230428862431785,7.8230428862431785,0.0,0.44721359549995804,2605.5078583646605,75.17180322434736,37.58590161217368,37.58590161217368,37.58590161217368,0.0,3.714835124201342,7153.4814810692005,46.788887569592845,23.394443784796422,23.394443784796422,23.394443784796422,0.0,1.3416407864998738,4795.177316846583
0.0,34.60057802985378,17.30028901492689,17.30028901492689,17.30028901492689,0.0,0.44721359549995776,3548.0253240358925,59.25200418551258,29.62600209275629,29.62600209275629,29.62600209275629,0.0,1.7320508075688772,5954.74394915516,46.203895939628296,23.101947969814148,23.101947969814148,23.101947969814148,0.0,2.4899799195977463,4908.316564770451,46.67761776269222,23.33880888134611,23.33880888134611,23.33880888134611,0.0,1.224744871391589,4556.557604156892,43.174066289845804,21.587033144922902,21.587033144922902,21.587033144922902,0.0,0.5477225575051661,3614.966348391089,71.15335550766387,35.57667775383194,35.57667775383194,35.57667775383194,0.0,2.4899799195977463,5615.666282819875,51.291324802543365,25.645662401271682,25.645662401271682,25.645662401271682,0.0,0.8366600265340753,4807.20504035349,54.70648956019752,27.35324478009876,27.35324478009876,27.35324478009876,0.0,1.7888543819998317,5129.510161799078,66.23594190467891,33.117970952339455,33.117970952339455,33.117970952339455,0.0,2.7386127875258306,6015.974817101548,42.36507995979708,21.18253997989854,21.18253997989854,21.18253997989854,0.0,1.0954451150103321,4519.458507387804,44.64078852350169,22.320394261750845,22.320394261750845,22.320394261750845,0.0,1.6431676725154982,4924.926121273293,60.784866537650636,30.392433268825318,30.392433268825318,30.392433268825318,0.0,1.4832396974191326,6048.86972913122,36.894444026167406,18.447222013083703,18.447222013083703,18.447222013083703,0.0,0.9999999999999998,3313.815670794017,27.626074639731215,13.813037319865607,13.813037319865607,13.813037319865607,0.0,0.7071067811865476,2938.22880320781,68.12635319756959,34.06317659878479,34.06317659878479,34.06317659878479,0.0,3.5355339059327378,7161.257270898735,42.41226237776051,21.206131188880256,21.206131188880256,21.206131188880256,0.0,1.6431676725154982,4830.879868098564,47.21016839622583,23.605084198112916,23.605084198112916,23.605084198112916,0.0,1.0,5484.051102971233,16.40731544159495,8.203657720797475,8.203657720797475,8.203657720797475,0.0,0.44721359549995804,2602.8309203634417,74.76630257007497,37.383151285037485,37.383151285037485,37.383151285037485,0.0,3.361547262794322,7161.847547944595,47.01063709417264,23.50531854708632,23.50531854708632,23.50531854708632,0.0,1.3416407864998738,4794.823323126724
0.0,34.60057802985378,17.30028901492689,17.30028901492689,17.30028901492689,0.0,0.44721359549995776,3546.5995967969097,58.8489592091483,29.42447960457415,29.42447960457415,29.42447960457415,0.0,1.7888543819998317,5957.029838770324,46.203895939628296,23.101947969814148,23.101947969814148,23.101947969814148,0.0,2.4899799195977463,4909.309401535006,46.681902274864505,23.340951137432253,23.340951137432253,23.340951137432253,0.0,1.224744871391589,4557.654583225894,42.74108094094018,21.37054047047009,21.37054047047009,21.37054047047009,0.0,0.5477225575051661,3616.984006047027,71.15335550766387,35.57667775383194,35.57667775383194,35.57667775383194,0.0,2.4899799195977463,5612.952992855009,51.291324802543365,25.645662401271682,25.645662401271682,25.645662401271682,0.0,0.8366600265340753,4808.306541808664,56.87530219699936,28.43765109849968,28.43765109849968,28.43765109849968,0.0,2.3021728866442674,5441.860453925661,65.74800377197775,32.874001885988875,32.874001885988875,32.874001885988875,0.0,2.4899799195977463,6018.511053408475,40.806862168022676,20.403431084011338,20.403431084011338,20.403431084011338,0.0,1.0954451150103321,4519.8021306247465,45.72964027848896,22.86482013924448,22.86482013924448,22.86482013924448,0.0,1.6431676725154982,4920.9044189051265,60.771703941884,30.385851970942,30.385851970942,30.385851970942,0.0,1.4832396974191326,6043.959273522614,37.34702130023223,18.673510650116114,18.673510650116114,18.673510650116114,0.0,0.9999999999999998,3312.7840255591673,27.55358415887124,13.77679207943562,13.77679207943562,13.77679207943562,0.0,0.7071067811865476,2935.908769018547,68.12635319756959,34.06317659878479,34.06317659878479,34.06317659878479,0.0,3.5355339059327378,7159.628251522561,46.89136381040756,23.44568190520378,23.44568190520378,23.44568190520378,0.0,1.816590212458495,5393.4377905006,46.70331893987836,23.35165946993918,23.35165946993918,23.35165946993918,0.0,1.0,5486.115638591662,15.899685531481433,7.9498427657407165,7.9498427657407165,7.9498427657407165,0.0,0.44721359549995804,2597.9189171334815,75.62274790035073,37.811373950175366,37.811373950175366,37.811373950175366,0.0,3.361547262794322,7163.219143653222,47.08715323737463,23.543576618687315,23.543576618687315,23.543576618687315,0.0,1.3038404810405297,4630.8270319674
0.0,34.216954861588725,17.108477430794363,17.108477430794363,17.108477430794363,0.0,0.44721359549995776,3551.3584443139503,59.06945064921461,29.534725324607304,29.534725324607304,29.534725324607304,0.0,1.7888543819998317,5956.148025360014,46.51021393199562,23.25510696599781,23.25510696599781,23.25510696599781,0.0,2.4899799195977463,4915.258925021142,47.467883879524265,23.733941939762133,23.733941939762133,23.733941939762133,0.0,1.224744871391589,4562.194888428156,42.76914775863555,21.384573879317774,21.384573879317774,21.384573879317774,0.0,0.5477225575051661,3619.684419946026,71.15335550766387,35.57667775383194,35.57667775383194,35.57667775383194,0.0,2.4899799195977463,5609.357922258126,51.2757252508436,25.6378626254218,25.6378626254218,25.6378626254218,0.0,0.7071067811865476,4806.280401724393,57.17691841993585,28.588459209967926,28.588459209967926,28.588459209967926,0.0,2.3021728866442674,5439.296480244481,65.74800377197775,32.874001885988875,32.874001885988875,32.874001885988875,0.0,2.4899799195977463,6016.312533437737,40.806862168022676,20.403431084011338,20.403431084011338,20.403431084011338,0.0,1.0954451150103321,4518.768006879751,46.10856753359401,23.054283766797006,23.054283766797006,23.054283766797006,0.0,1.6431676725154982,4922.011753338263,61.69278726074872,30.84639363037436,30.84639363037436,30.84639363037436,0.0,1.4832396974191326,6041.389699398641,37.34702130023223,18.673510650116114,18.673510650116114,18.673510650116114,0.0,0.9999999999999998,3312.7226415744494,27.54632461872182,13.77316230936091,13.77316230936091,13.77316230936091,0.0,0.7071067811865476,2936.2460387372175,67.40029673525184,33.70014836762592,33.70014836762592,33.70014836762592,0.0,3.1144823004794873,7161.695378888996,48.216179856973326,24.108089928486663,24.108089928486663,24.108089928486663,0.0,1.816590212458495,5391.096381998749,46.70331893987836,23.35165946993918,23.35165946993918,23.35165946993918,0.0,1.0,5484.927866435437,16.39512122553536,8.19756061276768,8.19756061276768,8.19756061276768,0.0,0.44721359549995804,2600.4854739067473,75.57248176419773,37.786240882098866,37.786240882098866,37.786240882098866,0.0,3.361547262794322,7164.651687276919,47.22287581247038,23.61143790623519,23.61143790623519,23.61143790623519,0.0,1.3038404810405297,4632.078345624132
0.0,33.85262175962151,16.926310879810757,16.926310879810757,16.926310879810757,0.0,0.44721359549995776,3549.6562509629016,59.218240433163835,29.609120216581918,29.609120216581918,29.609120216581918,0.0,1.7888543819998317,5960.566877403524,46.40258613482658,23.20129306741329,23.20129306741329,23.20129306741329,0.0,2.4899799195977463,4914.631959770742,47.52683452535,23.763417262675,23.763417262675,23.763417262675,0.0,1.224744871391589,4561.51561435451,42.731721238442994,21.365860619221497,21.365860619221497,21.365860619221497,0.0,0.5477225575051661,3619.1868147416762,71.04927867332644,35.52463933666322,35.52463933666322,35.52463933666322,0.0,2.4899799195977463,5612.1408571061365,51.2757252508436,25.6378626254218,25.6378626254218,25.6378626254218,0.0,0.7071067811865476,4809.02918477316,63.94372525901193,31.971862629505964,31.971862629505964,31.971862629505964,0.0,3.4351128074635335,5947.558826947406,66.72930390765364,33.36465195382682,33.36465195382682,33.36465195382682,0.0,2.4899799195977463,6014.401508047164,41.28922377570206,20.64461188785103,20.64461188785103,20.64461188785103,0.0,1.0954451150103321,4519.506864692208,46.10856753359401,23.054283766797006,23.054283766797006,23.054283766797006,0.0,1.6431676725154982,4922.697258617474,61.50772309230768,30.75386154615384,30.75386154615384,30.75386154615384,0.0,1.4832396974191326,6037.813122315065,38.03682426281143,19.018412131405714,19.018412131405714,19.018412131405714,0.0,0.9999999999999998,3307.987877849615,27.568097504180443,13.784048752090222,13.784048752090222,13.784048752090222,0.0,0.7071067811865476,2938.6617362330085,67.35874108087235,33.679370540436175,33.679370540436175,33.679370540436175,0.0,3.1144823004794873,7166.705065788601,48.216179856973326,24.108089928486663,24.108089928486663,24.108089928486663,0.0,1.816590212458495,5395.080972515611,47.74934554525329,23.874672772626646,23.874672772626646,23.874672772626646,0.0,1.0,5489.1220336225,16.87601848778319,8.438009243891594,8.438009243891594,8.438009243891594,0.0,0.44721359549995804,2597.7818422646656,75.13188404399294,37.56594202199647,37.56594202199647,37.56594202199647,0.0,3.082207001484488,7166.764772196727,46.97658991455212,23.48829495727606,23.48829495727606,23.48829495727606,0.0,1.3038404810405297,4632.527765702004
0.0,33.50820794969495,16.754103974847474,16.754103974847474,16.754103974847474,0.0,0.7071067811865476,3551.0403123591827,59.218240433163835,29.609120216581918,29.609120216581918,29.609120216581918,0.0,1.7888543819998317,5958.568729149643,46.40258613482658,23.20129306741329,23.20129306741329,23.20129306741329,0.0,2.4899799195977463,4911.595392537948,47.98749837197184,23.99374918598592,23.99374918598592,23.99374918598592,0.0,1.224744871391589,4560.192243754643,41.34247210799084,20.67123605399542,20.67123605399542,20.67123605399542,0.0,0.5477225575051661,3614.3483091699945,71.47587005416584,35.73793502708292,35.73793502708292,35.73793502708292,0.0,2.4899799195977463,5612.799319412729,50.93917942016734,25.46958971008367,25.46958971008367,25.46958971008367,0.0,0.7071067811865476,4806.485566398801,63.78714604056212,31.89357302028106,31.89357302028106,31.89357302028106,0.0,3.1144823004794873,5947.846728018469,67.09098300069839,33.54549150034919,33.54549150034919,33.54549150034919,0.0,2.4899799195977463,6013.855527030891,41.54515615568198,20.77257807784099,20.77257807784099,20.77257807784099,0.0,1.0954451150103321,4519.539445563009,46.07819440906946,23.03909720453473,23.03909720453473,23.03909720453473,0.0,1.6431676725154982,4919.733498879792,61.50772309230768,30.75386154615384,30.75386154615384,30.75386154615384,0.0,1.4832396974191326,6038.323674663357,39.43095230906806,19.71547615453403,19.71547615453403,19.71547615453403,0.0,0.9999999999999998,3308.262988336931,27.568097504180443,13.784048752090222,13.784048752090222,13.784048752090222,0.0,0.7071067811865476,2936.3104059346315,67.41809846027994,33.70904923013997,33.70904923013997,33.70904923013997,0.0,3.1144823004794873,7165.196389492754,48.216179856973326,24.108089928486663,24.108089928486663,24.108089928486663,0.0,1.816590212458495,5399.609087702554,47.74934554525329,23.874672772626646,23.874672772626646,23.874672772626646,0.0,1.0,5489.493847341483,16.284962388657828,8.142481194328914,8.142481194328914,8.142481194328914,0.0,0.0,2596.6504770569336,75.078625453587,37.5393127267935,37.5393127267935,37.5393127267935,0.0,3.082207001484488,7163.568014613947,46.25148646259923,23.125743231299616,23.125743231299616,23.125743231299616,0.0,1.3038404810405297,4634.821388144315
0.0,33.50820794969495,16.754103974847474,16.754103974847474,16.754103974847474,0.0,0.7071067811865476,3548.949309302684,59.218240433163835,29.609120216581918,29.609120216581918,29.609120216581918,0.0,1.7888543819998317,5957.0908839802,46.40258613482658,23.20129306741329,23.20129306741329,23.20129306741329,0.0,2.4899799195977463,4912.974526699685,48.77704378086068,24.38852189043034,24.38852189043034,24.38852189043034,0.0,1.224744871391589,4560.792442109156,40.87542048713383,20.437710243566915,20.437710243566915,20.437710243566915,0.0,0.5477225575051661,3613.478753223824,70.9845053515202,35.4922526757601,35.4922526757601,35.4922526757601,0.0,2.1213203435596424,5609.418356656954,50.93917942016734,25.46958971008367,25.46958971008367,25.46958971008367,0.0,0.7071067811865476,4806.591484617764,63.07772982598534,31.53886491299267,31.53886491299267,31.53886491299267,0.0,2.8284271247461903,5943.495368888581,67.09098300069839,33.54549150034919,33.54549150034919,33.54549150034919,0.0,2.4899799195977463,6011.109839289247,41.337634184844205,20.668817092422103,20.668817092422103,20.668817092422103,0.0,1.0954451150103321,4520.015011037021,46.767510089804865,23.383755044902433,23.383755044902433,23.383755044902433,0.0,1.6431676725154982,4921.719343887866,61.50772309230768,30.75386154615384,30.75386154615384,30.75386154615384,0.0,1.4832396974191326,6037.737092653174,39.43095230906806,19.71547615453403,19.71547615453403,19.71547615453403,0.0,0.9999999999999998,3310.276166726879,20.73644135332772,10.36822067666386,10.36822067666386,10.36822067666386,0.0,0.7071067811865476,2196.662809809462,67.41809846027994,33.70904923013997,33.70904923013997,33.70904923013997,0.0,3.1144823004794873,7163.804380355455,48.216179856973326,24.108089928486663,24.108089928486663,24.108089928486663,0.0,1.816590212458495,5397.94921243244,48.27835954131002,24.13917977065501,24.13917977065501,24.13917977065501,0.0,1.0,5489.511344373012,16.69730517179344,8.34865258589672,8.34865258589672,8.34865258589672,0.0,0.0,2598.095302332076,75.92891412367229,37.96445706183614,37.96445706183614,37.96445706183614,0.0,3.082207001484488,7163.591089670041,46.25148646259923,23.125743231299616,23.125743231299616,23.125743231299616,0.0,1.3038404810405297,4635.276884933628
0.0,33.18433365309601,16.592166826548006,16.592166826548006,16.592166826548006,0.0,0.7071067811865476,3545.5884278917656,59.57180541162069,29.785902705810344,29.785902705810344,29.785902705810344,0.0,1.7888543819998317,5954.4167052701305,40.63496031744094,20.31748015872047,20.31748015872047,20.31748015872047,0.0,2.0736441353327724,4435.4418381938,50.465830023888444,25.232915011944222,25.232915011944222,25.232915011944222,0.0,1.816590212458495,4738.095113017467,41.31343607108951,20.656718035544756,20.656718035544756,20.656718035544756,0.0,0.5477225575051661,3616.2583840206994,70.8801805866774,35.4400902933387,35.4400902933387,35.4400902933387,0.0,2.16794833886788,5612.207649401436,51.1937496184837,25.59687480924185,25.59687480924185,25.59687480924185,0.0,0.7071067811865476,4809.017280068767,62.69928229254303,31.349641146271516,31.349641146271516,31.349641146271516,0.0,2.8284271247461903,5945.220912632263,66.11202613745853,33.056013068729264,33.056013068729264,33.056013068729264,0.0,2.4899799195977463,6009.224101329555,41.41497313774331,20.707486568871655,20.707486568871655,20.707486568871655,0.0,1.0954451150103321,4517.45118401959,47.48473438906445,23.742367194532225,23.742367194532225,23.742367194532225,0.0,1.6431676725154982,4924.750501294457,60.771703941884,30.385851970942,30.385851970942,30.385851970942,0.0,1.4832396974191326,6034.087486936198,37.97367509209505,18.986837546047525,18.986837546047525,18.986837546047525,0.0,0.9999999999999998,3308.504420429267,21.194338866782328,10.597169433391164,10.597169433391164,10.597169433391164,0.0,0.7071067811865476,2202.0952068427923,68.36080748499099,34.18040374249549,34.18040374249549,34.18040374249549,0.0,3.1144823004794873,7235.634250015682,48.15391988197846,24.07695994098923,24.07695994098923,24.07695994098923,0.0,1.816590212458495,5398.146274416802,47.30750469005948,23.65375234502974,23.65375234502974,23.65375234502974,0.0,1.0,5486.190053215437,17.029386365926403,8.514693182963201,8.514693182963201,8.514693182963201,0.0,0.44721359549995804,2597.7670603808956,75.91574276788708,37.95787138394354,37.95787138394354,37.95787138394354,0.0,3.082207001484488,7162.948031362506,46.61759324546903,23.308796622734516,23.308796622734516,23.308796622734516,0.0,1.3038404810405297,4639.316199613904
0.0,32.88160580020386,16.44080290010193,16.44080290010193,16.44080290010193,0.0,0.7071067811865476,3545.920374176499,58.90670590009256,29.45335295004628,29.45335295004628,29.45335295004628,0.0,1.7888543819998317,5952.418306873266,40.63496031744094,20.31748015872047,20.31748015872047,20.31748015872047,0.0,2.0736441353327724,4436.506204210696,50.1717051733345,25.08585258666725,25.08585258666725,25.08585258666725,0.0,1.816590212458495,4739.835619512559,39.96498467408689,19.982492337043446,19.982492337043446,19.982492337043446,0.0,0.5477225575051662,3612.456823271387,70.94504915778126,35.47252457889063,35.47252457889063,35.47252457889063,0.0,2.16794833886788,5614.012869596934,52.9792412176694,26.4896206088347,26.4896206088347,26.4896206088347,0.0,0.7071067811865476,4809.294927533557,62.331372518178995,31.165686259089497,31.165686259089497,31.165686259089497,0.0,2.6832815729997477,5947.610293218614,65.62011886609167,32.810059433045836,32.810059433045836,32.810059433045836,0.0,2.4899799195977463,6007.963490235273,40.630038149132965,20.315019074566482,20.315019074566482,20.315019074566482,0.0,1.0954451150103321,4517.060072657879,47.21016839622583,23.605084198112916,23.605084198112916,23.605084198112916,0.0,1.51657508881031,4923.193191415507,60.771703941884,30.385851970942,30.385851970942,30.385851970942,0.0,1.4832396974191326,6029.5206691742915,37.97367509209505,18.986837546047525,18.986837546047525,18.986837546047525,0.0,0.9999999999999998,3308.6499512641103,21.4289523775662,10.7144761887831,10.7144761887831,10.7144761887831,0.0,0.7071067811865476,2203.72366688748,68.10873659083687,34.054368295418435,34.054368295418435,34.054368295418435,0.0,2.701851217221259,7236.433949121625,48.15391988197846,24.07695994098923,24.07695994098923,24.07695994098923,0.0,1.816590212458495,5398.835476285603,47.31595925266654,23.65797962633327,23.65797962633327,23.65797962633327,0.0,1.0,5488.135411959148,17.1697408250678,8.5848704125339,8.5848704125339,8.5848704125339,0.0,0.44721359549995804,2600.6352108667606,76.75936424958195,38.379682124790975,38.379682124790975,38.379682124790975,0.0,3.082207001484488,7165.947620517471,46.09989154000256,23.04994577000128,23.04994577000128,23.04994577000128,0.0,0.8944271909999157,4638.904935434655
0.0,32.16830738475371,16.084153692376855,16.084153692376855,16.084153692376855,0.0,0.7071067811865476,3540.035423551578,59.45754788081997,29.728773940409987,29.728773940409987,29.728773940409987,0.0,1.7888543819998317,5953.591546285317,41.16794869798591,20.583974348992957,20.583974348992957,20.583974348992957,0.0,2.0736441353327724,4436.620977726179,49.40850129279373,24.704250646396865,24.704250646396865,24.704250646396865,0.0,1.816590212458495,4739.818013384058,39.96498467408689,19.982492337043446,19.982492337043446,19.982492337043446,0.0,0.5477225575051662,3612.874437342101,70.94504915778126,35.47252457889063,35.47252457889063,35.47252457889063,0.0,2.16794833886788,5613.555361800576,53.01697841258025,26.508489206290125,26.508489206290125,26.508489206290125,0.0,0.7071067811865476,4814.088158727465,62.99841267841595,31.499206339207976,31.499206339207976,31.499206339207976,0.0,3.0,5968.640523603344,65.62011886609167,32.810059433045836,32.810059433045836,32.810059433045836,0.0,2.4899799195977463,6009.6614047714875,40.33360881448621,20.166804407243106,20.166804407243106,20.166804407243106,0.0,1.0954451150103321,4519.562180123203,47.21016839622583,23.605084198112916,23.605084198112916,23.605084198112916,0.0,1.51657508881031,4920.92428309967,60.771703941884,30.385851970942,30.385851970942,30.385851970942,0.0,1.4832396974191326,6028.2429695558885,37.34702130023223,18.673510650116114,18.673510650116114,18.673510650116114,0.0,0.9999999999999998,3308.1268415827103,21.4289523775662,10.7144761887831,10.7144761887831,10.7144761887831,0.0,0.7071067811865476,2202.5190805075904,67.74363438729871,33.871817193649356,33.871817193649356,33.871817193649356,0.0,2.701851217221259,7233.740954720455,48.15391988197846,24.07695994098923,24.07695994098923,24.07695994098923,0.0,1.816590212458495,5394.3511472650725,46.7461228338779,23.37306141693895,23.37306141693895,23.37306141693895,0.0,1.0,5491.750877452472,17.1697408250678,8.5848704125339,8.5848704125339,8.5848704125339,0.0,0.44721359549995804,2596.2449807366024,76.76457516328739,38.382287581643695,38.382287581643695,38.382287581643695,0.0,3.082207001484488,7165.967087560478,46.09989154000256,23.04994577000128,23.04994577000128,23.04994577000128,0.0,0.8944271909999157,4641.777493590144
0.0,32.16830738475371,16.084153692376855,16.084153692376855,16.084153692376855,0.0,0.7071067811865476,3539.5757796662588,59.45754788081997,29.728773940409987,29.728773940409987,29.728773940409987,0.0,1.7888543819998317,5957.4464999695965,40.26412795529043,20.132063977645213,20.132063977645213,20.132063977645213,0.0,2.0736441353327724,4439.642947355113,49.40850129279373,24.704250646396865,24.704250646396865,24.704250646396865,0.0,1.816590212458495,4744.291517181464,40.43760625952036,20.21880312976018,20.21880312976018,20.21880312976018,0.0,0.5477225575051662,3613.990702810399,70.3931814879822,35.1965907439911,35.1965907439911,35.1965907439911,0.0,2.16794833886788,5615.384154267631,52.31825685169566,26.15912842584783,26.15912842584783,26.15912842584783,0.0,0.7071067811865476,4811.519697559182,62.99841267841595,31.499206339207976,31.499206339207976,31.499206339207976,0.0,3.0,5968.054565769317,65.61097469173889,32.805487345869444,32.805487345869444,32.805487345869444,0.0,2.4899799195977463,6005.731204441304,40.33360881448621,20.166804407243106,20.166804407243106,20.166804407243106,0.0,1.0954451150103321,4516.421957700586,46.9041575982343,23.45207879911715,23.45207879911715,23.45207879911715,0.0,1.51657508881031,4921.088903891089,60.58712734566643,30.293563672833216,30.293563672833216,30.293563672833216,0.0,1.4832396974191326,6023.7944603049,37.34702130023223,18.673510650116114,18.673510650116114,18.673510650116114,0.0,0.9999999999999998,3308.304354197177,20.63976744055029,10.319883720275145,10.319883720275145,10.319883720275145,0.0,0.7071067811865476,2203.960367157268,67.74363438729871,33.871817193649356,33.871817193649356,33.871817193649356,0.0,2.701851217221259,7229.812120657078,48.11652522782583,24.058262613912916,24.058262613912916,24.058262613912916,0.0,1.5165750888103102,5392.2841356886975,46.7461228338779,23.37306141693895,23.37306141693895,23.37306141693895,0.0,1.0,5495.21157918419,17.35511451993331,8.677557259966655,8.677557259966655,8.677557259966655,0.0,0.44721359549995804,2592.9105653685783,76.78020578248017,38.39010289124008,38.39010289124008,38.39010289124008,0.0,3.082207001484488,7162.4240519533605,47.019145036888965,23.509572518444482,23.509572518444482,23.509572518444482,0.0,0.8944271909999157,4642.972894601045
0.0,33.208432664008704,16.604216332004352,16.604216332004352,16.604216332004352,0.0,0.7071067811865476,3540.8434447176564,59.45754788081997,29.728773940409987,29.728773940409987,29.728773940409987,0.0,1.7888543819998317,5960.255925713258,39.88483421051164,19.94241710525582,19.94241710525582,19.94241710525582,0.0,1.6733200530681511,4442.596628099382,48.54688455503607,24.273442277518036,24.273442277518036,24.273442277518036,0.0,1.816590212458495,4746.443963642677,40.43760625952036,20.21880312976018,20.21880312976018,20.21880312976018,0.0,0.5477225575051662,3613.2976904761113,70.9845053515202,35.4922526757601,35.4922526757601,35.4922526757601,0.0,2.16794833886788,5618.837308554146,52.73329119256639,26.366645596283195,26.366645596283195,26.366645596283195,0.0,0.7071067811865476,4810.807593325678,63.06187437747153,31.530937188735766,31.530937188735766,31.530937188735766,0.0,2.6832815729997477,5965.495226718399,66.59729724245571,33.298648621227855,33.298648621227855,33.298648621227855,0.0,2.4899799195977463,6006.306810345272,40.33360881448621,20.166804407243106,20.166804407243106,20.166804407243106,0.0,1.0954451150103321,4520.566446807303,46.87429999477325,23.437149997386626,23.437149997386626,23.437149997386626,0.0,1.3416407864998738,4919.658392612235,60.58712734566643,30.293563672833216,30.293563672833216,30.293563672833216,0.0,1.4832396974191326,6020.492562905464,36.73145790735783,18.365728953678914,18.365728953678914,18.365728953678914,0.0,0.9999999999999998,3312.2356800203693,20.27806696901852,10.13903348450926,10.13903348450926,10.13903348450926,0.0,0.7071067811865476,2204.7727320519907,68.19090848492928,34.09545424246464,34.09545424246464,34.09545424246464,0.0,2.701851217221259,7229.983851987499,48.11652522782583,24.058262613912916,24.058262613912916,24.058262613912916,0.0,1.5165750888103102,5391.810669895596,58.63446085707619,29.317230428538096,29.317230428538096,29.317230428538096,0.0,1.8708286933869707,6612.702526199104,17.35511451993331,8.677557259966655,8.677557259966655,8.677557259966655,0.0,0.44721359549995804,2589.70368961393,77.11549779389354,38.55774889694677,38.55774889694677,38.55774889694677,0.0,3.082207001484488,7228.762376783456,66.52818951391959,33.26409475695979,33.26409475695979,33.26409475695979,0.0,3.7815340802378077,6279.0920760887075
0.0,34.44996371551064,17.22498185775532,17.22498185775532,17.22498185775532,0.0,0.7071067811865476,3540.351225514215,58.65151319446072,29.32575659723036,29.32575659723036,29.32575659723036,0.0,1.3416407864998738,5959.299287667972,41.02194534636308,20.51097267318154,20.51097267318154,20.51097267318154,0.0,1.6431676725154982,4443.900426427217,48.54688455503607,24.273442277518036,24.273442277518036,24.273442277518036,0.0,1.816590212458495,4744.872358662559,40.43760625952036,20.21880312976018,20.21880312976018,20.21880312976018,0.0,0.5477225575051662,3616.8774792630174,70.06282894659621,35.031414473298106,35.031414473298106,35.031414473298106,0.0,2.16794833886788,5619.006869545542,52.24174575949774,26.12087287974887,26.12087287974887,26.12087287974887,0.0,0.7071067811865476,4809.350351138914,63.06187437747153,31.530937188735766,31.530937188735766,31.530937188735766,0.0,2.6832815729997477,5962.994407174972,66.11202613745853,33.056013068729264,33.056013068729264,33.056013068729264,0.0,2.1908902300206643,6007.301199373976,40.33360881448621,20.166804407243106,20.166804407243106,20.166804407243106,0.0,1.0954451150103321,4517.073521650937,47.277901814695625,23.638950907347812,23.638950907347812,23.638950907347812,0.0,1.3416407864998738,4922.716810867755,60.83420090705556,30.41710045352778,30.41710045352778,30.41710045352778,0.0,1.4832396974191326,6025.757852751802,37.18601887806761,18.593009439033803,18.593009439033803,18.593009439033803,0.0,0.9999999999999998,3315.3367400612565,20.27806696901852,10.13903348450926,10.13903348450926,10.13903348450926,0.0,0.7071067811865476,2202.3342843446812,67.69933529954338,33.84966764977169,33.84966764977169,33.84966764977169,0.0,2.792848008753788,7227.903174503654,48.11652522782583,24.058262613912916,24.058262613912916,24.058262613912916,0.0,1.5165750888103102,5391.8079249913935,55.299186250793966,27.649593125396983,27.649593125396983,27.649593125396983,0.0,1.8708286933869707,5892.785716450243,17.58408371226661,8.792041856133306,8.792041856133306,8.792041856133306,0.0,0.44721359549995804,2587.4216896362295,76.7150571921836,38.3575285960918,38.3575285960918,38.3575285960918,0.0,2.7748873851023217,7229.036415733427,66.86703223562415,33.433516117812076,33.433516117812076,33.433516117812076,0.0,3.7815340802378077,6277.394228499593
0.0,33.41855771872868,16.70927885936434,16.70927885936434,16.70927885936434,0.0,0.7071067811865476,3538.5507626710682,58.76393451769546,29.38196725884773,29.38196725884773,29.38196725884773,0.0,1.3416407864998738,5959.388810943619,41.54515615568198,20.77257807784099,20.77257807784099,20.77257807784099,0.0,1.6431676725154982,4444.577966466558,49.31531202375181,24.657656011875904,24.657656011875904,24.657656011875904,0.0,1.816590212458495,4746.812277729129,40.43760625952036,20.21880312976018,20.21880312976018,20.21880312976018,0.0,0.5477225575051662,3618.3690801243592,70.13700877568132,35.06850438784066,35.06850438784066,35.06850438784066,0.0,2.16794833886788,5617.495776589422,51.75712511336,25.87856255668,25.87856255668,25.87856255668,0.0,0.8366600265340757,4811.643773181884,62.85538958593766,31.42769479296883,31.42769479296883,31.42769479296883,0.0,2.6076809620810595,5960.960014964033,67.10290604735387,33.551453023676935,33.551453023676935,33.551453023676935,0.0,2.1908902300206643,6008.193072796513,40.33360881448621,20.166804407243106,20.166804407243106,20.166804407243106,0.0,1.0954451150103321,4519.902133896264,48.77294331901654,24.38647165950827,24.38647165950827,24.38647165950827,0.0,1.3416407864998738,4922.417779912632,60.83420090705556,30.41710045352778,30.41710045352778,30.41710045352778,0.0,1.4832396974191326,6028.573529451225,37.89459064299283,18.947295321496416,18.947295321496416,18.947295321496416,0.0,0.9999999999999998,3315.588077551251,19.41133689368149,9.705668446840745,9.705668446840745,9.705668446840745,0.0,0.7071067811865476,2203.156213254067,68.31690859516405,34.158454297582026,34.158454297582026,34.158454297582026,0.0,2.792848008753788,7228.797154437244,49.4651392396706,24.7325696198353,24.7325696198353,24.7325696198353,0.0,1.5165750888103102,5390.05717038326,55.299186250793966,27.649593125396983,27.649593125396983,27.649593125396983,0.0,1.8708286933869707,5894.418911139587,17.58408371226661,8.792041856133306,8.792041856133306,8.792041856133306,0.0,0.44721359549995804,2586.492180541051,78.4219357067906,39.2109678533953,39.2109678533953,39.2109678533953,0.0,2.7748873851023217,7230.370509178627,66.17552417623905,33.087762088119526,33.087762088119526,33.087762088119526,0.0,3.3466401061363023,6281.037119775682
0.0,33.1058907144937,16.55294535724685,16.55294535724685,16.55294535724685,0.0,0.7071067811865476,3541.3802817545593,63.899921752690744,31.949960876345372,31.949960876345372,31.949960876345372,0.0,2.3874672772626644,6044.599846143663,41.93804954930546,20.96902477465273,20.96902477465273,20.96902477465273,0.0,1.6431676725154982,4447.29644840548,49.083602149801514,24.541801074900757,24.541801074900757,24.541801074900757,0.0,1.816590212458495,4747.371872941912,40.92432039753379,20.462160198766895,20.462160198766895,20.462160198766895,0.0,0.5477225575051662,3618.4943692093816,69.81976797440679,34.90988398720339,34.90988398720339,34.90988398720339,0.0,2.16794833886788,5622.419381369554,51.48980481609927,25.744902408049636,25.744902408049636,25.744902408049636,0.0,0.8366600265340757,4811.336841253167,62.98253726232375,31.491268631161876,31.491268631161876,31.491268631161876,0.0,2.3021728866442674,5965.151842157918,67.10290604735387,33.551453023676935,33.551453023676935,33.551453023676935,0.0,2.1908902300206643,6002.529133623593,40.13975585376672,20.06987792688336,20.06987792688336,20.06987792688336,0.0,1.0954451150103321,4519.901713533161,48.77294331901654,24.38647165950827,24.38647165950827,24.38647165950827,0.0,1.3416407864998738,4923.912722622123,61.09991816688464,30.54995908344232,30.54995908344232,30.54995908344232,0.0,1.8165902124584952,6025.348471250439,37.89459064299283,18.947295321496416,18.947295321496416,18.947295321496416,0.0,0.9999999999999998,3315.6903202802278,19.41133689368149,9.705668446840745,9.705668446840745,9.705668446840745,0.0,0.7071067811865476,2204.844779117115,67.83804242458652,33.91902121229326,33.91902121229326,33.91902121229326,0.0,2.792848008753788,7226.600964492228,48.98162920932704,24.49081460466352,24.49081460466352,24.49081460466352,0.0,1.5165750888103102,5388.43406751906,55.299186250793966,27.649593125396983,27.649593125396983,27.649593125396983,0.0,1.8708286933869707,5896.179356159377,17.944358444926362,8.972179222463181,8.972179222463181,8.972179222463181,0.0,0.44721359549995804,2587.838538239973,78.03076316428027,39.01538158214014,39.01538158214014,39.01538158214014,0.0,2.7748873851023217,7234.553179015274,66.24801883830187,33.12400941915094,33.12400941915094,33.12400941915094,0.0,3.3466401061363023,6316.358468294845
0.0,32.43454948045371,16.217274740226856,16.217274740226856,16.217274740226856,0.0,0.7071067811865476,3541.2003896983865,64.69930447848725,32.349652239243625,32.349652239243625,32.349652239243625,0.0,2.3874672772626644,6045.860674875001,41.93804954930546,20.96902477465273,20.96902477465273,20.96902477465273,0.0,1.6431676725154982,4449.690629695508,48.38594837346892,24.19297418673446,24.19297418673446,24.19297418673446,0.0,1.816590212458495,4749.535135147439,40.92432039753379,20.462160198766895,20.462160198766895,20.462160198766895,0.0,0.5477225575051662,3619.9525963747096,70.84631253636282,35.42315626818141,35.42315626818141,35.42315626818141,0.0,2.16794833886788,5623.401123875124,51.48980481609927,25.744902408049636,25.744902408049636,25.744902408049636,0.0,0.8366600265340757,4811.753245959315,62.1353361622837,31.06766808114185,31.06766808114185,31.06766808114185,0.0,2.3021728866442674,5964.600095563826,67.71410488221785,33.85705244110893,33.85705244110893,33.85705244110893,0.0,2.1908902300206643,6005.605714663592,40.36334971233185,20.181674856165927,20.181674856165927,20.181674856165927,0.0,1.0954451150103321,4520.179719878403,47.69486345509336,23.84743172754668,23.84743172754668,23.84743172754668,0.0,1.3416407864998738,4919.6388790235405,61.09991816688464,30.54995908344232,30.54995908344232,30.54995908344232,0.0,1.8165902124584952,6023.1623504600975,37.89459064299283,18.947295321496416,18.947295321496416,18.947295321496416,0.0,0.9999999999999998,3314.0521269286032,19.41133689368149,9.705668446840745,9.705668446840745,9.705668446840745,0.0,0.7071067811865476,2207.9944972757517,68.12635319756959,34.06317659878479,34.06317659878479,34.06317659878479,0.0,2.792848008753788,7231.827327861196,48.526281538976384,24.263140769488192,24.263140769488192,24.263140769488192,0.0,1.5165750888103102,5388.986760050539,55.299186250793966,27.649593125396983,27.649593125396983,27.649593125396983,0.0,1.8708286933869707,5898.816347370038,18.36300628982085,9.181503144910424,9.181503144910424,9.181503144910424,0.0,0.5477225575051662,2588.6771332091607,77.6736763646475,38.83683818232375,38.83683818232375,38.83683818232375,0.0,2.7748873851023217,7234.44863137475,66.52818951391959,33.26409475695979,33.26409475695979,33.26409475695979,0.0,3.3466401061363023,6317.009086585201
0.0,31.855925665407998,15.927962832703999,15.927962832703999,15.927962832703999,0.0,0.7071067811865476,3538.3013579965177,65.19815948322469,32.59907974161234,32.59907974161234,32.59907974161234,0.0,2.3874672772626644,6047.329261748529,41.93804954930546,20.96902477465273,20.96902477465273,20.96902477465273,0.0,1.6431676725154982,4446.935180548509,49.81164522478654,24.90582261239327,24.90582261239327,24.90582261239327,0.0,1.9235384061671346,4749.3739061059405,57.508260276242055,28.754130138121027,28.754130138121027,28.754130138121027,0.0,3.8340579025361627,5234.231911178564,70.92249290598858,35.46124645299429,35.46124645299429,35.46124645299429,0.0,2.16794833886788,5625.7025516818785,51.48980481609927,25.744902408049636,25.744902408049636,25.744902408049636,0.0,0.8366600265340757,4811.279892086928,62.1353361622837,31.06766808114185,31.06766808114185,31.06766808114185,0.0,2.3021728866442674,5966.195378966398,68.07348970047003,34.03674485023502,34.03674485023502,34.03674485023502,0.0,2.1908902300206643,6012.991210703704,41.10960958218893,20.554804791094465,20.554804791094465,20.554804791094465,0.0,1.0954451150103321,4521.3686202299405,48.008332610079265,24.004166305039632,24.004166305039632,24.004166305039632,0.0,1.3416407864998738,4920.27992089881,60.18970011555133,30.094850057775666,30.094850057775666,30.094850057775666,0.0,1.8165902124584952,6017.683690590591,37.79947089576784,18.89973544788392,18.89973544788392,18.89973544788392,0.0,0.9999999999999998,3310.438596319225,19.41133689368149,9.705668446840745,9.705668446840745,9.705668446840745,0.0,0.7071067811865476,2212.626764730103,68.99855070941707,34.49927535470854,34.49927535470854,34.49927535470854,0.0,2.792848008753788,7235.19383292528,48.40247927534291,24.201239637671456,24.201239637671456,24.201239637671456,0.0,1.5165750888103102,5389.179946893591,55.76020086047036,27.88010043023518,27.88010043023518,27.88010043023518,0.0,1.8708286933869707,5896.908147495601,18.579558659989747,9.289779329994873,9.289779329994873,9.289779329994873,0.0,0.5477225575051662,2587.043351009024,77.6736763646475,38.83683818232375,38.83683818232375,38.83683818232375,0.0,2.7748873851023217,7237.050248547401,65.83919805100909,32.919599025504546,32.919599025504546,32.919599025504546,0.0,2.9154759474226504,6316.047830724527
0.0,32.637401857378286,16.318700928689143,16.318700928689143,16.318700928689143,0.0,0.7071067811865476,3537.535187104151,63.8529560787909,31.92647803939545,31.92647803939545,31.92647803939545,0.0,1.9493588689617927,6048.212363996489,41.19708727568006,20.59854363784003,20.59854363784003,20.59854363784003,0.0,1.6431676725154982,4449.961651520157,49.40445324057337,24.702226620286684,24.702226620286684,24.702226620286684,0.0,1.9235384061671346,4751.094737005356,57.56735185849702,28.78367592924851,28.78367592924851,28.78367592924851,0.0,3.9370039370059056,5252.8549856244845,71.50384605040487,35.75192302520244,35.75192302520244,35.75192302520244,0.0,2.16794833886788,5627.2074157613915,50.821255395749525,25.410627697874762,25.410627697874762,25.410627697874762,0.0,0.8366600265340757,4809.558160579826,61.76730526743092,30.88365263371546,30.88365263371546,30.88365263371546,0.0,2.3021728866442674,5959.9782885510585,66.59729724245571,33.298648621227855,33.298648621227855,33.298648621227855,0.0,2.1908902300206643,6011.87993060407,39.56260860964555,19.781304304822775,19.781304304822775,19.781304304822775,0.0,1.0954451150103321,4519.4328405232445,47.904070808230905,23.952035404115453,23.952035404115453,23.952035404115453,0.0,1.3416407864998738,4913.799476983162,61.57921727336261,30.789608636681304,30.789608636681304,30.789608636681304,0.0,1.8165902124584952,6020.310731183234,37.79947089576784,18.89973544788392,18.89973544788392,18.89973544788392,0.0,0.9999999999999998,3314.3418200300343,19.41133689368149,9.705668446840745,9.705668446840745,9.705668446840745,0.0,0.7071067811865476,2209.3532537826536,68.99855070941707,34.49927535470854,34.49927535470854,34.49927535470854,0.0,2.792848008753788,7232.142925855379,48.509792825779,24.2548964128895,24.2548964128895,24.2548964128895,0.0,1.5165750888103102,5388.700279288133,55.76020086047036,27.88010043023518,27.88010043023518,27.88010043023518,0.0,1.8708286933869707,5895.567207656953,18.83613548475377,9.418067742376884,9.418067742376884,9.418067742376884,0.0,0.5477225575051662,2584.502718125868,77.6736763646475,38.83683818232375,38.83683818232375,38.83683818232375,0.0,2.7748873851023217,7234.814268521342,65.15519933205638,32.57759966602819,32.57759966602819,32.57759966602819,0.0,2.9154759474226504,6312.42321141414
0.0,32.637401857378286,16.318700928689143,16.318700928689143,16.318700928689143,0.0,0.7071067811865476,3536.7789724550216,64.06871311334417,32.03435655667209,32.03435655667209,32.03435655667209,0.0,1.9493588689617927,6048.328926240702,40.4623281584241,20.23116407921205,20.23116407921205,20.23116407921205,0.0,1.224744871391589,4451.8323980132045,50.1717051733345,25.08585258666725,25.08585258666725,25.08585258666725,0.0,1.9235384061671346,4758.548223985967,57.487389921616725,28.743694960808362,28.743694960808362,28.743694960808362,0.0,3.9370039370059056,5271.629994603188,71.16740827092131,35.58370413546066,35.58370413546066,35.58370413546066,0.0,2.16794833886788,5627.6914005656,50.821255395749525,25.410627697874762,25.410627697874762,25.410627697874762,0.0,0.8366600265340757,4807.871181718579,61.12937100936014,30.56468550468007,30.56468550468007,30.56468550468007,0.0,2.3021728866442674,5958.532646549819,66.59729724245571,33.298648621227855,33.298648621227855,33.298648621227855,0.0,2.1908902300206643,6009.610636305816,39.56260860964555,19.781304304822775,19.781304304822775,19.781304304822775,0.0,1.0954451150103321,4516.7555058913695,42.204265187300685,21.102132593650342,21.102132593650342,21.102132593650342,0.0,1.0954451150103321,4301.8069807930715,62.177166226839255,31.088583113419627,31.088583113419627,31.088583113419627,0.0,1.8165902124584947,6019.291777277456,37.80476160485607,18.902380802428034,18.902380802428034,18.902380802428034,0.0,0.9999999999999998,3316.096168689925,19.41133689368149,9.705668446840745,9.705668446840745,9.705668446840745,0.0,0.7071067811865476,2207.5276442210184,68.99855070941707,34.49927535470854,34.49927535470854,34.49927535470854,0.0,2.792848008753788,7229.974239234882,49.44491884915982,24.72245942457991,24.72245942457991,24.72245942457991,0.0,1.5165750888103102,5391.739626502749,55.688418903754126,27.844209451877063,27.844209451877063,27.844209451877063,0.0,1.8708286933869707,5896.23297538352,18.83613548475377,9.418067742376884,9.418067742376884,9.418067742376884,0.0,0.5477225575051662,2586.64922244977,77.6736763646475,38.83683818232375,38.83683818232375,38.83683818232375,0.0,2.7748873851023217,7234.087205722641,65.7662527440936,32.8831263720468,32.8831263720468,32.8831263720468,0.0,2.9154759474226504,6316.056087464708
0.0,32.07491231476713,16.037456157383566,16.037456157383566,16.037456157383566,0.0,0.7071067811865476,3533.925055798439,64.5693425706039,32.28467128530195,32.28467128530195,32.28467128530195,0.0,1.9493588689617927,6048.566549191634,42.68489194082609,21.342445970413046,21.342445970413046,21.342445970413046,0.0,2.073644135332772,4693.959288276795,50.386506130113844,25.193253065056922,25.193253065056922,25.193253065056922,0.0,1.9235384061671346,4757.1334540876605,57.487389921616725,28.743694960808362,28.743694960808362,28.743694960808362,0.0,3.9370039370059056,5266.640940865439,70.50390060131426,35.25195030065713,35.25195030065713,35.25195030065713,0.0,2.16794833886788,5628.324777409349,50.457903246171455,25.228951623085727,25.228951623085727,25.228951623085727,0.0,0.8366600265340757,4809.899759870262,60.860496218811754,30.430248109405877,30.430248109405877,30.430248109405877,0.0,2.3021728866442674,5954.546808951963,66.11202613745853,33.056013068729264,33.056013068729264,33.056013068729264,0.0,2.1908902300206643,6006.512648783819,39.56260860964555,19.781304304822775,19.781304304822775,19.781304304822775,0.0,1.0954451150103321,4517.797084863374,43.04880950734875,21.524404753674375,21.524404753674375,21.524404753674375,0.0,1.0954451150103321,4302.642943587116,61.4231226819347,30.71156134096735,30.71156134096735,30.71156134096735,0.0,1.8165902124584947,6017.771323338899,37.80476160485607,18.902380802428034,18.902380802428034,18.902380802428034,0.0,0.9999999999999998,3315.699880869799,18.547236990991404,9.273618495495702,9.273618495495702,9.273618495495702,0.0,0.7071067811865476,2208.0978239199458,70.2338949510847,35.11694747554235,35.11694747554235,35.11694747554235,0.0,2.792848008753788,7230.748384503502,49.44491884915982,24.72245942457991,24.72245942457991,24.72245942457991,0.0,1.5165750888103102,5386.321332783628,55.01636120282766,27.50818060141383,27.50818060141383,27.50818060141383,0.0,1.8708286933869707,5894.5000890660785,19.473058311420935,9.736529155710468,9.736529155710468,9.736529155710468,0.0,0.5477225575051662,2587.880078365302,77.42092740338364,38.71046370169182,38.71046370169182,38.71046370169182,0.0,2.7748873851023217,7231.608915034053,67.13270439956966,33.56635219978483,33.56635219978483,33.56635219978483,0.0,3.3466401061363023,6365.302875747548
0.0,31.78049716414141,15.890248582070704,15.890248582070704,15.890248582070704,0.0,0.7071067811865476,3525.3389482431335,64.5042634249861,32.25213171249305,32.25213171249305,32.25213171249305,0.0,1.9493588689617927,6048.720054689256,41.93804954930546,20.96902477465273,20.96902477465273,20.96902477465273,0.0,1.6431676725154982,4691.495102843016,50.39841267341661,25.199206336708304,25.199206336708304,25.199206336708304,0.0,1.9235384061671346,4753.1675438595685,42.90920647133899,21.454603235669495,21.454603235669495,21.454603235669495,0.0,3.4351128074635335,4389.982835957335,77.63504363365811,38.81752181682906,38.81752181682906,38.81752181682906,0.0,2.5884358211089573,6493.741664094746,51.07641334314695,25.538206671573477,25.538206671573477,25.538206671573477,0.0,0.8366600265340757,4811.225488376116,60.50454528380492,30.25227264190246,30.25227264190246,30.25227264190246,0.0,2.16794833886788,5956.68047657418,66.48308055437865,33.24154027718932,33.24154027718932,33.24154027718932,0.0,2.1908902300206643,6004.163114040124,38.79690709322072,19.39845354661036,19.39845354661036,19.39845354661036,0.0,1.0954451150103321,4517.023112626279,42.59107887809371,21.295539439046856,21.295539439046856,21.295539439046856,0.0,1.0954451150103321,4299.010444276682,61.27968668327213,30.639843341636066,30.639843341636066,30.639843341636066,0.0,1.8165902124584947,6020.130920503308,37.80476160485607,18.902380802428034,18.902380802428034,18.902380802428034,0.0,0.9999999999999998,3317.669588732428,18.846750383023597,9.423375191511798,9.423375191511798,9.423375191511798,0.0,0.7071067811865476,2211.2384086751026,70.2338949510847,35.11694747554235,35.11694747554235,35.11694747554235,0.0,2.792848008753788,7234.5352995199355,49.44491884915982,24.72245942457991,24.72245942457991,24.72245942457991,0.0,1.5165750888103102,5383.2816478426985,54.35071296680477,27.175356483402386,27.175356483402386,27.175356483402386,0.0,1.4832396974191326,5892.0533517611675,18.579558659989747,9.289779329994873,9.289779329994873,9.289779329994873,0.0,0.5477225575051662,2587.697760558601,77.42092740338364,38.71046370169182,38.71046370169182,38.71046370169182,0.0,2.7748873851023217,7228.85194896119,66.5221767533204,33.2610883766602,33.2610883766602,33.2610883766602,0.0,2.9154759474226504,6365.86681450374
0.0,31.035463586033316,15.517731793016658,15.517731793016658,15.517731793016658,0.0,0.7071067811865476,3524.838677159566,63.82789358893179,31.913946794465897,31.913946794465897,31.913946794465897,0.0,1.9493588689617927,6047.703630304647,41.84734161210243,20.923670806051216,20.923670806051216,20.923670806051216,0.0,1.6431676725154982,4692.003974849126,50.465830023888444,25.232915011944222,25.232915011944222,25.232915011944222,0.0,1.9235384061671346,4753.016515856009,42.506470095739544,21.253235047869772,21.253235047869772,21.253235047869772,0.0,3.4351128074635335,4391.057537769233,77.63504363365811,38.81752181682906,38.81752181682906,38.81752181682906,0.0,2.5884358211089573,6492.760753331359,50.86452594883786,25.43226297441893,25.43226297441893,25.43226297441893,0.0,0.5477225575051662,4808.392558849579,59.59194576450747,29.795972882253736,29.795972882253736,29.795972882253736,0.0,1.8708286933869707,5959.4042319681585,66.48308055437865,33.24154027718932,33.24154027718932,33.24154027718932,0.0,2.1908902300206643,6000.910472586639,39.78441906073281,19.892209530366404,19.892209530366404,19.892209530366404,0.0,1.0954451150103321,4516.480078556751,42.59107887809371,21.295539439046856,21.295539439046856,21.295539439046856,0.0,1.0954451150103321,4294.8122426946675,61.699270660195005,30.849635330097502,30.849635330097502,30.849635330097502,0.0,1.8165902124584947,6023.405249524558,37.18601887806761,18.593009439033803,18.593009439033803,18.593009439033803,0.0,0.9999999999999998,3318.7050938581456,19.05780679931455,9.528903399657276,9.528903399657276,9.528903399657276,0.0,0.7071067811865476,2213.1917449692423,70.86042619121056,35.43021309560528,35.43021309560528,35.43021309560528,0.0,2.792848008753788,7238.886309371076,49.34369260604642,24.67184630302321,24.67184630302321,24.67184630302321,0.0,1.5165750888103102,5382.7062245677125,54.232831384688,27.116415692344,27.116415692344,27.116415692344,0.0,1.4832396974191326,5898.2969321660985,17.686152775547317,8.843076387773658,8.843076387773658,8.843076387773658,0.0,0.5477225575051662,2586.05955074511,76.94933398022364,38.47466699011182,38.47466699011182,38.47466699011182,0.0,2.5099800796022267,7229.269658824465,78.10249675906654,39.05124837953327,39.05124837953327,39.05124837953327,0.0,3.96232255123179,7389.866845891068
0.0,50.683330593006616,25.341665296503308,25.341665296503308,25.341665296503308,0.0,1.51657508881031,4304.122767765808,63.82789358893179,31.913946794465897,31.913946794465897,31.913946794465897,0.0,1.9493588689617927,6046.724055221967,42.36980056596916,21.18490028298458,21.18490028298458,21.18490028298458,0.0,1.6431676725154982,4692.628389293148,50.465830023888444,25.232915011944222,25.232915011944222,25.232915011944222,0.0,1.9235384061671346,4751.924473305526,42.06185920760041,21.030929603800207,21.030929603800207,21.030929603800207,0.0,3.4351128074635335,4440.272401553761,78.07176186048319,39.035880930241596,39.035880930241596,39.035880930241596,0.0,2.82842712474619,6489.678012043433,50.86452594883786,25.43226297441893,25.43226297441893,25.43226297441893,0.0,0.5477225575051662,4807.15349245268,59.319474036778175,29.659737018389087,29.659737018389087,29.659737018389087,0.0,1.8708286933869707,5959.370663081799,66.47405508918499,33.23702754459249,33.23702754459249,33.23702754459249,0.0,2.1908902300206643,6002.076015846517,39.5828245581338,19.7914122790669,19.7914122790669,19.7914122790669,0.0,1.0954451150103321,4516.253945472951,43.16480047446067,21.582400237230335,21.582400237230335,21.582400237230335,0.0,1.0954451150103321,4292.277111277882,60.623427814665845,30.311713907332923,30.311713907332923,30.311713907332923,0.0,1.8165902124584947,6025.348396565961,37.89459064299283,18.947295321496416,18.947295321496416,18.947295321496416,0.0,0.9999999999999998,3323.6851234736423,19.308029417835474,9.654014708917737,9.654014708917737,9.654014708917737,0.0,0.7071067811865476,2216.813997610084,71.741201551131,35.8706007755655,35.8706007755655,35.8706007755655,0.0,2.792848008753788,7240.745230982789,48.81802945633918,24.40901472816959,24.40901472816959,24.40901472816959,0.0,1.5165750888103102,5383.659229557532,53.52382647008714,26.76191323504357,26.76191323504357,26.76191323504357,0.0,1.4832396974191326,5897.061624232869,16.994116628998402,8.497058314499201,8.497058314499201,8.497058314499201,0.0,0.5477225575051662,2585.1762995973795,76.6472439165297,38.32362195826485,38.32362195826485,38.32362195826485,0.0,2.5099800796022267,7227.814586719834,77.63246743470157,38.816233717350784,38.816233717350784,38.816233717350784,0.0,3.646916505762094,7385.560148018565
0.0,50.683330593006616,25.341665296503308,25.341665296503308,25.341665296503308,0.0,1.51657508881031,4308.033449266614,64.87834769782597,32.439173848912986,32.439173848912986,32.439173848912986,0.0,1.9493588689617927,6045.973288065372,42.29420764123617,21.147103820618085,21.147103820618085,21.147103820618085,0.0,1.6431676725154982,4688.714994537416,50.465830023888444,25.232915011944222,25.232915011944222,25.232915011944222,0.0,1.9235384061671346,4752.166169232722,42.06185920760041,21.030929603800207,21.030929603800207,21.030929603800207,0.0,3.4351128074635335,4438.286572541255,78.01794665331816,39.00897332665908,39.00897332665908,39.00897332665908,0.0,2.82842712474619,6487.859369622619,50.505445250982596,25.252722625491298,25.252722625491298,25.252722625491298,0.0,0.5477225575051662,4808.600908788335,59.319474036778175,29.659737018389087,29.659737018389087,29.659737018389087,0.0,1.8708286933869707,5959.864344093748,65.9939391156491,32.99696955782455,32.99696955782455,32.99696955782455,0.0,2.1908902300206643,6005.803501614085,39.395431207184416,19.697715603592208,19.697715603592208,19.697715603592208,0.0,1.0954451150103321,4512.341332390536,44.01363425121811,22.006817125609054,22.006817125609054,22.006817125609054,0.0,1.0954451150103321,4297.052047625209,60.4747881352221,30.23739406761105,30.23739406761105,30.23739406761105,0.0,1.8165902124584947,6025.4667620027585,37.89459064299283,18.947295321496416,18.947295321496416,18.947295321496416,0.0,0.9999999999999998,3324.8609444606855,19.308029417835474,9.654014708917737,9.654014708917737,9.654014708917737,0.0,0.7071067811865476,2218.7621098261075,71.03520254071216,35.51760127035608,35.51760127035608,35.51760127035608,0.0,2.792848008753788,7239.64979816013,49.26662156064692,24.63331078032346,24.63331078032346,24.63331078032346,0.0,1.5165750888103102,5382.740593786775,53.52382647008714,26.76191323504357,26.76191323504357,26.76191323504357,0.0,1.4832396974191326,5894.418520939958,16.099689437998485,8.049844718999243,8.049844718999243,8.049844718999243,0.0,0.5477225575051662,2584.151079174745,76.98571296026296,38.49285648013148,38.49285648013148,38.49285648013148,0.0,2.5099800796022267,7231.397084934557,77.00649323271382,38.50324661635691,38.50324661635691,38.50324661635691,0.0,3.4351128074635335,7384.290128373885
0.0,50.683330593006616,25.341665296503308,25.341665296503308,25.341665296503308,0.0,1.51657508881031,4309.132081985884,65.12142504583265,32.560712522916326,32.560712522916326,32.560712522916326,0.0,2.073644135332772,6045.55106669359,41.93804954930546,20.96902477465273,20.96902477465273,20.96902477465273,0.0,1.224744871391589,4687.373731632672,51.23670559276816,25.61835279638408,25.61835279638408,25.61835279638408,0.0,1.9235384061671346,4755.3328169540355,41.92851058647326,20.96425529323663,20.96425529323663,20.96425529323663,0.0,3.049590136395381,4440.770620061342,78.01794665331816,39.00897332665908,39.00897332665908,39.00897332665908,0.0,2.82842712474619,6491.2669795657,51.12729212465687,25.563646062328434,25.563646062328434,25.563646062328434,0.0,0.5477225575051662,4815.994881641799,61.699270660195005,30.849635330097502,30.849635330097502,30.849635330097502,0.0,2.5099800796022267,6133.659894386059,65.9939391156491,32.99696955782455,32.99696955782455,32.99696955782455,0.0,2.1908902300206643,6011.2523071320165,38.58497116754139,19.292485583770695,19.292485583770695,19.292485583770695,0.0,0.7071067811865476,4513.659513078052,44.05451168722677,22.027255843613386,22.027255843613386,22.027255843613386,0.0,1.0954451150103321,4294.645584911518,60.4747881352221,30.23739406761105,30.23739406761105,30.23739406761105,0.0,1.8165902124584947,6029.316379159415,37.5393127267935,18.76965636339675,18.76965636339675,18.76965636339675,0.0,0.9999999999999998,3326.619710757453,18.439088914585778,9.219544457292889,9.219544457292889,9.219544457292889,0.0,0.7071067811865476,2221.1262458491638,70.1512651347073,35.07563256735365,35.07563256735365,35.07563256735365,0.0,2.3874672772626644,7240.223235508695,49.26662156064692,24.63331078032346,24.63331078032346,24.63331078032346,0.0,1.5165750888103102,5383.650406555017,53.133793389894535,26.566896694947268,26.566896694947268,26.566896694947268,0.0,1.4832396974191326,5889.470332720931,16.34625339336204,8.17312669668102,8.17312669668102,8.17312669668102,0.0,0.5477225575051662,2587.321530077002,76.98571296026296,38.49285648013148,38.49285648013148,38.49285648013148,0.0,2.5099800796022267,7230.687055875119,77.49064459662212,38.74532229831106,38.74532229831106,38.74532229831106,0.0,3.7815340802378077,7423.223235226056
0.0,50.72671879788796,25.36335939894398,25.36335939894398,25.36335939894398,0.0,1.51657508881031,4309.025620717519,65.93026619087777,32.96513309543889,32.96513309543889,32.96513309543889,0.0,2.073644135332772,6044.118066351782,41.93804954930546,20.96902477465273,20.96902477465273,20.96902477465273,0.0,1.224744871391589,4685.87950122493,51.4664939548052,25.7332469774026,25.7332469774026,25.7332469774026,0.0,1.5811388300841898,4754.275318068991,41.264997273718556,20.632498636859278,20.632498636859278,20.632498636859278,0.0,3.049590136395381,4442.3382018932325,78.01794665331816,39.00897332665908,39.00897332665908,39.00897332665908,0.0,2.82842712474619,6492.174620263999,51.12729212465687,25.563646062328434,25.563646062328434,25.563646062328434,0.0,0.5477225575051662,4817.906755013011,61.699270660195005,30.849635330097502,30.849635330097502,30.849635330097502,0.0,2.5099800796022267,6133.442809711361,66.60930865877532,33.30465432938766,33.30465432938766,33.30465432938766,0.0,2.1908902300206643,6013.44886067887,39.08964057138413,19.544820285692065,19.544820285692065,19.544820285692065,0.0,0.7071067811865476,4511.299180945551,43.48792935976603,21.743964679883014,21.743964679883014,21.743964679883014,0.0,1.0954451150103321,4291.631018622174,60.471480881486606,30.235740440743303,30.235740440743303,30.235740440743303,0.0,1.8165902124584947,6030.134227361776,37.66696165076233,18.833480825381166,18.833480825381166,18.833480825381166,0.0,0.9999999999999998,3325.2545466475194,17.75387281693772,8.87693640846886,8.87693640846886,8.87693640846886,0.0,0.7071067811865476,2217.269762568371,70.78700445703294,35.39350222851647,35.39350222851647,35.39350222851647,0.0,2.3874672772626644,7241.677140000098,49.21381919745713,24.606909598728564,24.606909598728564,24.606909598728564,0.0,1.3038404810405297,5384.739176598993,53.133793389894535,26.566896694947268,26.566896694947268,26.566896694947268,0.0,1.4832396974191326,5889.429174376749,16.34625339336204,8.17312669668102,8.17312669668102,8.17312669668102,0.0,0.5477225575051662,2586.336733683377,76.92073842599277,38.46036921299638,38.46036921299638,38.46036921299638,0.0,2.5099800796022267,7234.359633029036,77.00649323271382,38.50324661635691,38.50324661635691,38.50324661635691,0.0,3.4351128074635335,7422.068323587436
0.0,50.72671879788796,25.36335939894398,25.36335939894398,25.36335939894398,0.0,1.51657508881031,4306.415876340789,65.5530319664926,32.7765159832463,32.7765159832463,32.7765159832463,0.0,2.073644135332772,6047.466841579208,42.27528828996912,21.13764414498456,21.13764414498456,21.13764414498456,0.0,1.224744871391589,4685.294835973506,51.4664939548052,25.7332469774026,25.7332469774026,25.7332469774026,0.0,1.5811388300841898,4758.561568373367,41.264997273718556,20.632498636859278,20.632498636859278,20.632498636859278,0.0,3.049590136395381,4443.057640859502,77.52418977325722,38.76209488662861,38.76209488662861,38.76209488662861,0.0,2.588435821108957,6490.661021806639,51.12729212465687,25.563646062328434,25.563646062328434,25.563646062328434,0.0,0.5477225575051662,4818.271972398404,61.699270660195005,30.849635330097502,30.849635330097502,30.849635330097502,0.0,2.5099800796022267,6135.456568178117,67.23094525588644,33.61547262794322,33.61547262794322,33.61547262794322,0.0,2.1908902300206643,6011.311529109101,39.60807998376089,19.804039991880444,19.804039991880444,19.804039991880444,0.0,0.7071067811865476,4514.960431720305,44.122556589572184,22.061278294786092,22.061278294786092,22.061278294786092,0.0,1.0954451150103321,4291.567627336192,59.40707028628831,29.703535143144155,29.703535143144155,29.703535143144155,0.0,1.8165902124584947,6026.756880777588,37.54996671103717,18.774983355518586,18.774983355518586,18.774983355518586,0.0,0.9999999999999998,3323.190139007999,17.75387281693772,8.87693640846886,8.87693640846886,8.87693640846886,0.0,0.7071067811865476,2220.6615455760025,70.78700445703294,35.39350222851647,35.39350222851647,35.39350222851647,0.0,2.3874672772626644,7242.155376681724,48.71139497078687,24.355697485393435,24.355697485393435,24.355697485393435,0.0,1.3038404810405297,5384.961717598371,53.75872022286245,26.879360111431225,26.879360111431225,26.879360111431225,0.0,1.4832396974191326,5894.570103069435,16.34625339336204,8.17312669668102,8.17312669668102,8.17312669668102,0.0,0.5477225575051662,2587.8463053280425,76.59765009450355,38.298825047251775,38.298825047251775,38.298825047251775,0.0,2.5099800796022267,7228.498170436235,77.00649323271382,38.50324661635691,38.50324661635691,38.50324661635691,0.0,3.4351128074635335,7424.4320860251655
0.0,49.931953697006485,24.965976848503242,24.965976848503242,24.965976848503242,0.0,1.51657508881031,4309.808731254788,65.19815948322469,32.59907974161234,32.59907974161234,32.59907974161234,0.0,2.073644135332772,6047.755476207682,41.53071152773571,20.765355763867856,20.765355763867856,20.765355763867856,0.0,1.224744871391589,4686.1357534753515,51.536394906900505,25.768197453450252,25.768197453450252,25.768197453450252,0.0,1.5811388300841898,4757.117120694003,41.099878345318736,20.549939172659368,20.549939172659368,20.549939172659368,0.0,3.049590136395381,4442.600229595276,76.55847438396353,38.279237191981764,38.279237191981764,38.279237191981764,0.0,2.3021728866442674,6492.178501858987,50.60829971457251,25.304149857286255,25.304149857286255,25.304149857286255,0.0,0.5477225575051662,4817.29076348937,61.79967637455717,30.899838187278586,30.899838187278586,30.899838187278586,0.0,2.4899799195977463,6136.737773442825,67.74363438729871,33.871817193649356,33.871817193649356,33.871817193649356,0.0,2.1908902300206643,6012.567978825687,39.385276436759966,19.692638218379983,19.692638218379983,19.692638218379983,0.0,0.7071067811865476,4513.864807457131,43.93176527297759,21.965882636488796,21.965882636488796,21.965882636488796,0.0,1.0954451150103321,4284.8939543470615,59.70594610254493,29.852973051272464,29.852973051272464,29.852973051272464,0.0,1.8165902124584947,6027.127151471089,36.97025831665232,18.48512915832616,18.48512915832616,18.48512915832616,0.0,0.9999999999999998,3320.090284916963,18.406520583749664,9.203260291874832,9.203260291874832,9.203260291874832,0.0,0.7071067811865476,2219.884524023716,70.78700445703294,35.39350222851647,35.39350222851647,35.39350222851647,0.0,2.3874672772626644,7241.860030406553,49.18536367660607,24.592681838303037,24.592681838303037,24.592681838303037,0.0,1.3038404810405297,5386.918785354017,54.39852939188705,27.199264695943526,27.199264695943526,27.199264695943526,0.0,1.4832396974191326,5895.913440680757,16.57709262808168,8.28854631404084,8.28854631404084,8.28854631404084,0.0,0.5477225575051662,2585.725275430474,76.11832893594026,38.05916446797013,38.05916446797013,38.05916446797013,0.0,2.302172886644268,7227.018873643544,76.56892319995104,38.28446159997552,38.28446159997552,38.28446159997552,0.0,3.271085446759225,7428.690463332013
0.0,50.33885179461288,25.16942589730644,25.16942589730644,25.16942589730644,0.0,1.51657508881031,4308.6223668360635,64.82283548256741,32.41141774128371,32.41141774128371,32.41141774128371,0.0,2.073644135332772,6048.729304572987,40.792156108742276,20.396078054371138,20.396078054371138,20.396078054371138,0.0,1.224744871391589,4686.525504038146,51.536394906900505,25.768197453450252,25.768197453450252,25.768197453450252,0.0,1.5811388300841898,4757.642409849652,41.099878345318736,20.549939172659368,20.549939172659368,20.549939172659368,0.0,3.049590136395381,4446.453789257232,76.08679254640715,38.04339627320358,38.04339627320358,38.04339627320358,0.0,2.3021728866442674,6492.369344083869,50.60829971457251,25.304149857286255,25.304149857286255,25.304149857286255,0.0,0.5477225575051662,4814.546634938746,61.79967637455717,30.899838187278586,30.899838187278586,30.899838187278586,0.0,2.4899799195977463,6137.332588348133,67.60177512462228,33.80088756231114,33.80088756231114,33.80088756231114,0.0,2.1908902300206643,6010.43592429035,39.385276436759966,19.692638218379983,19.692638218379983,19.692638218379983,0.0,0.7071067811865476,4514.628201745964,43.93176527297759,21.965882636488796,21.965882636488796,21.965882636488796,0.0,1.0954451150103321,4290.059766483446,60.15646266196176,30.07823133098088,30.07823133098088,30.07823133098088,0.0,1.7888543819998315,6028.154153636086,36.97025831665232,18.48512915832616,18.48512915832616,18.48512915832616,0.0,0.9999999999999998,3314.67894372894,18.814887722226782,9.407443861113391,9.407443861113391,9.407443861113391,0.0,0.7071067811865476,2216.1709771585765,70.08566187174092,35.04283093587046,35.04283093587046,35.04283093587046,0.0,2.3874672772626644,7240.658070921454,49.18536367660607,24.592681838303037,24.592681838303037,24.592681838303037,0.0,1.3038404810405297,5386.054817767825,54.00740689942445,27.003703449712226,27.003703449712226,27.003703449712226,0.0,1.4832396974191326,5896.388241966432,16.57709262808168,8.28854631404084,8.28854631404084,8.28854631404084,0.0,0.5477225575051662,2584.2000116090085,75.71525605847212,37.85762802923606,37.85762802923606,37.85762802923606,0.0,2.302172886644268,7226.731799368232,76.08679254640715,38.04339627320358,38.04339627320358,38.04339627320358,0.0,2.9154759474226504,7443.0008598682825
0.0,50.03198976654836,25.01599488327418,25.01599488327418,25.01599488327418,0.0,1.51657508881031,4309.215392620796,63.59874212592573,31.799371062962866,31.799371062962866,31.799371062962866,0.0,1.6431676725154982,6050.662418281159,40.792156108742276,20.396078054371138,20.396078054371138,20.396078054371138,0.0,1.224744871391589,4689.262223420652,51.536394906900505,25.768197453450252,25.768197453450252,25.768197453450252,0.0,1.5811388300841898,4759.365241290061,41.602884515379465,20.801442257689732,20.801442257689732,20.801442257689732,0.0,3.049590136395381,4444.990798640645,75.56454194925024,37.78227097462512,37.78227097462512,37.78227097462512,0.0,2.3021728866442674,6497.466814074543,50.60829971457251,25.304149857286255,25.304149857286255,25.304149857286255,0.0,0.5477225575051662,4816.09299121186,62.315327167559666,31.157663583779833,31.157663583779833,31.157663583779833,0.0,2.4899799195977463,6132.3541972068115,67.10290604735387,33.551453023676935,33.551453023676935,33.551453023676935,0.0,2.1908902300206643,6009.806095041669,40.17461885320133,20.087309426600665,20.087309426600665,20.087309426600665,0.0,0.7071067811865476,4519.717944739473,43.986361522635626,21.993180761317813,21.993180761317813,21.993180761317813,0.0,1.0954451150103321,4294.476720160444,60.15646266196176,30.07823133098088,30.07823133098088,30.07823133098088,0.0,1.7888543819998315,6027.8586579315215,38.05259518088089,19.026297590440446,19.026297590440446,19.026297590440446,0.0,0.9999999999999998,3312.2925293518388,17.966635745180564,8.983317872590282,8.983317872590282,8.983317872590282,0.0,0.7071067811865476,2218.5607271382046,68.69643367744791,34.34821683872396,34.34821683872396,34.34821683872396,0.0,2.0,7236.977566636503,49.21381919745713,24.606909598728564,24.606909598728564,24.606909598728564,0.0,1.3038404810405297,5388.344383945778,54.00740689942445,27.003703449712226,27.003703449712226,27.003703449712226,0.0,1.4832396974191326,5888.104508243719,16.852299546352718,8.426149773176359,8.426149773176359,8.426149773176359,0.0,0.5477225575051662,2581.8612859718082,75.71525605847212,37.85762802923606,37.85762802923606,37.85762802923606,0.0,2.302172886644268,7226.0905543730905,75.65183408219525,37.825917041097625,37.825917041097625,37.825917041097625,0.0,2.9154759474226504,7442.976272970376
0.0,50.813384063650005,25.406692031825003,25.406692031825003,25.406692031825003,0.0,1.51657508881031,4310.601756135679,63.441311461854255,31.720655730927128,31.720655730927128,31.720655730927128,0.0,1.6431676725154982,6047.943352909318,39.78441906073281,19.892209530366404,19.892209530366404,19.892209530366404,0.0,0.8366600265340753,4684.632184067389,52.31443395469361,26.157216977346806,26.157216977346806,26.157216977346806,0.0,1.5811388300841898,4760.281840395587,41.602884515379465,20.801442257689732,20.801442257689732,20.801442257689732,0.0,3.049590136395381,4444.935410104404,76.14985226512262,38.07492613256131,38.07492613256131,38.07492613256131,0.0,2.3021728866442674,6495.3719139091645,50.60829971457251,25.304149857286255,25.304149857286255,25.304149857286255,0.0,0.5477225575051662,4818.193364737451,62.28001284521383,31.140006422606916,31.140006422606916,31.140006422606916,0.0,2.7386127875258306,6131.467034894667,67.71410488221785,33.85705244110893,33.85705244110893,33.85705244110893,0.0,2.1908902300206643,6007.736553811261,40.17461885320133,20.087309426600665,20.087309426600665,20.087309426600665,0.0,0.7071067811865476,4518.329304068042,44.824100660247495,22.412050330123748,22.412050330123748,22.412050330123748,0.0,1.0954451150103321,4293.991639488833,60.623427814665845,30.311713907332923,30.311713907332923,30.311713907332923,0.0,1.7888543819998315,6030.62878147876,38.89987146508327,19.449935732541636,19.449935732541636,19.449935732541636,0.0,0.9999999999999998,3321.9176991611334,18.568791021496256,9.284395510748128,9.284395510748128,9.284395510748128,0.0,0.7071067811865476,2214.7020792874155,68.69643367744791,34.34821683872396,34.34821683872396,34.34821683872396,0.0,2.0,7236.765437680014,48.71139497078687,24.355697485393435,24.355697485393435,24.355697485393435,0.0,1.3038404810405297,5385.081429282198,54.00740689942445,27.003703449712226,27.003703449712226,27.003703449712226,0.0,1.4832396974191326,5886.533555497666,16.852299546352718,8.426149773176359,8.426149773176359,8.426149773176359,0.0,0.5477225575051662,2579.5356171218104,75.61216833288145,37.806084166440726,37.806084166440726,37.806084166440726,0.0,2.3874672772626644,7228.195715391221,75.55130707009641,37.77565353504821,37.77565353504821,37.77565353504821,0.0,2.9154759474226504,7440.529000010684
0.0,50.09191551538032,25.04595775769016,25.04595775769016,25.04595775769016,0.0,1.51657508881031,4303.168448945497,62.77897737300282,31.38948868650141,31.38948868650141,31.38948868650141,0.0,1.6431676725154982,6045.37954143493,39.06404996924922,19.53202498462461,19.53202498462461,19.53202498462461,0.0,0.8366600265340753,4683.425904185951,52.31443395469361,26.157216977346806,26.157216977346806,26.157216977346806,0.0,1.5811388300841898,4764.084717970493,42.600469480981076,21.300234740490538,21.300234740490538,21.300234740490538,0.0,3.049590136395381,4490.435134817115,75.18776496212665,37.593882481063325,37.593882481063325,37.593882481063325,0.0,2.3021728866442674,6492.64662522149,50.41825066382212,25.20912533191106,25.20912533191106,25.20912533191106,0.0,0.5477225575051662,4816.91620230205,62.074149208829276,31.037074604414638,31.037074604414638,31.037074604414638,0.0,2.7386127875258306,6131.642504256099,67.23689463382436,33.61844731691218,33.61844731691218,33.61844731691218,0.0,1.949358868961793,6011.050681869186,40.17461885320133,20.087309426600665,20.087309426600665,20.087309426600665,0.0,0.7071067811865476,4517.81930802904,44.483704881675486,22.241852440837743,22.241852440837743,22.241852440837743,0.0,1.0954451150103321,4291.675465363149,59.715994507334464,29.857997253667232,29.857997253667232,29.857997253667232,0.0,1.414213562373095,6029.846042810712,38.89987146508327,19.449935732541636,19.449935732541636,19.449935732541636,0.0,0.9999999999999998,3320.976859299083,18.568791021496256,9.284395510748128,9.284395510748128,9.284395510748128,0.0,0.7071067811865476,2212.5478073930967,68.69643367744791,34.34821683872396,34.34821683872396,34.34821683872396,0.0,2.0,7236.621704911761,49.25444142409901,24.627220712049503,24.627220712049503,24.627220712049503,0.0,1.3038404810405297,5379.939655795407,53.98147830506312,26.99073915253156,26.99073915253156,26.99073915253156,0.0,1.4832396974191326,5886.870076704598,16.852299546352718,8.426149773176359,8.426149773176359,8.426149773176359,0.0,0.5477225575051662,2577.653254415729,75.61216833288145,37.806084166440726,37.806084166440726,37.806084166440726,0.0,2.3874672772626644,7227.307001919871,75.55130707009641,37.77565353504821,37.77565353504821,37.77565353504821,0.0,2.9154759474226504,7437.504386553328
0.0,50.09191551538032,25.04595775769016,25.04595775769016,25.04595775769016,0.0,1.51657508881031,4306.275618211171,63.30244860982867,31.651224304914336,31.651224304914336,31.651224304914336,0.0,1.6431676725154982,6046.450140371621,38.79690709322072,19.39845354661036,19.39845354661036,19.39845354661036,0.0,0.8366600265340753,4682.26298919657,52.31825685169566,26.15912842584783,26.15912842584783,26.15912842584783,0.0,1.5811388300841898,4765.1149723799945,42.941821107167776,21.470910553583888,21.470910553583888,21.470910553583888,0.0,3.049590136395381,4490.75982435044,75.78126417525641,37.890632087628205,37.890632087628205,37.890632087628205,0.0,2.3021728866442674,6494.793129884893,50.34679731621466,25.17339865810733,25.17339865810733,25.17339865810733,0.0,0.5477225575051662,4814.668867118486,61.556478131874954,30.778239065937477,30.778239065937477,30.778239065937477,0.0,2.7386127875258306,6137.257881171362,66.89693565478167,33.448467827390836,33.448467827390836,33.448467827390836,0.0,2.16794833886788,6008.286178270805,40.17461885320133,20.087309426600665,20.087309426600665,20.087309426600665,0.0,0.7071067811865476,4516.594657482559,44.090815370097204,22.045407685048602,22.045407685048602,22.045407685048602,0.0,1.0954451150103321,4292.108304784491,59.715994507334464,29.857997253667232,29.857997253667232,29.857997253667232,0.0,1.414213562373095,6031.613731001016,38.89987146508327,19.449935732541636,19.449935732541636,19.449935732541636,0.0,0.9999999999999998,3315.8912527403545,17.064583206161235,8.532291603080617,8.532291603080617,8.532291603080617,0.0,0.7071067811865476,2213.794525243931,68.9115374955457,34.45576874777285,34.45576874777285,34.45576874777285,0.0,2.0,7240.121200642984,48.22032766375608,24.11016383187804,24.11016383187804,24.11016383187804,0.0,1.3038404810405297,5381.194402732539,54.26969688509417,27.134848442547085,27.134848442547085,27.134848442547085,0.0,1.4832396974191326,5885.027671982521,39.6333193159493,19.81665965797465,19.81665965797465,19.81665965797465,0.0,3.391164991562634,4627.809287341041,74.88658090739622,37.44329045369811,37.44329045369811,37.44329045369811,0.0,2.1213203435596424,7227.669347721989,76.20236216811129,38.101181084055646,38.101181084055646,38.101181084055646,0.0,2.9154759474226504,7440.26563369884
0.0,50.1717051733345,25.08585258666725,25.08585258666725,25.08585258666725,0.0,1.51657508881031,4299.729444976741,63.614463764147224,31.807231882073612,31.807231882073612,31.807231882073612,0.0,1.6431676725154982,6048.5620191910075,38.79690709322072,19.39845354661036,19.39845354661036,19.39845354661036,0.0,0.8366600265340753,4686.41485572927,51.252317020794294,25.626158510397147,25.626158510397147,25.626158510397147,0.0,1.5811388300841898,4763.932062907698,42.941821107167776,21.470910553583888,21.470910553583888,21.470910553583888,0.0,3.049590136395381,4491.017958102595,75.78126417525641,37.890632087628205,37.890632087628205,37.890632087628205,0.0,2.3021728866442674,6496.813549733438,50.34679731621466,25.17339865810733,25.17339865810733,25.17339865810733,0.0,0.5477225575051662,4813.70444668137,61.62142484558434,30.81071242279217,30.81071242279217,30.81071242279217,0.0,2.3874672772626644,6140.453346455781,67.85278181474949,33.926390907374746,33.926390907374746,33.926390907374746,0.0,2.4083189157584592,6299.195607377183,40.13975585376672,20.06987792688336,20.06987792688336,20.06987792688336,0.0,0.7071067811865476,4515.436523748285,43.895330047739705,21.947665023869853,21.947665023869853,21.947665023869853,0.0,1.0954451150103321,4293.442639654104,61.01475231450178,30.50737615725089,30.50737615725089,30.50737615725089,0.0,1.414213562373095,6035.394916656242,39.6333193159493,19.81665965797465,19.81665965797465,19.81665965797465,0.0,0.9999999999999998,3313.650932129092,17.064583206161235,8.532291603080617,8.532291603080617,8.532291603080617,0.0,0.7071067811865476,2215.5541518997,68.9115374955457,34.45576874777285,34.45576874777285,34.45576874777285,0.0,2.0,7238.583687434994,49.21381919745713,24.606909598728564,24.606909598728564,24.606909598728564,0.0,1.3038404810405297,5382.511616336745,53.63580893395755,26.817904466978774,26.817904466978774,26.817904466978774,0.0,1.4832396974191326,5884.830269430036,39.6333193159493,19.81665965797465,19.81665965797465,19.81665965797465,0.0,3.391164991562634,4628.083166927751,74.88658090739622,37.44329045369811,37.44329045369811,37.44329045369811,0.0,2.1213203435596424,7229.852833910245,74.86521221502014,37.43260610751007,37.43260610751007,37.43260610751007,0.0,2.588435821108957,7442.893644275726
0.0,50.26728558416498,25.13364279208249,25.13364279208249,25.13364279208249,0.0,1.51657508881031,4302.156168713544,63.229739838148944,31.614869919074472,31.614869919074472,31.614869919074472,0.0,1.7320508075688772,6047.626997426346,39.2071422064909,19.60357110324545,19.60357110324545,19.60357110324545,0.0,0.8366600265340753,4689.983070331918,52.03844732503075,26.019223662515376,26.019223662515376,26.019223662515376,0.0,1.5811388300841898,4762.30065199584,42.57698909035255,21.288494545176274,21.288494545176274,21.288494545176274,0.0,3.049590136395381,4491.820877995916,75.78126417525641,37.890632087628205,37.890632087628205,37.890632087628205,0.0,2.3021728866442674,6496.726229417398,49.71116574774725,24.855582873873626,24.855582873873626,24.855582873873626,0.0,0.5477225575051662,4814.195706449832,61.62142484558434,30.81071242279217,30.81071242279217,30.81071242279217,0.0,2.3874672772626644,6143.199915353562,67.35874108087235,33.679370540436175,33.679370540436175,33.679370540436175,0.0,2.4083189157584592,6298.293641931916,39.385276436759966,19.692638218379983,19.692638218379983,19.692638218379983,0.0,0.7071067811865476,4510.696764359138,44.555583264053446,22.277791632026723,22.277791632026723,22.277791632026723,0.0,1.0954451150103321,4294.833663833792,61.01475231450178,30.50737615725089,30.50737615725089,30.50737615725089,0.0,1.414213562373095,6037.27606624047,39.54743986657038,19.77371993328519,19.77371993328519,19.77371993328519,0.0,0.9999999999999998,3313.6759497573084,17.064583206161235,8.532291603080617,8.532291603080617,8.532291603080617,0.0,0.7071067811865476,2215.9302335588095,69.34839579975878,34.67419789987939,34.67419789987939,34.67419789987939,0.0,2.0,7238.272086623989,49.21381919745713,24.606909598728564,24.606909598728564,24.606909598728564,0.0,1.3038404810405297,5381.916545246684,54.31390245600108,27.15695122800054,27.15695122800054,27.15695122800054,0.0,1.4832396974191326,5889.289235552963,39.00256401827962,19.50128200913981,19.50128200913981,19.50128200913981,0.0,2.9495762407505253,4627.936710889639,74.84116514325522,37.42058257162761,37.42058257162761,37.42058257162761,0.0,2.1213203435596424,7230.198980664363,75.24626236564843,37.62313118282422,37.62313118282422,37.62313118282422,0.0,2.588435821108957,7442.5002720859875
0.0,50.26728558416498,25.13364279208249,25.13364279208249,25.13364279208249,0.0,1.51657508881031,4300.507958369569,63.441311461854255,31.720655730927128,31.720655730927128,31.720655730927128,0.0,1.7320508075688772,6043.980393747153,39.73411632338134,19.86705816169067,19.86705816169067,19.86705816169067,0.0,0.8366600265340753,4693.563443696058,51.71846865482388,25.85923432741194,25.85923432741194,25.85923432741194,0.0,1.5811388300841898,4763.675503222275,47.362432369970186,23.681216184985093,23.681216184985093,23.681216184985093,0.0,3.271085446759225,5054.092618858503,75.78126417525641,37.890632087628205,37.890632087628205,37.890632087628205,0.0,2.3021728866442674,6499.387663464921,49.71116574774725,24.855582873873626,24.855582873873626,24.855582873873626,0.0,0.5477225575051662,4811.718695019484,62.69609238222108,31.34804619111054,31.34804619111054,31.34804619111054,0.0,2.3874672772626644,6140.530897243332,65.44310506080835,32.721552530404175,32.721552530404175,32.721552530404175,0.0,2.345207879911715,5844.080834485437,39.385276436759966,19.692638218379983,19.692638218379983,19.692638218379983,0.0,0.7071067811865476,4511.96274364051,44.39369324577535,22.196846622887676,22.196846622887676,22.196846622887676,0.0,1.0954451150103321,4295.8515104691405,61.88053005590692,30.94026502795346,30.94026502795346,30.94026502795346,0.0,1.414213562373095,6034.392968642331,39.18162834798983,19.590814173994914,19.590814173994914,19.590814173994914,0.0,1.3038404810405297,3314.5625352374936,16.45600194457937,8.228000972289685,8.228000972289685,8.228000972289685,0.0,0.7071067811865476,2219.074694551763,69.15200647848188,34.57600323924094,34.57600323924094,34.57600323924094,0.0,2.0,7241.320204216908,57.21188687676714,28.60594343838357,28.60594343838357,28.60594343838357,0.0,1.3416407864998738,6213.024521116909,54.31390245600108,27.15695122800054,27.15695122800054,27.15695122800054,0.0,1.4832396974191326,5888.363168147834,39.00256401827962,19.50128200913981,19.50128200913981,19.50128200913981,0.0,2.9495762407505253,4673.122906579711,74.84116514325522,37.42058257162761,37.42058257162761,37.42058257162761,0.0,2.1213203435596424,7230.227195600426,75.24626236564843,37.62313118282422,37.62313118282422,37.62313118282422,0.0,2.588435821108957,7444.982760221812
0.0,50.26728558416498,25.13364279208249,25.13364279208249,25.13364279208249,0.0,1.51657508881031,4301.9862040689995,63.7589209444451,31.87946047222255,31.87946047222255,31.87946047222255,0.0,1.7320508075688772,6040.554544079542,39.64845520319802,19.82422760159901,19.82422760159901,19.82422760159901,0.0,0.8366600265340753,4692.792526843692,51.47037983151086,25.73518991575543,25.73518991575543,25.73518991575543,0.0,1.5811388300841898,4759.824398021423,47.362432369970186,23.681216184985093,23.681216184985093,23.681216184985093,0.0,3.271085446759225,5048.474541878963,75.78126417525641,37.890632087628205,37.890632087628205,37.890632087628205,0.0,2.3021728866442674,6498.349113428734,49.71116574774725,24.855582873873626,24.855582873873626,24.855582873873626,0.0,0.5477225575051662,4808.767534410455,61.556478131874954,30.778239065937477,30.778239065937477,30.778239065937477,0.0,2.4083189157584592,6144.306104028346,65.11528238439882,32.55764119219941,32.55764119219941,32.55764119219941,0.0,2.16794833886788,5847.019608313282,39.385276436759966,19.692638218379983,19.692638218379983,19.692638218379983,0.0,0.7071067811865476,4512.721595667076,44.84194465007065,22.420972325035326,22.420972325035326,22.420972325035326,0.0,1.0954451150103321,4292.653177232002,62.144991753157385,31.072495876578692,31.072495876578692,31.072495876578692,0.0,1.414213562373095,6033.128773696116,39.4106584568185,19.70532922840925,19.70532922840925,19.70532922840925,0.0,1.3038404810405297,3316.5146162801693,16.769019053003667,8.384509526501834,8.384509526501834,8.384509526501834,0.0,0.7071067811865476,2221.0774862665194,69.15200647848188,34.57600323924094,34.57600323924094,34.57600323924094,0.0,2.0,7239.834859995081,56.7556164621617,28.37780823108085,28.37780823108085,28.37780823108085,0.0,1.3416407864998738,6217.536312720658,53.9555372505918,26.9777686252959,26.9777686252959,26.9777686252959,0.0,1.4832396974191326,5892.380478210823,39.00256401827962,19.50128200913981,19.50128200913981,19.50128200913981,0.0,2.9495762407505253,4670.734653135415,75.6650513777662,37.8325256888831,37.8325256888831,37.8325256888831,0.0,2.1213203435596424,7233.466437331413,75.77070674079792,37.88535337039896,37.88535337039896,37.88535337039896,0.0,2.588435821108957,7448.238771682873
0.0,50.26728558416498,25.13364279208249,25.13364279208249,25.13364279208249,0.0,1.51657508881031,4303.479789658597,63.01428409495739,31.507142047478695,31.507142047478695,31.507142047478695,0.0,1.7320508075688772,6040.3214152890905,39.64845520319802,19.82422760159901,19.82422760159901,19.82422760159901,0.0,0.8366600265340753,4693.421640977934,50.93132631298737,25.465663156493687,25.465663156493687,25.465663156493687,0.0,1.5811388300841898,4760.7898819418615,47.40042193905029,23.700210969525145,23.700210969525145,23.700210969525145,0.0,3.0495901363953815,5047.290193757439,75.78126417525641,37.890632087628205,37.890632087628205,37.890632087628205,0.0,2.3021728866442674,6496.831650889532,48.76474136094644,24.38237068047322,24.38237068047322,24.38237068047322,0.0,0.5477225575051662,4809.798415734281,61.556478131874954,30.778239065937477,30.778239065937477,30.778239065937477,0.0,2.4083189157584592,6142.757336896843,65.61402289145211,32.807011445726054,32.807011445726054,32.807011445726054,0.0,2.16794833886788,5841.380513200625,39.42080668885405,19.710403344427025,19.710403344427025,19.710403344427025,0.0,0.7071067811865476,4512.068815964579,44.89097904924774,22.44548952462387,22.44548952462387,22.44548952462387,0.0,1.0954451150103321,4293.362924328667,62.144991753157385,31.072495876578692,31.072495876578692,31.072495876578692,0.0,1.414213562373095,6032.781555799945,39.84971769034255,19.924858845171276,19.924858845171276,19.924858845171276,0.0,1.3038404810405297,3318.698133304685,16.93517050401324,8.46758525200662,8.46758525200662,8.46758525200662,0.0,0.7071067811865476,2218.5828134194135,69.15200647848188,34.57600323924094,34.57600323924094,34.57600323924094,0.0,2.0,7239.95377747676,55.98214000911362,27.99107000455681,27.99107000455681,27.99107000455681,0.0,1.3416407864998738,6217.153794140852,54.232831384688005,27.116415692344003,27.116415692344003,27.116415692344003,0.0,1.4832396974191326,5891.450542947806,39.00256401827962,19.50128200913981,19.50128200913981,19.50128200913981,0.0,2.9495762407505253,4671.274793886568,75.26486564128047,37.63243282064023,37.63243282064023,37.63243282064023,0.0,2.1213203435596424,7235.156943702051,75.29409007352436,37.64704503676218,37.64704503676218,37.64704503676218,0.0,2.588435821108957,7445.953182769819
0.0,49.47726750741192,24.73863375370596,24.73863375370596,24.73863375370596,0.0,1.51657508881031,4306.059196063147,63.01428409495739,31.507142047478695,31.507142047478695,31.507142047478695,0.0,1.7320508075688772,6042.8438503737625,39.64845520319802,19.82422760159901,19.82422760159901,19.82422760159901,0.0,0.8366600265340753,4694.957049856793,50.93132631298737,25.465663156493687,25.465663156493687,25.465663156493687,0.0,1.5811388300841898,4756.350102757366,48.567478831003775,24.283739415501888,24.283739415501888,24.283739415501888,0.0,3.0495901363953815,5048.284926586454,74.93463818555475,37.46731909277737,37.46731909277737,37.46731909277737,0.0,2.0736441353327724,6496.014031696668,48.71139497078687,24.355697485393435,24.355697485393435,24.355697485393435,0.0,0.5477225575051662,4809.1860329997635,67.53369529353476,33.76684764676738,33.76684764676738,33.76684764676738,0.0,3.6469165057620936,6594.648838262731,66.14227090144396,33.07113545072198,33.07113545072198,33.07113545072198,0.0,2.16794833886788,5841.171389370457,38.46036921299638,19.23018460649819,19.23018460649819,19.23018460649819,0.0,0.7071067811865476,4512.712399433405,44.89097904924774,22.44548952462387,22.44548952462387,22.44548952462387,0.0,1.0954451150103321,4290.011620030883,62.144991753157385,31.072495876578692,31.072495876578692,31.072495876578692,0.0,1.414213562373095,6038.25935183311,39.84971769034255,19.924858845171276,19.924858845171276,19.924858845171276,0.0,1.3038404810405297,3324.4167608770113,16.06237840420901,8.031189202104505,8.031189202104505,8.031189202104505,0.0,0.7071067811865476,2223.685904079081,69.00144926014235,34.500724630071176,34.500724630071176,34.500724630071176,0.0,2.0,7242.22949097859,55.98214000911362,27.99107000455681,27.99107000455681,27.99107000455681,0.0,1.3416407864998738,6219.63453910276,54.19225036847981,27.096125184239906,27.096125184239906,27.096125184239906,0.0,1.4832396974191326,5892.3451782800375,38.89987146508327,19.449935732541636,19.449935732541636,19.449935732541636,0.0,2.9495762407505253,4666.77892126893,75.26486564128047,37.63243282064023,37.63243282064023,37.63243282064023,0.0,2.1213203435596424,7238.7059133521925,75.47979862188292,37.73989931094146,37.73989931094146,37.73989931094146,0.0,2.4083189157584592,7444.497182483179
0.0,48.485049242008614,24.242524621004307,24.242524621004307,24.242524621004307,0.0,1.6431676725154982,4304.115960333783,62.65780079128216,31.32890039564108,31.32890039564108,31.32890039564108,0.0,1.7320508075688772,6039.441919581644,38.79690709322072,19.39845354661036,19.39845354661036,19.39845354661036,0.0,0.8366600265340753,4695.5858313952685,50.40634880647477,25.203174403237384,25.203174403237384,25.203174403237384,0.0,1.5811388300841898,4757.32590853307,48.40661111873047,24.203305559365234,24.203305559365234,24.203305559365234,0.0,3.0495901363953815,5045.913366279687,74.86521221502014,37.43260610751007,37.43260610751007,37.43260610751007,0.0,2.0736441353327724,6497.026265915815,47.99166594316142,23.99583297158071,23.99583297158071,23.99583297158071,0.0,0.5477225575051662,4808.738971913531,67.94998160411818,33.97499080205909,33.97499080205909,33.97499080205909,0.0,3.271085446759225,6595.707103866878,66.14227090144396,33.07113545072198,33.07113545072198,33.07113545072198,0.0,2.16794833886788,5843.639165793864,38.53310265213535,19.266551326067674,19.266551326067674,19.266551326067674,0.0,0.7071067811865476,4512.150950489134,46.74184420837501,23.370922104187503,23.370922104187503,23.370922104187503,0.0,1.0954451150103326,4547.62908557855,62.11924017564928,31.05962008782464,31.05962008782464,31.05962008782464,0.0,1.414213562373095,6040.347034732359,39.84971769034255,19.924858845171276,19.924858845171276,19.924858845171276,0.0,1.3038404810405297,3321.4432555742997,16.52876280911551,8.264381404557755,8.264381404557755,8.264381404557755,0.0,0.7071067811865476,2225.5807781341027,69.01304224565094,34.50652112282547,34.50652112282547,34.50652112282547,0.0,2.0,7239.946153114676,56.09991087336949,28.049955436684744,28.049955436684744,28.049955436684744,0.0,1.3416407864998738,6221.504785821514,54.81970448661685,27.409852243308425,27.409852243308425,27.409852243308425,0.0,1.4832396974191326,5891.608507020812,39.227541345335425,19.613770672667712,19.613770672667712,19.613770672667712,0.0,2.9495762407505253,4665.972856757741,75.22499584579583,37.612497922897916,37.612497922897916,37.612497922897916,0.0,2.1213203435596424,7235.842231558121,75.47979862188292,37.73989931094146,37.73989931094146,37.73989931094146,0.0,2.4083189157584592,7444.864088752729
0.0,49.32342242788917,24.661711213944585,24.661711213944585,24.661711213944585,0.0,1.6431676725154982,4302.989170332642,62.63545321940283,31.317726609701413,31.317726609701413,31.317726609701413,0.0,1.7320508075688772,6038.791559575475,39.54743986657038,19.77371993328519,19.77371993328519,19.77371993328519,0.0,1.140175425099138,4692.511193380363,50.36665563644265,25.183327818221326,25.183327818221326,25.183327818221326,0.0,1.5811388300841898,4757.4861534217835,48.4231349666665,24.21156748333325,24.21156748333325,24.21156748333325,0.0,2.792848008753788,5047.004408557615,75.22499584579583,37.612497922897916,37.612497922897916,37.612497922897916,0.0,2.0736441353327724,6497.141563795574,47.945802736005994,23.972901368002997,23.972901368002997,23.972901368002997,0.0,0.5477225575051662,4810.8402072818835,67.94998160411818,33.97499080205909,33.97499080205909,33.97499080205909,0.0,3.271085446759225,6594.906883345662,66.14227090144396,33.07113545072198,33.07113545072198,33.07113545072198,0.0,2.16794833886788,5842.342937555104,38.53310265213535,19.266551326067674,19.266551326067674,19.266551326067674,0.0,0.7071067811865476,4511.30339259066,46.74184420837501,23.370922104187503,23.370922104187503,23.370922104187503,0.0,1.0954451150103326,4545.459987724014,61.61168720299745,30.805843601498726,30.805843601498726,30.805843601498726,0.0,1.414213562373095,6044.052721477535,51.72233560078276,25.86116780039138,25.86116780039138,25.86116780039138,0.0,1.9235384061671343,4120.675757688295,16.816658407662324,8.408329203831162,8.408329203831162,8.408329203831162,0.0,0.7071067811865476,2220.055449757956,68.30812543175226,34.15406271587613,34.15406271587613,34.15406271587613,0.0,1.6431676725154984,7238.801095485356,56.20320275571491,28.101601377857456,28.101601377857456,28.101601377857456,0.0,1.3416407864998738,6222.794364270766,54.81970448661685,27.409852243308425,27.409852243308425,27.409852243308425,0.0,1.4832396974191326,5889.1014340050215,40.06494727314639,20.032473636573194,20.032473636573194,20.032473636573194,0.0,3.391164991562634,4778.31415878027,75.22499584579583,37.612497922897916,37.612497922897916,37.612497922897916,0.0,2.1213203435596424,7236.0621680579825,74.93196914535211,37.46598457267606,37.46598457267606,37.46598457267606,0.0,2.4083189157584592,7442.068999948871
0.0,49.32342242788917,24.661711213944585,24.661711213944585,24.661711213944585,0.0,1.6431676725154982,4305.054784784974,63.00793600809346,31.50396800404673,31.50396800404673,31.50396800404673,0.0,1.7320508075688772,6036.870778805854,39.93995493237317,19.969977466186585,19.969977466186585,19.969977466186585,0.0,1.140175425099138,4689.969562801021,50.36665563644265,25.183327818221326,25.183327818221326,25.183327818221326,0.0,1.5811388300841898,4756.634135604713,49.01020301937138,24.50510150968569,24.50510150968569,24.50510150968569,0.0,2.792848008753788,5049.9660592918835,76.08679254640715,38.04339627320358,38.04339627320358,38.04339627320358,0.0,2.0736441353327724,6496.225619542474,47.945802736005994,23.972901368002997,23.972901368002997,23.972901368002997,0.0,0.5477225575051662,4813.7986559472965,67.56330364924439,33.781651824622195,33.781651824622195,33.781651824622195,0.0,2.9154759474226504,6594.164867517341,65.47365882551549,32.73682941275774,32.73682941275774,32.73682941275774,0.0,2.16794833886788,5842.692957874819,38.486361220567474,19.243180610283737,19.243180610283737,19.243180610283737,0.0,0.7071067811865476,4512.948958275509,46.16058925100502,23.08029462550251,23.08029462550251,23.08029462550251,0.0,1.0954451150103326,4546.94619497526,61.24704074483925,30.623520372419627,30.623520372419627,30.623520372419627,0.0,1.414213562373095,6046.633501379095,51.973069949734544,25.986534974867272,25.986534974867272,25.986534974867272,0.0,1.9235384061671343,4124.6612345743015,17.08800749063506,8.54400374531753,8.54400374531753,8.54400374531753,0.0,0.7071067811865476,2222.4424177017504,68.30812543175226,34.15406271587613,34.15406271587613,34.15406271587613,0.0,1.6431676725154984,7236.188831145853,55.87486017879597,27.937430089397985,27.937430089397985,27.937430089397985,0.0,1.3416407864998738,6225.80422917393,55.767373974394744,27.883686987197372,27.883686987197372,27.883686987197372,0.0,1.4832396974191326,5887.9697095008905,39.48164130326904,19.74082065163452,19.74082065163452,19.74082065163452,0.0,2.9495762407505253,4774.466724148363,75.1345459825239,37.56727299126195,37.56727299126195,37.56727299126195,0.0,2.1213203435596424,7234.940034305744,75.38434850816182,37.69217425408091,37.69217425408091,37.69217425408091,0.0,2.073644135332772,7444.948569332095
0.0,48.92034341661963,24.460171708309815,24.460171708309815,24.460171708309815,0.0,1.224744871391589,4304.129215067782,63.520075566705685,31.760037783352843,31.760037783352843,31.760037783352843,0.0,1.7320508075688772,6038.8489962906015,40.4623281584241,20.23116407921205,20.23116407921205,20.23116407921205,0.0,1.140175425099138,4691.515714563898,49.85980344927164,24.92990172463582,24.92990172463582,24.92990172463582,0.0,1.5811388300841898,4757.423220610081,49.60645119336799,24.803225596683994,24.803225596683994,24.803225596683994,0.0,2.792848008753788,5051.090080368791,75.62274790035073,37.811373950175366,37.811373950175366,37.811373950175366,0.0,2.0736441353327724,6492.482229471253,49.18129725820579,24.590648629102894,24.590648629102894,24.590648629102894,0.0,0.5477225575051662,4815.175562739119,67.41809846027994,33.70904923013997,33.70904923013997,33.70904923013997,0.0,2.9154759474226504,6595.219238205808,65.47365882551549,32.73682941275774,32.73682941275774,32.73682941275774,0.0,2.16794833886788,5839.689657849979,38.486361220567474,19.243180610283737,19.243180610283737,19.243180610283737,0.0,0.7071067811865476,4511.9980385634035,46.16058925100502,23.08029462550251,23.08029462550251,23.08029462550251,0.0,1.0954451150103326,4549.50000549511,60.491321691627796,30.245660845813898,30.245660845813898,30.245660845813898,0.0,1.414213562373095,6047.490785441512,51.83435154412564,25.91717577206282,25.91717577206282,25.91717577206282,0.0,1.9235384061671343,4123.090915805763,16.21110730332756,8.10555365166378,8.10555365166378,8.10555365166378,0.0,0.7071067811865476,2225.2115180359824,68.12341741281041,34.061708706405206,34.061708706405206,34.061708706405206,0.0,1.6431676725154984,7237.576921871021,55.59856113246097,27.799280566230486,27.799280566230486,27.799280566230486,0.0,1.3416407864998738,6223.6446717337585,55.778131915653105,27.889065957826553,27.889065957826553,27.889065957826553,0.0,1.4832396974191326,5886.307331426045,46.548899020277595,23.274449510138798,23.274449510138798,23.274449510138798,0.0,2.949576240750525,5322.7865352651515,74.66458330426816,37.33229165213408,37.33229165213408,37.33229165213408,0.0,2.1213203435596424,7237.495920551527,74.77165238243703,37.38582619121851,37.38582619121851,37.38582619121851,0.0,2.073644135332772,7448.367639959779
0.0,49.23413450036468,24.61706725018234,24.61706725018234,24.61706725018234,0.0,1.224744871391589,4303.343084161429,61.780255745666835,30.890127872833418,30.890127872833418,30.890127872833418,0.0,1.7320508075688772,6038.95636679054,40.99756090305861,20.498780451529306,20.498780451529306,20.498780451529306,0.0,1.140175425099138,4690.198258069695,49.90791520390328,24.95395760195164,24.95395760195164,24.95395760195164,0.0,1.5811388300841898,4759.949180400984,48.715500613254505,24.357750306627253,24.357750306627253,24.357750306627253,0.0,2.792848008753788,5050.702594689178,74.600268096033,37.3001340480165,37.3001340480165,37.3001340480165,0.0,2.0736441353327724,6492.176769004369,49.14468435141282,24.57234217570641,24.57234217570641,24.57234217570641,0.0,0.5477225575051662,4814.801885851587,67.41809846027994,33.70904923013997,33.70904923013997,33.70904923013997,0.0,2.9154759474226504,6607.6300592572525,65.47365882551549,32.73682941275774,32.73682941275774,32.73682941275774,0.0,2.16794833886788,5845.351332469247,38.66264346885764,19.33132173442882,19.33132173442882,19.33132173442882,0.0,0.7071067811865476,4514.82975315792,45.90424816942327,22.952124084711635,22.952124084711635,22.952124084711635,0.0,1.0954451150103326,4546.822263955344,60.471480881486606,30.235740440743303,30.235740440743303,30.235740440743303,0.0,1.414213562373095,6046.206686840932,52.09606511052442,26.04803255526221,26.04803255526221,26.04803255526221,0.0,1.9235384061671343,4123.777794692629,16.46815108019112,8.23407554009556,8.23407554009556,8.23407554009556,0.0,0.7071067811865476,2226.80865814735,67.23986912539316,33.61993456269658,33.61993456269658,33.61993456269658,0.0,1.5165750888103104,7236.126519070821,55.27024515957931,27.635122579789655,27.635122579789655,27.635122579789655,0.0,1.3416407864998738,6224.582130553023,70.5209188822721,35.26045944113605,35.26045944113605,35.26045944113605,0.0,1.6431676725154982,6925.587072588142,47.29482001234384,23.64741000617192,23.64741000617192,23.64741000617192,0.0,3.082207001484488,5321.575189734709,74.20781629990199,37.103908149950996,37.103908149950996,37.103908149950996,0.0,2.1213203435596424,7235.619565731742,78.96328260653809,39.48164130326904,39.48164130326904,39.48164130326904,0.0,2.9154759474226504,7683.309885719826
0.0,49.81164522478654,24.90582261239327,24.90582261239327,24.90582261239327,0.0,1.224744871391589,4299.788401770487,61.780255745666835,30.890127872833418,30.890127872833418,30.890127872833418,0.0,1.7320508075688772,6035.750972331446,40.890096600521744,20.445048300260872,20.445048300260872,20.445048300260872,0.0,1.140175425099138,4687.644216448172,49.59032163638385,24.795160818191924,24.795160818191924,24.795160818191924,0.0,1.5811388300841898,4756.645004622481,48.88762624632127,24.443813123160634,24.443813123160634,24.443813123160634,0.0,2.588435821108957,5052.315736372778,74.600268096033,37.3001340480165,37.3001340480165,37.3001340480165,0.0,2.0736441353327724,6492.672046237974,49.14468435141282,24.57234217570641,24.57234217570641,24.57234217570641,0.0,0.5477225575051662,4821.795101411922,66.9776081985614,33.4888040992807,33.4888040992807,33.4888040992807,0.0,2.588435821108957,6603.572646681492,65.47365882551549,32.73682941275774,32.73682941275774,32.73682941275774,0.0,2.16794833886788,5847.590683349853,38.47076812334269,19.235384061671343,19.235384061671343,19.235384061671343,0.0,0.7071067811865476,4522.007275535942,45.90424816942327,22.952124084711635,22.952124084711635,22.952124084711635,0.0,1.0954451150103326,4545.346928453317,59.715994507334464,29.857997253667232,29.857997253667232,29.857997253667232,0.0,1.414213562373095,6043.353704690799,51.36925150320958,25.68462575160479,25.68462575160479,25.68462575160479,0.0,1.9235384061671343,4120.1055447645995,16.769019053003667,8.384509526501834,8.384509526501834,8.384509526501834,0.0,0.7071067811865476,2224.680044410881,67.23986912539316,33.61993456269658,33.61993456269658,33.61993456269658,0.0,1.5165750888103104,7232.509681984532,55.839054433254866,27.919527216627433,27.919527216627433,27.919527216627433,0.0,1.3416407864998738,6226.009982324153,70.36192152009494,35.18096076004747,35.18096076004747,35.18096076004747,0.0,1.6431676725154982,6925.525561284139,46.208224376186536,23.104112188093268,23.104112188093268,23.104112188093268,0.0,2.6832815729997477,5328.8559935505855,78.84922320479765,39.42461160239883,39.42461160239883,39.42461160239883,0.0,2.1908902300206643,7631.048990800675,78.96328260653809,39.48164130326904,39.48164130326904,39.48164130326904,0.0,2.9154759474226504,7682.943465885975
0.0,49.81164522478654,24.90582261239327,24.90582261239327,24.90582261239327,0.0,1.224744871391589,4301.174049024289,61.9774152413603,30.98870762068015,30.98870762068015,30.98870762068015,0.0,1.7320508075688772,6034.9260558850265,40.15968127363563,20.079840636817814,20.079840636817814,20.079840636817814,0.0,1.140175425099138,4688.4641621750725,49.650780457108624,24.825390228554312,24.825390228554312,24.825390228554312,0.0,1.5811388300841898,4759.397882085506,49.78754864421425,24.893774322107124,24.893774322107124,24.893774322107124,0.0,2.5495097567963922,5057.552748118402,74.600268096033,37.3001340480165,37.3001340480165,37.3001340480165,0.0,2.0736441353327724,6488.0306179918725,49.12433205652775,24.562166028263874,24.562166028263874,24.562166028263874,0.0,0.5477225575051662,4827.1886435066945,66.83412302110352,33.41706151055176,33.41706151055176,33.41706151055176,0.0,2.588435821108957,6605.533566639413,66.29630457272864,33.14815228636432,33.14815228636432,33.14815228636432,0.0,2.16794833886788,5841.300779792118,38.76596445337069,19.382982226685346,19.382982226685346,19.382982226685346,0.0,0.7071067811865476,4528.755844600148,45.90424816942327,22.952124084711635,22.952124084711635,22.952124084711635,0.0,1.0954451150103326,4544.6738936913835,59.715994507334464,29.857997253667232,29.857997253667232,29.857997253667232,0.0,1.414213562373095,6039.5229778518105,51.36925150320958,25.68462575160479,25.68462575160479,25.68462575160479,0.0,1.9235384061671343,4120.260331581004,17.11139970896595,8.555699854482976,8.555699854482976,8.555699854482976,0.0,0.7071067811865476,2223.9862184824797,66.53420173113976,33.26710086556988,33.26710086556988,33.26710086556988,0.0,1.5165750888103104,7235.343702962562,56.36310850192703,28.181554250963515,28.181554250963515,28.181554250963515,0.0,1.3416407864998738,6226.392093339448,69.79971346646059,34.899856733230294,34.899856733230294,34.899856733230294,0.0,1.3416407864998738,6926.482281793551,46.208224376186536,23.104112188093268,23.104112188093268,23.104112188093268,0.0,2.6832815729997477,5330.1016594432795,80.22468448052632,40.11234224026316,40.11234224026316,40.11234224026316,0.0,2.1908902300206643,7631.445590450082,78.96328260653809,39.48164130326904,39.48164130326904,39.48164130326904,0.0,2.9154759474226504,7682.381056677676
0.0,49.81164522478654,24.90582261239327,24.90582261239327,24.90582261239327,0.0,1.224744871391589,4299.570990226815,61.9774152413603,30.98870762068015,30.98870762068015,30.98870762068015,0.0,1.7320508075688772,6037.242640477522,39.436024140371956,19.718012070185978,19.718012070185978,19.718012070185978,0.0,1.140175425099138,4689.3836268746445,49.650780457108624,24.825390228554312,24.825390228554312,24.825390228554312,0.0,1.5811388300841898,4762.698531295047,50.21951811795888,25.10975905897944,25.10975905897944,25.10975905897944,0.0,2.5495097567963922,5054.337513463065,74.14310487159274,37.07155243579637,37.07155243579637,37.07155243579637,0.0,2.0736441353327724,6485.417719777192,49.416596402423345,24.708298201211672,24.708298201211672,24.708298201211672,0.0,0.8944271909999161,4826.027641860333,67.48925840457872,33.74462920228936,33.74462920228936,33.74462920228936,0.0,2.4083189157584592,6606.074462190083,65.64145031913905,32.82072515956953,32.82072515956953,32.82072515956953,0.0,1.9493588689617927,5838.805973827183,38.771123274932336,19.385561637466168,19.385561637466168,19.385561637466168,0.0,0.7071067811865476,4525.940598372895,45.61578674099571,22.807893370497855,22.807893370497855,22.807893370497855,0.0,1.0954451150103326,4548.238780011446,60.60693029679032,30.30346514839516,30.30346514839516,30.30346514839516,0.0,1.414213562373095,6039.805352823881,50.48564152311031,25.242820761555155,25.242820761555155,25.242820761555155,0.0,1.8708286933869707,4121.690393515748,17.515707236649053,8.757853618324527,8.757853618324527,8.757853618324527,0.0,0.7071067811865476,2224.752637935283,66.77424653262663,33.38712326631332,33.38712326631332,33.38712326631332,0.0,1.5165750888103104,7237.954731828599,56.36310850192703,28.181554250963515,28.181554250963515,28.181554250963515,0.0,1.3416407864998738,6225.431896663877,69.73377947594696,34.86688973797348,34.86688973797348,34.86688973797348,0.0,1.3416407864998738,6926.607012094739,46.208224376186536,23.104112188093268,23.104112188093268,23.104112188093268,0.0,2.6832815729997477,5326.714390691508,80.22468448052632,40.11234224026316,40.11234224026316,40.11234224026316,0.0,2.1908902300206643,7637.018285954277,79.35489902961253,39.67744951480626,39.67744951480626,39.67744951480626,0.0,2.9154759474226504,7677.329529204801
0.0,49.81164522478654,24.90582261239327,24.90582261239327,24.90582261239327,0.0,1.224744871391589,4294.644653519078,61.27968668327213,30.639843341636066,30.639843341636066,30.639843341636066,0.0,1.7320508075688772,6037.102227062252,39.73411632338134,19.86705816169067,19.86705816169067,19.86705816169067,0.0,1.1401754250991378,4685.295220154222,48.89580759124447,24.447903795622235,24.447903795622235,24.447903795622235,0.0,1.5811388300841898,4757.830146190593,49.76745924798653,24.883729623993265,24.883729623993265,24.883729623993265,0.0,2.5495097567963922,5054.845328988811,73.63966322573725,36.819831612868626,36.819831612868626,36.819831612868626,0.0,2.0736441353327724,6487.118566821482,50.047976982091896,25.023988491045948,25.023988491045948,25.023988491045948,0.0,0.8944271909999161,4828.075734700109,67.48925840457872,33.74462920228936,33.74462920228936,33.74462920228936,0.0,2.4083189157584592,6605.886450734678,65.64145031913905,32.82072515956953,32.82072515956953,32.82072515956953,0.0,1.9493588689617927,5834.625549253354,39.2530253611107,19.62651268055535,19.62651268055535,19.62651268055535,0.0,0.7071067811865476,4527.489072322538,46.16058925100502,23.08029462550251,23.08029462550251,23.08029462550251,0.0,1.0954451150103326,4552.067629110973,60.60693029679032,30.30346514839516,30.30346514839516,30.30346514839516,0.0,1.414213562373095,6035.795241722502,50.48564152311031,25.242820761555155,25.242820761555155,25.242820761555155,0.0,1.8708286933869707,4122.990152789599,17.064583206161235,8.532291603080617,8.532291603080617,8.532291603080617,0.0,0.7071067811865476,2226.5689299907153,66.77424653262663,33.38712326631332,33.38712326631332,33.38712326631332,0.0,1.5165750888103104,7239.242626131549,56.36310850192703,28.181554250963515,28.181554250963515,28.181554250963515,0.0,1.3416407864998738,6222.897556604961,69.00144926014235,34.500724630071176,34.500724630071176,34.500724630071176,0.0,1.3416407864998738,6929.960771894744,46.355150738618036,23.177575369309018,23.177575369309018,23.177575369309018,0.0,2.6832815729997477,5327.664657239606,83.73052012259329,41.865260061296645,41.865260061296645,41.865260061296645,0.0,3.646916505762094,8031.270590635084,79.39017571463108,39.69508785731554,39.69508785731554,39.69508785731554,0.0,2.9154759474226504,7673.6723477094065
0.0,51.02940328869229,25.514701644346147,25.514701644346147,25.514701644346147,0.0,1.224744871391589,4293.876011251373,61.48821025204751,30.744105126023754,30.744105126023754,30.744105126023754,0.0,1.7320508075688772,6037.265813263484,39.73411632338134,19.86705816169067,19.86705816169067,19.86705816169067,0.0,1.1401754250991378,4681.18833203707,48.8589807507279,24.42949037536395,24.42949037536395,24.42949037536395,0.0,1.5811388300841898,4757.212965592354,50.860593783399736,25.430296891699868,25.430296891699868,25.430296891699868,0.0,2.5495097567963922,5054.96488612928,73.73465942146882,36.86732971073441,36.86732971073441,36.86732971073441,0.0,2.0736441353327724,6485.599293820118,49.77147777593106,24.88573888796553,24.88573888796553,24.88573888796553,0.0,0.8944271909999161,4826.456029013421,68.15276956954868,34.07638478477434,34.07638478477434,34.07638478477434,0.0,2.2803508501982757,6605.617889342374,65.29931086925804,32.64965543462902,32.64965543462902,32.64965543462902,0.0,1.9493588689617927,5834.684627295635,39.44616584663204,19.72308292331602,19.72308292331602,19.72308292331602,0.0,0.7071067811865476,4529.679756892313,45.59824558028521,22.799122790142604,22.799122790142604,22.799122790142604,0.0,1.0954451150103326,4549.97256035682,61.01475231450178,30.50737615725089,30.50737615725089,30.50737615725089,0.0,1.414213562373095,6037.111958544417,50.48564152311031,25.242820761555155,25.242820761555155,25.242820761555155,0.0,1.8708286933869707,4123.569000271488,17.515707236649053,8.757853618324527,8.757853618324527,8.757853618324527,0.0,0.7071067811865476,2225.405131655807,67.28149819972799,33.640749099863996,33.640749099863996,33.640749099863996,0.0,1.5165750888103104,7236.173042430646,56.54378834142615,28.271894170713075,28.271894170713075,28.271894170713075,0.0,1.3416407864998738,6221.812059199474,69.29646455628166,34.64823227814083,34.64823227814083,34.64823227814083,0.0,1.51657508881031,6930.632669533136,46.681902274864505,23.340951137432253,23.340951137432253,23.340951137432253,0.0,2.6832815729997477,5329.987645389058,83.06142305547142,41.53071152773571,41.53071152773571,41.53071152773571,0.0,3.286335345030997,8029.348933755464,78.77055287351993,39.385276436759966,39.385276436759966,39.385276436759966,0.0,2.9154759474226504,7670.479241872701
0.0,51.896049946021904,25.948024973010952,25.948024973010952,25.948024973010952,0.0,1.224744871391589,4292.805353146122,62.52039667180623,31.260198335903116,31.260198335903116,31.260198335903116,0.0,1.7320508075688772,6035.126402984448,38.7195041290562,19.3597520645281,19.3597520645281,19.3597520645281,0.0,1.1401754250991378,4681.579936303555,48.838509395762685,24.419254697881343,24.419254697881343,24.419254697881343,0.0,1.5811388300841898,4758.195014918998,50.860593783399736,25.430296891699868,25.430296891699868,25.430296891699868,0.0,2.5495097567963922,5054.224203574669,74.26439254447585,37.13219627223793,37.13219627223793,37.13219627223793,0.0,2.0736441353327724,6484.553245983874,49.77147777593106,24.88573888796553,24.88573888796553,24.88573888796553,0.0,0.8944271909999161,4827.905840009724,75.3976126943022,37.6988063471511,37.6988063471511,37.6988063471511,0.0,3.1144823004794873,7218.25514234569,65.29931086925804,32.64965543462902,32.64965543462902,32.64965543462902,0.0,1.9493588689617927,5832.641142741426,39.93494710150497,19.967473550752484,19.967473550752484,19.967473550752484,0.0,0.7071067811865476,4528.653464331313,45.32107677449864,22.66053838724932,22.66053838724932,22.66053838724932,0.0,1.0954451150103326,4548.636850749904,61.514225996918796,30.757112998459398,30.757112998459398,30.757112998459398,0.0,1.414213562373095,6036.557007102642,50.48564152311031,25.242820761555155,25.242820761555155,25.242820761555155,0.0,1.8708286933869707,4124.453757772052,17.742604092973497,8.871302046486749,8.871302046486749,8.871302046486749,0.0,0.7071067811865476,2223.2011155088962,67.55146186427056,33.77573093213528,33.77573093213528,33.77573093213528,0.0,1.5165750888103104,7239.276655854506,56.2209925205879,28.11049626029395,28.11049626029395,28.11049626029395,0.0,1.3416407864998738,6224.882271979125,69.2444943659783,34.62224718298915,34.62224718298915,34.62224718298915,0.0,1.51657508881031,6931.201879905101,46.681902274864505,23.340951137432253,23.340951137432253,23.340951137432253,0.0,2.6832815729997477,5328.378149118173,83.06142305547142,41.53071152773571,41.53071152773571,41.53071152773571,0.0,3.286335345030997,8029.827320683801,78.26876771739798,39.13438385869899,39.13438385869899,39.13438385869899,0.0,2.588435821108957,7670.435170184283
0.0,51.13902619330955,25.569513096654774,25.569513096654774,25.569513096654774,0.0,1.224744871391589,4291.867390775255,62.18681532286406,31.09340766143203,31.09340766143203,31.09340766143203,0.0,1.7320508075688772,6037.7337884342,38.61605883567095,19.308029417835474,19.308029417835474,19.308029417835474,0.0,1.1401754250991378,4687.134924450117,48.91625496703524,24.45812748351762,24.45812748351762,24.45812748351762,0.0,1.5811388300841898,4756.86111842673,50.26728558416498,25.13364279208249,25.13364279208249,25.13364279208249,0.0,2.5495097567963922,5055.246878244425,74.26439254447585,37.13219627223793,37.13219627223793,37.13219627223793,0.0,2.0736441353327724,6488.104253169797,49.68702043793731,24.843510218968657,24.843510218968657,24.843510218968657,0.0,0.8944271909999161,4825.242087191066,75.97367965289031,37.986839826445156,37.986839826445156,37.986839826445156,0.0,3.1144823004794873,7214.301352175414,65.12449615927942,32.56224807963971,32.56224807963971,32.56224807963971,0.0,1.9493588689617927,5832.040011865488,39.93494710150497,19.967473550752484,19.967473550752484,19.967473550752484,0.0,0.7071067811865476,4527.163438622467,44.975548912714785,22.487774456357393,22.487774456357393,22.487774456357393,0.0,1.0954451150103326,4548.296417341333,61.11301007150605,30.556505035753023,30.556505035753023,30.556505035753023,0.0,1.414213562373095,6034.992932887329,50.011998560345496,25.005999280172748,25.005999280172748,25.005999280172748,0.0,1.4832396974191324,4119.602310903323,17.742604092973497,8.871302046486749,8.871302046486749,8.871302046486749,0.0,0.7071067811865476,2224.6235187105253,87.76103919165953,43.88051959582977,43.88051959582977,43.88051959582977,0.0,3.271085446759225,9179.971824575498,56.2209925205879,28.11049626029395,28.11049626029395,28.11049626029395,0.0,1.3416407864998738,6221.406537110398,67.53369529353476,33.76684764676738,33.76684764676738,33.76684764676738,0.0,1.51657508881031,6932.262062270872,47.0233984309939,23.51169921549695,23.51169921549695,23.51169921549695,0.0,2.6832815729997477,5326.840855516522,83.21778656032616,41.60889328016308,41.60889328016308,41.60889328016308,0.0,3.646916505762094,8050.373730455003,78.11017859408592,39.05508929704296,39.05508929704296,39.05508929704296,0.0,2.588435821108957,7666.621831028318
0.0,50.386506130113844,25.193253065056922,25.193253065056922,25.193253065056922,0.0,1.224744871391589,4290.1621764217725,56.15336143099538,28.07668071549769,28.07668071549769,28.07668071549769,0.0,1.816590212458495,5222.9931744163705,39.048687557970496,19.524343778985248,19.524343778985248,19.524343778985248,0.0,1.1401754250991378,4682.689024481553,49.69909455915671,24.849547279578356,24.849547279578356,24.849547279578356,0.0,1.5811388300841898,4755.64839953502,49.81164522478654,24.90582261239327,24.90582261239327,24.90582261239327,0.0,2.5495097567963922,5051.718984662548,70.31358332498779,35.156791662493895,35.156791662493895,35.156791662493895,0.0,1.6431676725154984,6281.589950004696,50.011998560345496,25.005999280172748,25.005999280172748,25.005999280172748,0.0,0.8944271909999161,4828.699048398026,75.62274790035073,37.811373950175366,37.811373950175366,37.811373950175366,0.0,3.1144823004794873,7216.964126279138,65.12449615927942,32.56224807963971,32.56224807963971,32.56224807963971,0.0,1.9493588689617927,5831.406236920902,40.43760625952036,20.21880312976018,20.21880312976018,20.21880312976018,0.0,0.7071067811865476,4526.057964719409,44.975548912714785,22.487774456357393,22.487774456357393,22.487774456357393,0.0,1.0954451150103326,4550.446604455436,60.965564050535946,30.482782025267973,30.482782025267973,30.482782025267973,0.0,1.414213562373095,6035.361563319965,50.299105359837164,25.149552679918582,25.149552679918582,25.149552679918582,0.0,1.4832396974191324,4120.0964430459635,17.742604092973497,8.871302046486749,8.871302046486749,8.871302046486749,0.0,0.7071067811865476,2228.6874388303086,87.85670150876369,43.928350754381846,43.928350754381846,43.928350754381846,0.0,3.271085446759225,9183.071746425592,56.2209925205879,28.11049626029395,28.11049626029395,28.11049626029395,0.0,1.3416407864998738,6223.607731854571,67.15653356152326,33.57826678076163,33.57826678076163,33.57826678076163,0.0,1.30384048104053,6932.642771699692,47.0233984309939,23.51169921549695,23.51169921549695,23.51169921549695,0.0,2.6832815729997477,5327.532477611,82.5348411278534,41.2674205639267,41.2674205639267,41.2674205639267,0.0,3.286335345030997,8055.4167986517,78.11017859408592,39.05508929704296,39.05508929704296,39.05508929704296,0.0,2.588435821108957,7662.366494758653
0.0,49.63869458396343,24.819347291981714,24.819347291981714,24.819347291981714,0.0,1.224744871391589,4291.179651331321,56.15336143099538,28.07668071549769,28.07668071549769,28.07668071549769,0.0,1.816590212458495,5225.45019113186,39.86477141537375,19.932385707686876,19.932385707686876,19.932385707686876,0.0,1.1401754250991378,4682.825130196514,49.69909455915671,24.849547279578356,24.849547279578356,24.849547279578356,0.0,1.5811388300841898,4757.070705802048,50.51732376126036,25.25866188063018,25.25866188063018,25.25866188063018,0.0,2.5495097567963922,5048.712093197631,70.31358332498779,35.156791662493895,35.156791662493895,35.156791662493895,0.0,1.6431676725154984,6282.745920375899,50.97842680977906,25.48921340488953,25.48921340488953,25.48921340488953,0.0,0.8944271909999161,4828.830531298443,75.21436033098999,37.607180165494995,37.607180165494995,37.607180165494995,0.0,3.1144823004794873,7213.342706401797,64.96768427456838,32.48384213728419,32.48384213728419,32.48384213728419,0.0,1.9493588689617927,5832.99878278746,38.13135192987524,19.06567596493762,19.06567596493762,19.06567596493762,0.0,0.7071067811865476,4527.365989181789,45.06883623969006,22.53441811984503,22.53441811984503,22.53441811984503,0.0,1.0954451150103326,4546.282734278632,61.475198251002006,30.737599125501003,30.737599125501003,30.737599125501003,0.0,1.414213562373095,6032.443866294986,49.282857060036605,24.641428530018302,24.641428530018302,24.641428530018302,0.0,1.4832396974191324,4121.989531767397,17.92205345377588,8.96102672688794,8.96102672688794,8.96102672688794,0.0,0.7071067811865476,2226.7968699457074,87.85670150876369,43.928350754381846,43.928350754381846,43.928350754381846,0.0,3.271085446759225,9182.653891985694,55.939252765835185,27.969626382917593,27.969626382917593,27.969626382917593,0.0,1.3416407864998738,6217.49376356744,66.78922068717377,33.39461034358688,33.39461034358688,33.39461034358688,0.0,1.30384048104053,6933.920045688442,47.0233984309939,23.51169921549695,23.51169921549695,23.51169921549695,0.0,2.6832815729997477,5322.51436822861,82.5348411278534,41.2674205639267,41.2674205639267,41.2674205639267,0.0,3.286335345030997,8050.974767070134,78.74769837906375,39.373849189531875,39.373849189531875,39.373849189531875,0.0,2.588435821108957,7665.52899022631
0.0,49.042838417041075,24.521419208520538,24.521419208520538,24.521419208520538,0.0,1.224744871391589,4292.897331639787,55.731499172371095,27.865749586185547,27.865749586185547,27.865749586185547,0.0,1.816590212458495,5228.844738563194,38.19947643620263,19.099738218101315,19.099738218101315,19.099738218101315,0.0,0.8366600265340757,4680.605142500272,49.18129725820579,24.590648629102894,24.590648629102894,24.590648629102894,0.0,1.3038404810405297,4757.938282491693,50.0679538227797,25.03397691138985,25.03397691138985,25.03397691138985,0.0,2.5495097567963922,5046.811646970788,69.79398254864095,34.89699127432048,34.89699127432048,34.89699127432048,0.0,1.6431676725154984,6279.570948719347,50.37856687124,25.18928343562,25.18928343562,25.18928343562,0.0,0.8944271909999161,4828.080778114633,74.81443710942428,37.40721855471214,37.40721855471214,37.40721855471214,0.0,2.8284271247461903,7212.970206509937,65.11528238439882,32.55764119219941,32.55764119219941,32.55764119219941,0.0,1.9493588689617927,5833.701843598112,38.13135192987524,19.06567596493762,19.06567596493762,19.06567596493762,0.0,0.7071067811865476,4531.56909910905,44.438721853806726,22.219360926903363,22.219360926903363,22.219360926903363,0.0,1.0954451150103326,4548.713917141855,61.475198251002006,30.737599125501003,30.737599125501003,30.737599125501003,0.0,1.414213562373095,6034.728643443714,49.558046773455466,24.779023386727733,24.779023386727733,24.779023386727733,0.0,1.4832396974191324,4124.307372153536,18.143869488066763,9.071934744033381,9.071934744033381,9.071934744033381,0.0,0.7071067811865476,2225.2521879553337,92.00652150798878,46.00326075399439,46.00326075399439,46.00326075399439,0.0,3.492849839314596,9675.183900061022,55.939252765835185,27.969626382917593,27.969626382917593,27.969626382917593,0.0,1.3416407864998738,6218.71330742944,66.15134163416491,33.075670817082454,33.075670817082454,33.075670817082454,0.0,1.30384048104053,6933.1186849786445,47.0233984309939,23.51169921549695,23.51169921549695,23.51169921549695,0.0,2.6832815729997477,5321.820816224462,82.46696308219431,41.233481541097156,41.233481541097156,41.233481541097156,0.0,3.646916505762094,8106.174109899194,80.03749121505496,40.01874560752748,40.01874560752748,40.01874560752748,0.0,2.588435821108957,7667.74975465423
0.0,48.92851929090027,24.464259645450134,24.464259645450134,24.464259645450134,0.0,1.224744871391589,4289.637805223187,56.078516385510774,28.039258192755387,28.039258192755387,28.039258192755387,0.0,1.816590212458495,5231.745530891196,37.34702130023223,18.673510650116114,18.673510650116114,18.673510650116114,0.0,0.8366600265340757,4681.593724363532,49.18129725820579,24.590648629102894,24.590648629102894,24.590648629102894,0.0,1.3038404810405297,4757.6135509307605,49.931953697006485,24.965976848503242,24.965976848503242,24.965976848503242,0.0,2.5495097567963922,5041.82503663108,69.79398254864095,34.89699127432048,34.89699127432048,34.89699127432048,0.0,1.6431676725154984,6276.4996853341745,50.41031640448213,25.205158202241062,25.205158202241066,25.205158202241066,0.0,0.8366600265340753,4827.625782928913,74.08103670980854,37.04051835490427,37.04051835490427,37.04051835490427,0.0,2.8284271247461903,7213.638007274832,65.93026619087777,32.96513309543889,32.96513309543889,32.96513309543889,0.0,1.9493588689617927,5833.219762703956,38.92557000224917,19.462785001124583,19.462785001124583,19.462785001124583,0.0,0.8366600265340757,4529.320059346656,44.213120224657295,22.106560112328648,22.106560112328648,22.106560112328648,0.0,1.0954451150103326,4547.195454343259,61.475198251002006,30.737599125501003,30.737599125501003,30.737599125501003,0.0,1.414213562373095,6035.608146657635,49.558046773455466,24.779023386727733,24.779023386727733,24.779023386727733,0.0,1.4832396974191324,4123.373291372005,17.4928556845359,8.74642784226795,8.74642784226795,8.74642784226795,0.0,0.7071067811865476,2221.5716958945977,91.48333181514543,45.74166590757272,45.74166590757272,45.74166590757272,0.0,3.492849839314596,9672.624499069527,55.767373974394744,27.883686987197372,27.883686987197372,27.883686987197372,0.0,1.3416407864998738,6222.025337460464,66.78922068717377,33.39461034358688,33.39461034358688,33.39461034358688,0.0,1.30384048104053,6934.814431547538,46.548899020277595,23.274449510138798,23.274449510138798,23.274449510138798,0.0,2.6832815729997477,5322.462794609278,82.8565024605794,41.4282512302897,41.4282512302897,41.4282512302897,0.0,3.271085446759225,8110.07732392238,80.40398000099249,40.201990000496245,40.201990000496245,40.201990000496245,0.0,2.588435821108957,7668.128572213693
0.0,49.30314391598167,24.651571957990836,24.651571957990836,24.651571957990836,0.0,1.224744871391589,4291.199389448129,56.77323312970647,28.386616564853234,28.386616564853234,28.386616564853234,0.0,1.816590212458495,5230.745577831138,37.13219627223793,18.566098136118963,18.566098136118963,18.566098136118963,0.0,0.8366600265340757,4677.102521861158,48.104053883222775,24.052026941611388,24.052026941611388,24.052026941611388,0.0,1.140175425099138,4755.6159748238715,49.931953697006485,24.965976848503242,24.965976848503242,24.965976848503242,0.0,2.5495097567963922,5043.359346705329,69.16646586316233,34.583232931581165,34.583232931581165,34.583232931581165,0.0,1.6431676725154984,6269.451929794182,50.40634880647477,25.203174403237384,25.203174403237384,25.203174403237384,0.0,0.8366600265340753,4829.4764416031685,74.08103670980854,37.04051835490427,37.04051835490427,37.04051835490427,0.0,2.8284271247461903,7217.234601978794,66.89693565478167,33.448467827390836,33.448467827390836,33.448467827390836,0.0,1.9493588689617927,5834.989520127693,38.173289090671766,19.086644545335883,19.086644545335883,19.086644545335883,0.0,0.8366600265340757,4529.025424967274,24.232209969377536,12.116104984688768,12.116104984688768,12.116104984688768,0.0,1.0954451150103326,2711.1613194349025,61.861134810153615,30.930567405076808,30.930567405076808,30.930567405076808,0.0,1.414213562373095,6037.14125228158,49.558046773455466,24.779023386727733,24.779023386727733,24.779023386727733,0.0,1.4832396974191324,4124.39204004663,17.4928556845359,8.74642784226795,8.74642784226795,8.74642784226795,0.0,0.7071067811865476,2220.1230371310508,91.48333181514543,45.74166590757272,45.74166590757272,45.74166590757272,0.0,3.492849839314596,9669.477752184965,55.767373974394744,27.883686987197372,27.883686987197372,27.883686987197372,0.0,1.3416407864998738,6221.859183555989,66.78922068717377,33.39461034358688,33.39461034358688,33.39461034358688,0.0,1.30384048104053,6939.962586354483,46.548899020277595,23.274449510138798,23.274449510138798,23.274449510138798,0.0,2.6832815729997477,5325.622339220084,82.8565024605794,41.4282512302897,41.4282512302897,41.4282512302897,0.0,3.271085446759225,8109.678507807816,80.54067295472518,40.27033647736259,40.27033647736259,40.27033647736259,0.0,2.588435821108957,7668.7438149934305
0.0,49.30314391598167,24.651571957990836,24.651571957990836,24.651571957990836,0.0,1.224744871391589,4288.887466464934,57.225868276505864,28.612934138252932,28.612934138252932,28.612934138252932,0.0,1.816590212458495,5232.742378523903,37.86819245752297,18.934096228761486,18.934096228761486,18.934096228761486,0.0,0.8366600265340757,4679.510786396373,48.98162920932704,24.49081460466352,24.49081460466352,24.49081460466352,0.0,1.51657508881031,4754.801436442956,49.81164522478654,24.90582261239327,24.90582261239327,24.90582261239327,0.0,2.5495097567963922,5044.268083676759,69.80830896103987,34.904154480519935,34.904154480519935,34.904154480519935,0.0,1.6431676725154984,6270.894609224429,50.41825066382212,25.20912533191106,25.20912533191106,25.20912533191106,0.0,0.8366600265340753,4828.487475390197,74.30477777370712,37.15238888685356,37.15238888685356,37.15238888685356,0.0,2.8284271247461903,7215.778010720674,67.71115122341371,33.855575611706854,33.855575611706854,33.855575611706854,0.0,1.9493588689617927,5834.0610641302,38.455168703309575,19.227584351654787,19.227584351654787,19.227584351654787,0.0,0.8366600265340757,4532.396970698837,23.941595602632667,11.970797801316335,11.970797801316333,11.970797801316333,0.0,1.0954451150103326,2711.5189838907636,61.725197448043865,30.862598724021932,30.862598724021932,30.862598724021932,0.0,1.414213562373095,6035.670368732872,49.558046773455466,24.779023386727733,24.779023386727733,24.779023386727733,0.0,1.4832396974191324,4124.916811282381,17.4928556845359,8.74642784226795,8.74642784226795,8.74642784226795,0.0,0.7071067811865476,2218.346861967262,91.48333181514543,45.74166590757272,45.74166590757272,45.74166590757272,0.0,3.492849839314596,9671.566367450518,55.767373974394744,27.883686987197372,27.883686987197372,27.883686987197372,0.0,1.3416407864998738,6219.76923205355,66.43192003848753,33.21596001924377,33.21596001924377,33.21596001924377,0.0,1.30384048104053,6939.951894645957,46.61759324546903,23.308796622734516,23.308796622734516,23.308796622734516,0.0,2.302172886644268,5325.3645415126275,82.96264219514708,41.48132109757354,41.48132109757354,41.48132109757354,0.0,3.271085446759225,8108.402906861498,80.76385330084246,40.38192665042123,40.38192665042123,40.38192665042123,0.0,2.588435821108957,7663.598351949298
0.0,49.103971326156504,24.551985663078252,24.551985663078252,24.551985663078252,0.0,1.224744871391589,4289.035765763676,57.688820407423826,28.844410203711913,28.844410203711913,28.844410203711913,0.0,1.816590212458495,5234.073299066416,37.86819245752297,18.934096228761486,18.934096228761486,18.934096228761486,0.0,0.8366600265340757,4680.229235838775,48.104053883222775,24.052026941611388,24.052026941611388,24.052026941611388,0.0,1.51657508881031,4760.219669300987,48.77294331901654,24.38647165950827,24.38647165950827,24.38647165950827,0.0,2.280350850198276,5047.634376616436,69.80830896103987,34.904154480519935,34.904154480519935,34.904154480519935,0.0,1.6431676725154984,6270.2698745747775,50.41825066382212,25.20912533191106,25.20912533191106,25.20912533191106,0.0,0.8366600265340753,4827.102930329951,73.95403978147509,36.977019890737544,36.977019890737544,36.977019890737544,0.0,2.8284271247461903,7216.733055891703,68.39005775695763,34.195028878478816,34.195028878478816,34.195028878478816,0.0,1.9493588689617927,5834.058235910917,38.62641583165593,19.313207915827967,19.313207915827967,19.313207915827967,0.0,0.8366600265340757,4525.717655797807,25.25866188063018,12.62933094031509,12.62933094031509,12.62933094031509,0.0,1.0954451150103326,2711.8207352256895,60.71902502511054,30.35951251255527,30.35951251255527,30.35951251255527,0.0,1.414213562373095,6037.479772222844,50.28717530345088,25.14358765172544,25.14358765172544,25.14358765172544,0.0,1.4832396974191324,4124.158253510648,17.686152775547317,8.843076387773658,8.843076387773658,8.843076387773658,0.0,0.7071067811865476,2221.1533715617206,92.0803996516088,46.0401998258044,46.0401998258044,46.0401998258044,0.0,3.492849839314596,9670.017719735575,55.03816857418131,27.519084287090656,27.519084287090656,27.519084287090656,0.0,1.3416407864998738,6219.425640684194,67.07607621201467,33.538038106007335,33.538038106007335,33.538038106007335,0.0,1.30384048104053,6943.3547151215025,46.505913602465654,23.252956801232827,23.252956801232827,23.252956801232827,0.0,2.302172886644268,5322.8807238186355,83.1552764411255,41.57763822056275,41.57763822056275,41.57763822056275,0.0,3.646916505762094,8150.119888688755,80.76385330084246,40.38192665042123,40.38192665042123,40.38192665042123,0.0,2.588435821108957,7663.952420259406
0.0,49.96798975344115,24.983994876720576,24.983994876720576,24.983994876720576,0.0,1.224744871391589,4285.923902730892,56.98069848641731,28.490349243208655,28.490349243208655,28.490349243208655,0.0,1.816590212458495,5235.073141800409,37.13219627223793,18.566098136118963,18.566098136118963,18.566098136118963,0.0,0.8366600265340757,4677.1757290057,47.678087209954214,23.839043604977107,23.839043604977107,23.839043604977107,0.0,1.51657508881031,4761.289352685888,48.22032766375608,24.11016383187804,24.11016383187804,24.11016383187804,0.0,2.0736441353327724,5043.020592859006,70.6314377596832,35.3157188798416,35.3157188798416,35.3157188798416,0.0,1.6431676725154984,6275.065194880449,50.46979294588001,25.234896472940004,25.234896472940004,25.234896472940004,0.0,0.8366600265340753,4830.619856705763,73.61249893869926,36.80624946934963,36.80624946934963,36.80624946934963,0.0,2.8284271247461903,7217.099576699769,68.39005775695763,34.195028878478816,34.195028878478816,34.195028878478816,0.0,1.9493588689617927,5832.695886123328,38.62641583165593,19.313207915827967,19.313207915827967,19.313207915827967,0.0,0.8366600265340757,4525.897446915915,25.667099563448925,12.833549781724463,12.833549781724463,12.833549781724463,0.0,1.0954451150103326,2709.818573262793,60.99836063370884,30.49918031685442,30.49918031685442,30.49918031685442,0.0,1.414213562373095,6032.966500818648,50.299105359837164,25.149552679918582,25.149552679918582,25.149552679918582,0.0,1.4832396974191324,4128.7055719680475,17.686152775547317,8.843076387773658,8.843076387773658,8.843076387773658,0.0,0.7071067811865476,2219.2030776835186,92.40129869217208,46.20064934608604,46.20064934608604,46.20064934608604,0.0,3.492849839314596,9670.619121855643,55.03816857418131,27.519084287090656,27.519084287090656,27.519084287090656,0.0,1.3416407864998738,6219.314045777074,66.50413520977474,33.25206760488737,33.25206760488737,33.25206760488737,0.0,1.30384048104053,6941.333315725446,46.88283267892417,23.441416339462084,23.441416339462084,23.441416339462084,0.0,2.302172886644268,5324.124998532623,83.1552764411255,41.57763822056275,41.57763822056275,41.57763822056275,0.0,3.646916505762094,8151.373105189088,80.11242100947892,40.05621050473946,40.05621050473946,40.05621050473946,0.0,2.3021728866442674,7663.390581198378
0.0,50.762190654068505,25.381095327034252,25.381095327034252,25.381095327034252,0.0,1.224744871391589,4282.093611774502,56.9982455870354,28.4991227935177,28.4991227935177,28.4991227935177,0.0,1.816590212458495,5234.776069709191,37.13219627223793,18.566098136118963,18.566098136118963,18.566098136118963,0.0,0.8366600265340757,4674.903282422001,48.34045924481893,24.170229622409465,24.170229622409465,24.170229622409465,0.0,1.51657508881031,4760.858924605937,48.35286961494633,24.176434807473164,24.176434807473164,24.176434807473164,0.0,2.3021728866442674,5047.641578004524,69.67926520852527,34.83963260426263,34.83963260426263,34.83963260426263,0.0,1.6431676725154984,6275.694606973797,48.54688455503607,24.273442277518036,24.273442277518036,24.273442277518036,0.0,0.8366600265340753,4831.4011735727345,73.61249893869926,36.80624946934963,36.80624946934963,36.80624946934963,0.0,2.8284271247461903,7221.443429121356,68.19677411725573,34.098387058627864,34.098387058627864,34.098387058627864,0.0,1.9493588689617927,5833.942877677155,38.40312487285377,19.201562436426887,19.201562436426883,19.201562436426883,0.0,0.8366600265340757,4529.617058869326,25.667099563448925,12.833549781724463,12.833549781724463,12.833549781724463,0.0,1.0954451150103326,2708.5872147671375,60.74537019394976,30.37268509697488,30.37268509697488,30.37268509697488,0.0,1.414213562373095,6029.941600048876,50.1717051733345,25.08585258666725,25.08585258666725,25.08585258666725,0.0,1.4832396974191324,4125.760620782548,17.92205345377588,8.96102672688794,8.96102672688794,8.96102672688794,0.0,0.7071067811865476,2216.0020983744575,91.88471037120375,45.942355185601876,45.942355185601876,45.942355185601876,0.0,3.492849839314596,9672.161909314795,55.03816857418131,27.519084287090656,27.519084287090656,27.519084287090656,0.0,1.3416407864998738,6218.618077997715,66.50413520977474,33.25206760488737,33.25206760488737,33.25206760488737,0.0,1.30384048104053,6939.350019994668,47.273671319244926,23.636835659622463,23.636835659622463,23.636835659622463,0.0,2.302172886644268,5327.8162224311,83.2706430862642,41.6353215431321,41.6353215431321,41.6353215431321,0.0,3.646916505762094,8151.0784133144,79.60401999899251,39.802009999496256,39.802009999496256,39.802009999496256,0.0,2.3021728866442674,7666.239254028013
0.0,50.9823498869952,25.4911749434976,25.4911749434976,25.4911749434976,0.0,1.224744871391589,4283.633737844541,56.302753041036986,28.151376520518493,28.151376520518493,28.151376520518493,0.0,1.816590212458495,5236.239948665454,37.02971779530597,18.514858897652985,18.514858897652985,18.514858897652985,0.0,0.8366600265340757,4673.877694163595,47.74096773212709,23.870483866063545,23.870483866063545,23.870483866063545,0.0,1.51657508881031,4766.043988466745,48.77294331901654,24.38647165950827,24.38647165950827,24.38647165950827,0.0,2.588435821108957,5045.434986202875,69.04201619304001,34.521008096520006,34.521008096520006,34.521008096520006,0.0,1.6431676725154984,6277.357987242722,47.970824466544244,23.985412233272122,23.985412233272122,23.985412233272122,0.0,0.8366600265340753,4829.934833928922,74.30477777370712,37.15238888685356,37.15238888685356,37.15238888685356,0.0,2.8284271247461903,7219.807566687633,67.86751800382861,33.933759001914304,33.933759001914304,33.933759001914304,0.0,1.9493588689617927,5833.928693427783,37.64571688784795,18.822858443923973,18.822858443923973,18.822858443923973,0.0,0.8366600265340757,4530.3601733195555,26.099808428415717,13.049904214207858,13.049904214207858,13.049904214207858,0.0,1.0954451150103326,2706.975932659912,59.170938812900374,29.585469406450187,29.585469406450187,29.585469406450187,0.0,1.414213562373095,6027.447154475932,51.048996072400875,25.524498036200438,25.524498036200438,25.524498036200438,0.0,1.4832396974191324,4128.767334205211,18.514858897652992,9.257429448826496,9.257429448826496,9.257429448826496,0.0,0.7071067811865476,2212.5739083700682,91.99565207117128,45.99782603558564,45.99782603558564,45.99782603558564,0.0,3.492849839314596,9669.583874190243,53.94441583704471,26.972207918522354,26.972207918522354,26.972207918522354,0.0,1.3038404810405297,6221.077197720665,67.08800190794179,33.544000953970894,33.544000953970894,33.544000953970894,0.0,1.30384048104053,6940.144414923943,47.6571085988229,23.82855429941145,23.82855429941145,23.82855429941145,0.0,2.302172886644268,5323.329803797619,84.0880490914137,42.04402454570685,42.04402454570685,42.04402454570685,0.0,3.646916505762094,8149.315474320528,79.60401999899251,39.802009999496256,39.802009999496256,39.802009999496256,0.0,2.073644135332772,7719.252684036195
0.0,51.40817055682881,25.704085278414404,25.704085278414404,25.704085278414404,0.0,1.224744871391589,4281.198862468315,57.10691726927658,28.55345863463829,28.55345863463829,28.55345863463829,0.0,1.816590212458495,5238.861488911498,37.43260610751007,18.716303053755034,18.716303053755034,18.716303053755034,0.0,0.8366600265340757,4672.619746994184,47.24404724407086,23.62202362203543,23.62202362203543,23.62202362203543,0.0,1.51657508881031,4762.2125635044895,50.42618367475374,25.21309183737687,25.21309183737687,25.21309183737687,0.0,2.588435821108957,5045.58133419728,69.87131027825369,34.935655139126844,34.935655139126844,34.935655139126844,0.0,1.6431676725154984,6278.4453250784945,47.904070808230905,23.952035404115453,23.952035404115453,23.952035404115453,0.0,0.8366600265340753,4832.429585622536,74.30477777370712,37.15238888685356,37.15238888685356,37.15238888685356,0.0,2.8284271247461903,7220.433664261448,67.74363438729871,33.871817193649356,33.871817193649356,33.871817193649356,0.0,1.8165902124584952,5833.751880222539,37.64571688784795,18.822858443923973,18.822858443923973,18.822858443923973,0.0,0.8366600265340757,4532.501218973912,26.099808428415717,13.049904214207858,13.049904214207858,13.049904214207858,0.0,1.0954451150103326,2707.5799526514447,59.170938812900374,29.585469406450187,29.585469406450187,29.585469406450187,0.0,1.414213562373095,6026.240843179105,50.88025157170511,25.440125785852555,25.440125785852555,25.440125785852555,0.0,1.4832396974191324,4128.187338287836,18.514858897652992,9.257429448826496,9.257429448826496,9.257429448826496,0.0,0.7071067811865476,2210.055021939499,91.50519110957586,45.75259555478793,45.75259555478793,45.75259555478793,0.0,3.24037034920393,9743.859230305003,53.94441583704471,26.972207918522354,26.972207918522354,26.972207918522354,0.0,1.3038404810405297,6218.702782735319,67.08800190794179,33.544000953970894,33.544000953970894,33.544000953970894,0.0,1.30384048104053,6938.5080745070845,47.04465963316134,23.52232981658067,23.52232981658067,23.52232981658067,0.0,2.302172886644268,5323.979827159378,83.1793243540725,41.58966217703625,41.58966217703625,41.58966217703625,0.0,3.24037034920393,8172.795280685795,79.46823264676269,39.73411632338134,39.73411632338134,39.73411632338134,0.0,2.073644135332772,7717.346707256323
0.0,51.91146308860886,25.95573154430443,25.95573154430443,25.95573154430443,0.0,1.224744871391589,4275.4273119771315,57.10691726927658,28.55345863463829,28.55345863463829,28.55345863463829,0.0,1.816590212458495,5240.435697535082,37.43260610751007,18.716303053755034,18.716303053755034,18.716303053755034,0.0,0.8366600265340757,4671.408224507894,47.24404724407086,23.62202362203543,23.62202362203543,23.62202362203543,0.0,1.51657508881031,4764.141087331483,50.42618367475374,25.21309183737687,25.21309183737687,25.21309183737687,0.0,2.588435821108957,5045.689972640015,70.70219232810253,35.35109616405126,35.35109616405126,35.35109616405126,0.0,1.6431676725154984,6274.055610209396,47.53945729601885,23.769728648009426,23.769728648009426,23.769728648009426,0.0,0.8366600265340753,4832.963759433749,73.96756045727072,36.98378022863536,36.98378022863536,36.98378022863536,0.0,2.8284271247461903,7221.752197354877,68.22609471455918,34.11304735727959,34.11304735727959,34.11304735727959,0.0,1.6431676725154982,5832.661725147447,38.173289090671766,19.086644545335883,19.086644545335883,19.086644545335883,0.0,0.8366600265340757,4532.792660159959,25.713809519400268,12.856904759700134,12.856904759700134,12.856904759700134,0.0,1.0954451150103326,2702.8300908492197,60.03998667554816,30.01999333777408,30.01999333777408,30.01999333777408,0.0,1.414213562373095,6029.133022251209,50.72671879788796,25.36335939894398,25.36335939894398,25.36335939894398,0.0,1.4832396974191324,4124.785630793435,18.867962264113206,9.433981132056603,9.433981132056603,9.433981132056603,0.0,0.7071067811865476,2210.2018686083857,91.50519110957586,45.75259555478793,45.75259555478793,45.75259555478793,0.0,3.24037034920393,9742.895858008542,53.009433122794285,26.504716561397142,26.504716561397142,26.504716561397142,0.0,0.9999999999999999,6218.51929320799,67.08800190794179,33.544000953970894,33.544000953970894,33.544000953970894,0.0,1.30384048104053,6945.78665811152,47.04465963316134,23.52232981658067,23.52232981658067,23.52232981658067,0.0,2.302172886644268,5321.852149393104,83.1793243540725,41.58966217703625,41.58966217703625,41.58966217703625,0.0,3.24037034920393,8168.698751943299,79.3473376995095,39.67366884975475,39.67366884975475,39.67366884975475,0.0,2.073644135332772,7715.961106693061
0.0,51.72233560078276,25.86116780039138,25.86116780039138,25.86116780039138,0.0,1.224744871391589,4271.475236964391,57.10691726927658,28.55345863463829,28.55345863463829,28.55345863463829,0.0,1.816590212458495,5243.592213359082,37.43260610751007,18.716303053755034,18.716303053755034,18.716303053755034,0.0,0.8366600265340757,4669.275232838604,47.24404724407086,23.62202362203543,23.62202362203543,23.62202362203543,0.0,1.51657508881031,4763.628522460584,51.048996072400875,25.524498036200438,25.524498036200438,25.524498036200438,0.0,2.588435821108957,5037.2421720620105,70.09422230112835,35.04711115056418,35.04711115056418,35.04711115056418,0.0,1.4142135623730951,6273.496114607867,48.19543546851714,24.09771773425857,24.09771773425857,24.09771773425857,0.0,0.8366600265340753,4829.724992170879,73.63966322573725,36.819831612868626,36.819831612868626,36.819831612868626,0.0,2.8284271247461903,7221.481336955736,67.86751800382861,33.933759001914304,33.933759001914304,33.933759001914304,0.0,1.6431676725154982,5832.026131628699,38.173289090671766,19.086644545335883,19.086644545335883,19.086644545335883,0.0,0.8366600265340757,4532.6295127662925,25.353500744473138,12.676750372236569,12.676750372236569,12.676750372236569,0.0,1.0954451150103326,2705.4662259950687,60.821048987994274,30.410524493997137,30.410524493997137,30.410524493997137,0.0,1.414213562373095,6029.055415237117,50.307057159011,25.1535285795055,25.1535285795055,25.1535285795055,0.0,1.4832396974191324,4124.8690039806115,19.110206696946005,9.555103348473002,9.555103348473002,9.555103348473002,0.0,0.7071067811865476,2210.408627380919,91.00988957250745,45.50494478625372,45.50494478625372,45.50494478625372,0.0,3.24037034920393,9744.529557654387,53.009433122794285,26.504716561397142,26.504716561397142,26.504716561397142,0.0,0.9999999999999999,6219.757254105662,67.08800190794179,33.544000953970894,33.544000953970894,33.544000953970894,0.0,1.30384048104053,6949.175418709763,46.75467891024384,23.37733945512192,23.37733945512192,23.37733945512192,0.0,2.302172886644268,5318.137484119793,82.74055837375042,41.37027918687521,41.37027918687521,41.37027918687521,0.0,2.8635642126552705,8172.905156674706,79.3473376995095,39.67366884975475,39.67366884975475,39.67366884975475,0.0,2.073644135332772,7715.856381504259
0.0,51.89219594505517,25.946097972527586,25.946097972527586,25.946097972527586,0.0,1.3038404810405297,4269.7359637335885,57.10691726927658,28.55345863463829,28.55345863463829,28.55345863463829,0.0,1.816590212458495,5243.875217813636,37.43260610751007,18.716303053755034,18.716303053755034,18.716303053755034,0.0,0.8366600265340757,4666.55556058213,47.21016839622583,23.605084198112916,23.605084198112916,23.605084198112916,0.0,1.51657508881031,4765.227874928963,51.4664939548052,25.7332469774026,25.7332469774026,25.7332469774026,0.0,2.588435821108957,5037.27409419023,70.09422230112835,35.04711115056418,35.04711115056418,35.04711115056418,0.0,1.4142135623730951,6274.652237375391,48.509792825779,24.2548964128895,24.2548964128895,24.2548964128895,0.0,0.8366600265340753,4833.793779217313,75.75750787875747,37.87875393937873,37.87875393937873,37.87875393937873,0.0,2.8284271247461903,7223.443036391995,67.54850109365863,33.774250546829315,33.774250546829315,33.774250546829315,0.0,1.6431676725154982,5830.967003851077,37.427262790645,18.7136313953225,18.7136313953225,18.7136313953225,0.0,0.8366600265340757,4536.375480491005,24.939927826679853,12.469963913339926,12.469963913339926,12.469963913339926,0.0,1.0954451150103326,2704.4680992757153,60.821048987994274,30.410524493997137,30.410524493997137,30.410524493997137,0.0,1.414213562373095,6029.2962856373215,48.69496893930624,24.34748446965312,24.34748446965312,24.34748446965312,0.0,1.4832396974191324,4126.396284895574,19.421637418096342,9.710818709048171,9.710818709048171,9.710818709048171,0.0,0.8366600265340758,2214.1986812388814,91.4483460758039,45.72417303790195,45.72417303790195,45.72417303790195,0.0,3.24037034920393,9749.475483327296,53.009433122794285,26.504716561397142,26.504716561397142,26.504716561397142,0.0,0.9999999999999999,6220.218139261678,67.38842630600598,33.69421315300299,33.69421315300299,33.69421315300299,0.0,1.30384048104053,6945.887358718108,46.16058925100502,23.08029462550251,23.08029462550251,23.08029462550251,0.0,2.302172886644268,5312.7404604403555,82.74055837375042,41.37027918687521,41.37027918687521,41.37027918687521,0.0,2.8635642126552705,8175.002672782438,78.85936849861277,39.42968424930638,39.42968424930638,39.42968424930638,0.0,2.073644135332772,7716.508977510491
0.0,51.710733895391584,25.855366947695792,25.855366947695792,25.855366947695792,0.0,1.3038404810405297,4265.550761625045,56.41985466128037,28.209927330640184,28.209927330640184,28.209927330640184,0.0,1.816590212458495,5246.09896017984,37.95787138394354,18.97893569197177,18.97893569197177,18.97893569197177,0.0,0.8366600265340757,4669.978404660989,47.21016839622583,23.605084198112916,23.605084198112916,23.605084198112916,0.0,1.51657508881031,4764.62871586024,50.465830023888444,25.232915011944222,25.232915011944222,25.232915011944222,0.0,2.588435821108957,5036.378778447864,70.09422230112835,35.04711115056418,35.04711115056418,35.04711115056418,0.0,1.4142135623730951,6277.383467655931,48.15807305115104,24.07903652557552,24.07903652557552,24.07903652557552,0.0,0.8366600265340753,4836.456812585015,76.01315675591957,38.006578377959784,38.006578377959784,38.006578377959784,0.0,2.8284271247461903,7223.727223532184,67.71410488221787,33.857052441108934,33.857052441108934,33.857052441108934,0.0,1.6431676725154982,5830.5525638656245,37.05671329192593,18.528356645962965,18.528356645962965,18.528356645962965,0.0,0.8366600265340757,4530.802059238518,24.939927826679853,12.469963913339926,12.469963913339926,12.469963913339926,0.0,1.0954451150103326,2704.6367038846456,60.821048987994274,30.410524493997137,30.410524493997137,30.410524493997137,0.0,1.414213562373095,6025.898298179285,48.69496893930624,24.34748446965312,24.34748446965312,24.34748446965312,0.0,1.4832396974191324,4128.866587818018,19.421637418096342,9.710818709048171,9.710818709048171,9.710818709048171,0.0,0.8366600265340758,2214.322537481836,92.03912211663038,46.01956105831519,46.01956105831519,46.01956105831519,0.0,3.24037034920393,9749.64034208442,53.009433122794285,26.504716561397142,26.504716561397142,26.504716561397142,0.0,0.9999999999999999,6220.4267940391355,67.37952211169207,33.689761055846034,33.689761055846034,33.689761055846034,0.0,1.30384048104053,6947.316726621869,46.29038777111291,23.145193885556456,23.145193885556456,23.145193885556456,0.0,2.16794833886788,5311.872193492611,83.6253550067203,41.81267750336015,41.81267750336015,41.81267750336015,0.0,3.63318042491699,8237.031030656615,78.41683492720169,39.208417463600846,39.208417463600846,39.208417463600846,0.0,2.073644135332772,7717.498344671025
0.0,50.93917942016734,25.46958971008367,25.46958971008367,25.46958971008367,0.0,1.3038404810405297,4264.5337963252205,56.231663678038196,28.115831839019098,28.115831839019098,28.115831839019098,0.0,1.816590212458495,5250.710542393286,37.6404038235511,18.82020191177555,18.82020191177555,18.82020191177555,0.0,0.8366600265340757,4669.177282991084,47.21016839622583,23.605084198112916,23.605084198112916,23.605084198112916,0.0,1.51657508881031,4762.663802957332,50.465830023888444,25.232915011944222,25.232915011944222,25.232915011944222,0.0,2.588435821108957,5038.260880502318,70.09422230112835,35.04711115056418,35.04711115056418,35.04711115056418,0.0,1.4142135623730951,6279.656941266776,48.15807305115104,24.07903652557552,24.07903652557552,24.07903652557552,0.0,0.8366600265340753,4838.562875482761,76.2312271972582,38.1156135986291,38.1156135986291,38.1156135986291,0.0,2.6832815729997477,7227.001397536879,67.41809846027994,33.70904923013997,33.70904923013997,33.70904923013997,0.0,1.6431676725154982,5828.751813210098,37.05671329192593,18.528356645962965,18.528356645962965,18.528356645962965,0.0,0.8366600265340757,4529.383490056897,25.203174403237384,12.601587201618692,12.601587201618692,12.601587201618692,0.0,1.0954451150103326,2700.6885603490086,61.29600313234135,30.648001566170674,30.648001566170674,30.648001566170674,0.0,1.414213562373095,6019.892798048815,48.69496893930624,24.34748446965312,24.34748446965312,24.34748446965312,0.0,1.4832396974191324,4130.426043400365,19.421637418096342,9.710818709048171,9.710818709048171,9.710818709048171,0.0,0.8366600265340758,2214.429339581645,91.62314118169056,45.81157059084528,45.81157059084528,45.81157059084528,0.0,2.949576240750525,9749.586539951322,52.92636394085655,26.463181970428273,26.463181970428273,26.463181970428273,0.0,0.9999999999999999,6221.306317808182,67.04326961000635,33.521634805003174,33.521634805003174,33.521634805003174,0.0,1.30384048104053,6947.101892156182,47.467883879524265,23.733941939762133,23.733941939762133,23.733941939762133,0.0,2.16794833886788,5312.177491387124,83.2946576918352,41.6473288459176,41.6473288459176,41.6473288459176,0.0,3.24037034920393,8237.310847600691,78.14089838234521,39.07044919117261,39.07044919117261,39.07044919117261,0.0,2.073644135332772,7718.661205157277
0.0,50.60829971457251,25.304149857286255,25.304149857286255,25.304149857286255,0.0,1.3038404810405297,4264.52767607387,56.231663678038196,28.115831839019098,28.115831839019098,28.115831839019098,0.0,1.816590212458495,5252.548876497962,37.53931272679349,18.769656363396745,18.769656363396745,18.769656363396745,0.0,0.8366600265340757,4670.016734445392,46.70331893987835,23.351659469939175,23.351659469939175,23.351659469939175,0.0,1.51657508881031,4759.125213734138,50.60434763930862,25.30217381965431,25.30217381965431,25.30217381965431,0.0,2.588435821108957,5036.2956823443155,69.44062211702887,34.72031105851443,34.72031105851443,34.72031105851443,0.0,1.4142135623730951,6281.250552238782,47.56889740155851,23.784448700779254,23.784448700779254,23.784448700779254,0.0,0.8366600265340753,4838.058722256273,75.60952320971215,37.804761604856076,37.804761604856076,37.804761604856076,0.0,2.6076809620810595,7219.840420674131,67.41809846027994,33.70904923013997,33.70904923013997,33.70904923013997,0.0,1.6431676725154982,5831.145702175517,37.05671329192593,18.528356645962965,18.528356645962965,18.528356645962965,0.0,0.8366600265340757,4530.88705442985,25.868900247208035,12.934450123604018,12.934450123604018,12.934450123604018,0.0,1.0954451150103326,2702.832680725908,61.780255745666835,30.890127872833418,30.890127872833418,30.890127872833418,0.0,1.414213562373095,6018.238886917002,48.551004109081,24.2755020545405,24.2755020545405,24.2755020545405,0.0,1.4832396974191324,4132.374232810964,19.421637418096342,9.710818709048171,9.710818709048171,9.710818709048171,0.0,0.8366600265340758,2218.175669328288,91.62314118169056,45.81157059084528,45.81157059084528,45.81157059084528,0.0,2.949576240750525,9750.842978942897,52.56234393555904,26.28117196777952,26.28117196777952,26.28117196777952,0.0,0.9999999999999999,6220.557314260515,67.69933529954338,33.84966764977169,33.84966764977169,33.84966764977169,0.0,1.30384048104053,6949.082529370334,48.703182647543684,24.351591323771842,24.351591323771842,24.351591323771842,0.0,1.9999999999999998,5411.73514688219,82.80821215314336,41.40410607657168,41.40410607657168,41.40410607657168,0.0,3.24037034920393,8240.977266077125,78.51624035828512,39.25812017914256,39.25812017914256,39.25812017914256,0.0,2.280350850198276,7715.210094352583
0.0,50.813384063650005,25.406692031825003,25.406692031825003,25.406692031825003,0.0,1.3038404810405297,4263.932246178403,56.55793489865061,28.278967449325304,28.278967449325304,28.278967449325304,0.0,1.816590212458495,5251.653520559024,37.53931272679349,18.769656363396745,18.769656363396745,18.769656363396745,0.0,0.8366600265340757,4668.806025098922,46.67761776269222,23.33880888134611,23.33880888134611,23.33880888134611,0.0,1.51657508881031,4759.841572993791,55.54457669295896,27.77228834647948,27.77228834647948,27.77228834647948,0.0,2.8809720581775866,5389.141425125156,69.5471063380785,34.77355316903925,34.77355316903925,34.77355316903925,0.0,1.4142135623730951,6285.420168930635,47.56889740155851,23.784448700779254,23.784448700779254,23.784448700779254,0.0,0.8366600265340753,4836.653853647168,75.24626236564843,37.62313118282422,37.62313118282422,37.62313118282422,0.0,2.6076809620810595,7218.859868427978,67.05818369147795,33.529091845738975,33.529091845738975,33.529091845738975,0.0,1.6431676725154982,5828.405896984183,36.32079294288604,18.16039647144302,18.16039647144302,18.16039647144302,0.0,0.8366600265340757,4529.267965135205,25.5499510762741,12.77497553813705,12.77497553813705,12.77497553813705,0.0,1.0954451150103326,2702.6027640036186,61.40684000988815,30.703420004944075,30.703420004944075,30.703420004944075,0.0,1.414213562373095,6020.161484545078,48.4231349666665,24.21156748333325,24.21156748333325,24.21156748333325,0.0,1.4832396974191324,4131.544481183762,19.421637418096342,9.710818709048171,9.710818709048171,9.710818709048171,0.0,0.8366600265340758,2214.923587846768,91.62314118169056,45.81157059084528,45.81157059084528,45.81157059084528,0.0,2.949576240750525,9753.701066774602,56.416309698526014,28.208154849263007,28.208154849263007,28.208154849263007,0.0,1.8708286933869709,5820.426728342175,68.28469813948071,34.142349069740355,34.142349069740355,34.142349069740355,0.0,1.30384048104053,6951.643963840495,48.216179856973326,24.108089928486663,24.108089928486663,24.108089928486663,0.0,1.9999999999999998,5410.525556727368,82.80821215314336,41.40410607657168,41.40410607657168,41.40410607657168,0.0,3.24037034920393,8238.159879487652,78.08456953841777,39.042284769208884,39.042284769208884,39.042284769208884,0.0,2.280350850198276,7716.99278864507
0.0,51.78030513621951,25.890152568109755,25.890152568109755,25.890152568109755,0.0,1.3038404810405297,4264.258352867471,56.685095042700596,28.342547521350298,28.342547521350298,28.342547521350298,0.0,1.816590212458495,5251.307408636443,37.96314001765397,18.981570008826985,18.981570008826985,18.981570008826985,0.0,0.8366600265340757,4667.887991372543,46.67761776269222,23.33880888134611,23.33880888134611,23.33880888134611,0.0,1.51657508881031,4764.963147811324,55.81039329730619,27.905196648653096,27.905196648653096,27.905196648653096,0.0,2.8809720581775866,5389.7000102046495,69.23294013690304,34.61647006845152,34.61647006845152,34.61647006845152,0.0,1.30384048104053,6280.32087556042,47.53945729601885,23.769728648009426,23.769728648009426,23.769728648009426,0.0,0.8366600265340753,4837.091667520887,74.82512946864843,37.412564734324214,37.412564734324214,37.412564734324214,0.0,2.3021728866442674,7217.926731409789,67.05818369147795,33.529091845738975,33.529091845738975,33.529091845738975,0.0,1.6431676725154982,5832.766650569864,37.40588189041932,18.70294094520966,18.70294094520966,18.70294094520966,0.0,0.8366600265340757,4530.914620691941,25.5499510762741,12.77497553813705,12.77497553813705,12.77497553813705,0.0,1.0954451150103326,2699.6343826525845,61.40684000988815,30.703420004944075,30.703420004944075,30.703420004944075,0.0,1.414213562373095,6018.8492837086405,47.686476070265456,23.843238035132728,23.843238035132728,23.843238035132728,0.0,1.4832396974191324,4127.508243480563,20.09975124224178,10.04987562112089,10.04987562112089,10.04987562112089,0.0,0.8366600265340758,2215.9753608738524,92.34067359511734,46.17033679755867,46.17033679755867,46.17033679755867,0.0,2.949576240750525,9752.901839965374,56.416309698526014,28.208154849263007,28.208154849263007,28.208154849263007,0.0,1.8708286933869709,5820.433257069443,68.28469813948071,34.142349069740355,34.142349069740355,34.142349069740355,0.0,1.30384048104053,6953.466150057826,48.53040284192992,24.26520142096496,24.26520142096496,24.26520142096496,0.0,1.9999999999999998,5412.568586170526,81.65782265037441,40.82891132518721,40.82891132518721,40.82891132518721,0.0,2.8635642126552705,8236.06248155027,78.46782780222733,39.23391390111367,39.23391390111367,39.23391390111367,0.0,2.280350850198276,7717.079544750073
0.0,62.31211760163508,31.15605880081754,31.15605880081754,31.15605880081754,0.0,1.5165750888103102,5205.723465571332,56.91045598130453,28.455227990652265,28.455227990652265,28.455227990652265,0.0,1.816590212458495,5252.928925846989,38.40312487285377,19.201562436426887,19.201562436426887,19.201562436426887,0.0,0.8366600265340757,4670.922746096321,46.505913602465654,23.252956801232827,23.252956801232827,23.252956801232827,0.0,1.51657508881031,4766.264333836301,54.74668939762476,27.37334469881238,27.37334469881238,27.37334469881238,0.0,2.701851217221259,5389.914192266886,69.23294013690304,34.61647006845152,34.61647006845152,34.61647006845152,0.0,1.30384048104053,6279.228240795202,47.53945729601885,23.769728648009426,23.769728648009426,23.769728648009426,0.0,0.8366600265340753,4833.7342500389905,74.82512946864843,37.412564734324214,37.412564734324214,37.412564734324214,0.0,2.3021728866442674,7215.263106775802,66.38373294716108,33.19186647358054,33.19186647358054,33.19186647358054,0.0,1.6431676725154982,5831.356943285156,37.592552453910336,18.796276226955168,18.796276226955168,18.796276226955168,0.0,0.8366600265340757,4529.079288332232,26.229754097208,13.114877048604,13.114877048604,13.114877048604,0.0,1.0954451150103326,2699.076471684343,61.79967637455717,30.899838187278586,30.899838187278586,30.899838187278586,0.0,1.414213562373095,6015.583205309357,54.50504563799576,27.25252281899788,27.25252281899788,27.25252281899788,0.0,1.9493588689617927,5397.9443587350925,20.06987792688336,10.03493896344168,10.03493896344168,10.03493896344168,0.0,0.8366600265340758,2219.2507068828436,91.84334488682346,45.92167244341173,45.92167244341173,45.92167244341173,0.0,2.701851217221259,9754.845447263631,57.001754358966885,28.500877179483442,28.500877179483442,28.500877179483442,0.0,1.8708286933869709,5820.15874353956,68.6236110970561,34.31180554852805,34.31180554852805,34.31180554852805,0.0,1.30384048104053,6956.921359337045,48.96120913539615,24.480604567698077,24.480604567698077,24.480604567698077,0.0,1.9999999999999998,5411.697672634716,81.65782265037441,40.82891132518721,40.82891132518721,40.82891132518721,0.0,2.8635642126552705,8236.340601262189,79.01139158374569,39.505695791872846,39.505695791872846,39.505695791872846,0.0,2.280350850198276,7715.738882310624
0.0,61.75759062657804,30.87879531328902,30.87879531328902,30.87879531328902,0.0,1.3038404810405297,5205.943353514328,56.91045598130453,28.455227990652265,28.455227990652265,28.455227990652265,0.0,1.816590212458495,5249.6057471013955,37.68288736283355,18.841443681416774,18.841443681416774,18.841443681416774,0.0,0.8366600265340757,4669.874355911516,46.505913602465654,23.252956801232827,23.252956801232827,23.252956801232827,0.0,1.51657508881031,4769.975545010687,55.40036100965408,27.70018050482704,27.70018050482704,27.70018050482704,0.0,2.701851217221259,5392.269587103375,70.17691928262454,35.08845964131227,35.08845964131227,35.08845964131227,0.0,1.30384048104053,6280.805338489643,47.53945729601885,23.769728648009426,23.769728648009426,23.769728648009426,0.0,0.8366600265340753,4835.43046687676,74.04863266799732,37.02431633399866,37.02431633399866,37.02431633399866,0.0,2.3021728866442674,7214.013813405128,66.0393821897207,33.01969109486035,33.01969109486035,33.01969109486035,0.0,1.6431676725154982,5830.229052104214,38.0525951808809,19.02629759044045,19.02629759044045,19.02629759044045,0.0,0.8944271909999157,4527.450905310847,26.623298067669978,13.311649033834989,13.311649033834989,13.311649033834989,0.0,1.0954451150103326,2697.771024382907,61.796440026914176,30.898220013457088,30.898220013457088,30.898220013457088,0.0,1.414213562373095,6018.895272390109,54.96544368964923,27.482721844824614,27.482721844824614,27.482721844824614,0.0,1.9493588689617927,5399.211442423792,20.42547429069886,10.21273714534943,10.21273714534943,10.21273714534943,0.0,0.8366600265340758,2226.2806876043283,72.93010352385357,36.46505176192679,36.46505176192679,36.46505176192679,0.0,2.5884358211089573,7975.720136765081,56.380847812000844,28.190423906000422,28.190423906000422,28.190423906000422,0.0,1.8708286933869709,5820.231206747718,68.69352225646898,34.34676112823449,34.34676112823449,34.34676112823449,0.0,1.30384048104053,6960.202748483697,47.8748368143433,23.93741840717165,23.93741840717165,23.93741840717165,0.0,1.9999999999999998,5414.257474483458,81.66272099311901,40.831360496559505,40.831360496559505,40.831360496559505,0.0,2.8635642126552705,8253.930839303175,67.31121749010339,33.655608745051694,33.655608745051694,33.655608745051694,0.0,2.280350850198276,6458.674376371671
0.0,62.13855485928202,31.06927742964101,31.06927742964101,31.06927742964101,0.0,1.3038404810405297,5205.062795010258,57.23635208501674,28.61817604250837,28.61817604250837,28.61817604250837,0.0,1.816590212458495,5253.384290150493,37.68288736283355,18.841443681416774,18.841443681416774,18.841443681416774,0.0,0.8366600265340757,4670.469301901041,46.70331893987835,23.351659469939175,23.351659469939175,23.351659469939175,0.0,1.51657508881031,4770.145102614804,55.01636120282765,27.508180601413827,27.508180601413827,27.508180601413827,0.0,2.4899799195977463,5399.404809791538,71.00704190430692,35.50352095215346,35.50352095215346,35.50352095215346,0.0,1.30384048104053,6283.937396250857,47.53104248804143,23.765521244020714,23.765521244020714,23.765521244020714,0.0,0.8366600265340753,4833.178064172683,74.04863266799732,37.02431633399866,37.02431633399866,37.02431633399866,0.0,2.3021728866442674,7209.344755246485,65.7054031263792,32.8527015631896,32.8527015631896,32.8527015631896,0.0,1.6431676725154982,5826.137296700104,38.0525951808809,19.02629759044045,19.02629759044045,19.02629759044045,0.0,0.8944271909999157,4526.009522747384,27.422618401604176,13.711309200802088,13.711309200802088,13.711309200802088,0.0,1.0954451150103326,2698.054335998443,61.69278726074872,30.84639363037436,30.84639363037436,30.84639363037436,0.0,1.414213562373095,6022.916378300466,54.633323164530275,27.316661582265137,27.316661582265137,27.316661582265137,0.0,1.9493588689617927,5400.181496949895,20.76535576386786,10.38267788193393,10.38267788193393,10.38267788193393,0.0,0.8366600265340758,2230.041860593653,72.62781836183709,36.31390918091854,36.31390918091854,36.31390918091854,0.0,2.5884358211089573,7980.906884558923,56.356011214421486,28.178005607210743,28.178005607210743,28.178005607210743,0.0,1.8708286933869709,5819.383747442679,68.61486719363377,34.307433596816885,34.307433596816885,34.307433596816885,0.0,1.30384048104053,6958.824218213879,48.77704378086068,24.38852189043034,24.38852189043034,24.38852189043034,0.0,1.9999999999999998,5414.274281932898,81.77530189488755,40.887650947443774,40.887650947443774,40.887650947443774,0.0,2.8635642126552705,8252.598305988242,66.86703223562415,33.433516117812076,33.433516117812076,33.433516117812076,0.0,2.280350850198276,6459.135677472645
0.0,62.13855485928202,31.06927742964101,31.06927742964101,31.06927742964101,0.0,1.3038404810405297,5210.865158493358,56.87530219699936,28.43765109849968,28.43765109849968,28.43765109849968,0.0,1.816590212458495,5254.295309553889,37.459311259018094,18.729655629509047,18.729655629509047,18.729655629509047,0.0,0.8366600265340757,4666.912716132582,46.462888416455556,23.231444208227778,23.231444208227778,23.231444208227778,0.0,1.51657508881031,4768.195434333622,54.644304369257,27.3221521846285,27.3221521846285,27.3221521846285,0.0,2.4899799195977463,5402.091659718483,71.00704190430692,35.50352095215346,35.50352095215346,35.50352095215346,0.0,1.30384048104053,6286.1120575439945,46.938257317459076,23.469128658729538,23.469128658729538,23.469128658729538,0.0,0.8366600265340753,4833.680761076387,74.63779203593847,37.31889601796924,37.31889601796924,37.31889601796924,0.0,2.3021728866442674,7209.114564216607,66.35359824455641,33.176799122278204,33.176799122278204,33.176799122278204,0.0,1.6431676725154982,5824.895020513245,38.068359565392356,19.034179782696178,19.034179782696178,19.034179782696178,0.0,0.8944271909999157,4523.546915861491,28.12116640539649,14.060583202698245,14.060583202698245,14.060583202698245,0.0,1.0954451150103326,2697.4681091720067,62.074149208829276,31.037074604414638,31.037074604414638,31.037074604414638,0.0,1.414213562373095,6019.597287194551,54.85617558671038,27.42808779335519,27.42808779335519,27.42808779335519,0.0,1.9493588689617927,5398.335067407357,20.76535576386786,10.38267788193393,10.38267788193393,10.38267788193393,0.0,0.8366600265340758,2229.383367660215,72.31873892705818,36.15936946352909,36.15936946352909,36.15936946352909,0.0,2.5884358211089573,7981.300414092932,56.345363606955274,28.172681803477637,28.172681803477637,28.172681803477637,0.0,1.8708286933869709,5821.800168332816,68.88541209864393,34.44270604932196,34.44270604932196,34.44270604932196,0.0,1.30384048104053,6953.816671440225,56.490707200388286,28.245353600194143,28.245353600194143,28.245353600194143,0.0,3.7682887362833544,6313.673946285158,82.59055636088185,41.295278180440924,41.295278180440924,41.295278180440924,0.0,2.8635642126552705,8247.57615909062,67.38842630600598,33.69421315300299,33.69421315300299,33.69421315300299,0.0,2.5495097567963922,6462.2143805355145
0.0,65.82704611328083,32.913523056640415,32.913523056640415,32.913523056640415,0.0,1.5811388300841898,6184.817434653994,56.18896688852715,28.094483444263574,28.094483444263574,28.094483444263574,0.0,1.816590212458495,5253.614707989157,37.459311259018094,18.729655629509047,18.729655629509047,18.729655629509047,0.0,0.8366600265340757,4668.843518474355,46.462888416455556,23.231444208227778,23.231444208227778,23.231444208227778,0.0,1.51657508881031,4767.576197608172,54.72842040475862,27.36421020237931,27.36421020237931,27.36421020237931,0.0,2.4899799195977463,5401.449407335035,70.3789741329042,35.1894870664521,35.1894870664521,35.1894870664521,0.0,1.30384048104053,6287.792474310838,46.938257317459076,23.469128658729538,23.469128658729538,23.469128658729538,0.0,0.8366600265340753,4836.476330966585,77.87939393703574,38.93969696851787,38.93969696851787,38.93969696851787,0.0,3.7013511046643495,7520.956667871448,66.35359824455641,33.176799122278204,33.176799122278204,33.176799122278204,0.0,1.6431676725154982,5824.301520354179,38.068359565392356,19.034179782696178,19.034179782696178,19.034179782696178,0.0,0.8944271909999157,4524.076845059111,27.254357449773053,13.627178724886527,13.627178724886527,13.627178724886527,0.0,1.414213562373095,2700.448203539553,61.990321825265596,30.995160912632798,30.995160912632798,30.995160912632798,0.0,1.414213562373095,6019.921536033506,54.70648956019752,27.35324478009876,27.35324478009876,27.35324478009876,0.0,1.9493588689617927,5403.281391895114,19.91983935678197,9.959919678390985,9.959919678390985,9.959919678390985,0.0,0.8366600265340758,2236.055187154378,71.90827490629991,35.954137453149954,35.954137453149954,35.954137453149954,0.0,2.4083189157584592,7982.85996996064,56.3489130329947,28.17445651649735,28.17445651649735,28.17445651649735,0.0,1.8708286933869709,5819.575182090184,69.5356023918683,34.76780119593415,34.76780119593415,34.76780119593415,0.0,1.30384048104053,6949.573655987827,56.3382640840131,28.16913204200655,28.16913204200655,28.16913204200655,0.0,3.7682887362833544,6315.805277238999,82.33346828598927,41.166734142994635,41.166734142994635,41.166734142994635,0.0,2.8635642126552705,8245.09225539654,66.95371535620708,33.47685767810354,33.47685767810354,33.47685767810354,0.0,2.3874672772626644,6461.453528425319
0.0,66.47405508918499,33.23702754459249,33.23702754459249,33.23702754459249,0.0,1.5811388300841898,6181.673357595013,56.6850950427006,28.342547521350298,28.3425475213503,28.3425475213503,0.0,1.816590212458495,5253.911038455067,37.459311259018094,18.729655629509047,18.729655629509047,18.729655629509047,0.0,0.8366600265340757,4665.143384720345,46.4327470649756,23.2163735324878,23.2163735324878,23.2163735324878,0.0,1.51657508881031,4766.910865539652,54.79781017522507,27.398905087612533,27.398905087612533,27.398905087612533,0.0,2.4899799195977463,5400.963367770605,70.46417529496814,35.23208764748407,35.23208764748407,35.23208764748407,0.0,1.2247448713915892,5941.909852900833,45.9782557302906,22.9891278651453,22.9891278651453,22.9891278651453,0.0,0.9999999999999999,4837.10153914511,77.08955830720527,38.54477915360263,38.54477915360263,38.54477915360263,0.0,3.3166247903554,7521.758703920247,66.02423797364116,33.01211898682058,33.01211898682058,33.01211898682058,0.0,1.6431676725154982,5821.6895142217945,38.03682426281143,19.018412131405714,19.018412131405714,19.018412131405714,0.0,0.8944271909999157,4524.365624040568,27.371518043396865,13.685759021698432,13.685759021698432,13.685759021698432,0.0,1.414213562373095,2701.606688620681,62.0,31.0,31.0,31.0,0.0,1.414213562373095,6021.976917923217,54.70648956019752,27.35324478009876,27.35324478009876,27.35324478009876,0.0,1.9493588689617927,5401.950684706405,20.29778313018444,10.14889156509222,10.14889156509222,10.14889156509222,0.0,0.8366600265340758,2236.01330496936,71.50664304804134,35.75332152402067,35.75332152402067,35.75332152402067,0.0,2.4083189157584592,7986.693452236665,55.76020086047036,27.88010043023518,27.88010043023518,27.88010043023518,0.0,1.8708286933869709,5821.738597704297,70.191167535524,35.095583767762,35.095583767762,35.095583767762,0.0,1.30384048104053,6952.742674657246,55.25214927946242,27.62607463973121,27.62607463973121,27.62607463973121,0.0,3.391164991562634,6312.077494771432,81.42972430261568,40.71486215130784,40.71486215130784,40.71486215130784,0.0,2.5099800796022262,8246.57007488568,66.95371535620708,33.47685767810354,33.47685767810354,33.47685767810354,0.0,2.073644135332772,6461.932737192488
0.0,67.12674578735364,33.56337289367682,33.56337289367682,33.56337289367682,0.0,1.5811388300841898,6179.813249605525,56.14979964345376,28.07489982172688,28.07489982172688,28.07489982172688,0.0,1.816590212458495,5257.193291101251,37.96314001765397,18.981570008826985,18.981570008826985,18.981570008826985,0.0,0.8366600265340757,4665.489181211333,46.4327470649756,23.2163735324878,23.2163735324878,23.2163735324878,0.0,1.51657508881031,4771.684524358248,54.79781017522507,27.398905087612533,27.398905087612533,27.398905087612533,0.0,2.4899799195977463,5401.3905339273515,70.46417529496814,35.23208764748407,35.23208764748407,35.23208764748407,0.0,1.2247448713915892,5947.670359056561,45.396035069155545,22.698017534577772,22.698017534577772,22.698017534577772,0.0,0.9999999999999999,4839.645369239362,77.5886589650833,38.79432948254165,38.79432948254165,38.79432948254165,0.0,3.3166247903554,7525.2244684128855,66.02423797364116,33.01211898682058,33.01211898682058,33.01211898682058,0.0,1.6431676725154982,5824.086434798165,38.54867053479276,19.27433526739638,19.27433526739638,19.27433526739638,0.0,0.8944271909999157,4522.984003951374,27.371518043396865,13.685759021698432,13.685759021698432,13.685759021698432,0.0,1.414213562373095,2703.09559579383,62.39230721811784,31.19615360905892,31.19615360905892,31.19615360905892,0.0,1.414213562373095,6022.632422786568,55.179706414586875,27.589853207293437,27.589853207293437,27.589853207293437,0.0,1.9493588689617927,5407.293380241173,20.268201696253172,10.134100848126586,10.134100848126586,10.134100848126586,0.0,0.8366600265340758,2233.194281740843,72.58650012226792,36.29325006113396,36.29325006113396,36.29325006113396,0.0,2.4083189157584592,7983.77753322323,55.76020086047036,27.88010043023518,27.88010043023518,27.88010043023518,0.0,1.8708286933869709,5814.755867618175,69.61321713582845,34.806608567914225,34.806608567914225,34.806608567914225,0.0,1.0,6951.696289395848,55.25214927946242,27.62607463973121,27.62607463973121,27.62607463973121,0.0,3.391164991562634,6336.4636272924345,80.58535847162312,40.29267923581156,40.29267923581156,40.29267923581156,0.0,2.6076809620810595,8247.653648159578,66.95371535620708,33.47685767810354,33.47685767810354,33.47685767810354,0.0,2.073644135332772,6467.190680658798
0.0,67.12674578735364,33.56337289367682,33.56337289367682,33.56337289367682,0.0,1.5811388300841898,6179.234620889549,56.98420833880208,28.49210416940104,28.49210416940104,28.49210416940104,0.0,1.816590212458495,5260.286085375966,37.96314001765397,18.981570008826985,18.981570008826985,18.981570008826985,0.0,0.8366600265340757,4668.427518983239,46.203895939628296,23.101947969814148,23.101947969814148,23.101947969814148,0.0,1.51657508881031,4769.645605283478,54.42425929675111,27.212129648375555,27.212129648375555,27.212129648375555,0.0,2.345207879911715,5403.316601865932,70.17976916462464,35.08988458231232,35.08988458231232,35.08988458231232,0.0,1.2247448713915892,5952.548756625182,45.024437808816664,22.512218904408332,22.512218904408332,22.512218904408332,0.0,0.9999999999999999,4836.763535671348,77.28389224152728,38.64194612076364,38.64194612076364,38.64194612076364,0.0,3.271085446759225,7525.341839411682,65.7054031263792,32.8527015631896,32.8527015631896,32.8527015631896,0.0,1.6431676725154982,5824.482852580133,38.0946190425892,19.0473095212946,19.0473095212946,19.0473095212946,0.0,0.8944271909999157,4522.510055267981,27.371518043396865,13.685759021698432,13.685759021698432,13.685759021698432,0.0,1.414213562373095,2708.959449678049,61.52397906507674,30.76198953253837,30.76198953253837,30.76198953253837,0.0,1.414213562373095,6020.56900965349,55.47251571724506,27.73625785862253,27.73625785862253,27.73625785862253,0.0,1.9493588689617927,5407.678503757412,20.425474290698862,10.212737145349431,10.212737145349431,10.212737145349431,0.0,0.8366600265340758,2232.677585322162,71.68821381510352,35.84410690755176,35.84410690755176,35.84410690755176,0.0,2.1908902300206643,7993.023789530468,56.55793489865061,28.278967449325304,28.278967449325304,28.278967449325304,0.0,1.8708286933869709,5816.926275963964,69.37722969389884,34.68861484694942,34.68861484694943,34.68861484694943,0.0,1.0,6950.97164430988,55.569775957799216,27.784887978899608,27.784887978899608,27.784887978899608,0.0,3.391164991562634,6333.348111386267,81.06047125449,40.530235627245,40.530235627245,40.530235627245,0.0,2.6076809620810595,8247.290161016526,66.95371535620708,33.47685767810354,33.47685767810354,33.47685767810354,0.0,2.073644135332772,6471.175109669031
0.0,67.53369529353478,33.76684764676739,33.76684764676739,33.76684764676739,0.0,1.5811388300841898,6178.428335750121,57.19090836837618,28.59545418418809,28.59545418418809,28.59545418418809,0.0,1.816590212458495,5258.850083430787,37.239763694201926,18.619881847100963,18.619881847100963,18.619881847100963,0.0,0.8366600265340757,4671.013840698826,45.62017097732098,22.81008548866049,22.81008548866049,22.81008548866049,0.0,1.51657508881031,4771.822083858534,54.42425929675111,27.212129648375555,27.212129648375555,27.212129648375555,0.0,2.345207879911715,5405.756422555496,70.2338949510847,35.11694747554235,35.11694747554235,35.11694747554235,0.0,1.0954451150103321,6224.335844088107,45.68588403434917,22.842942017174586,22.842942017174586,22.842942017174586,0.0,0.9999999999999999,4834.2359996177265,76.3360989309776,38.1680494654888,38.1680494654888,38.1680494654888,0.0,2.8809720581775866,7545.38109044202,65.06919393998976,32.53459696999488,32.53459696999488,32.53459696999488,0.0,1.6431676725154982,5820.45277448413,37.34702130023223,18.673510650116114,18.673510650116114,18.673510650116114,0.0,0.8944271909999157,4523.955846380466,26.92953768633988,13.46476884316994,13.46476884316994,13.46476884316994,0.0,1.414213562373095,2708.509774765452,61.601948021146214,30.800974010573107,30.800974010573107,30.800974010573107,0.0,1.414213562373095,6022.340965106509,55.45087916345421,27.725439581727105,27.725439581727105,27.725439581727105,0.0,1.9493588689617927,5399.562834156113,21.213203435596427,10.606601717798213,10.606601717798213,10.606601717798213,0.0,1.140175425099138,2234.724032179365,71.93608274016594,35.96804137008297,35.96804137008297,35.96804137008297,0.0,2.1908902300206643,7993.396505866577,55.98214000911362,27.99107000455681,27.99107000455681,27.99107000455681,0.0,1.4832396974191329,5817.271250337223,69.37722969389884,34.68861484694942,34.68861484694943,34.68861484694943,0.0,1.0,6948.714039302525,54.32494822823119,27.162474114115597,27.162474114115597,27.162474114115597,0.0,3.0331501776206204,6332.317324645062,80.84553172563095,40.422765862815474,40.422765862815474,40.422765862815474,0.0,2.6076809620810595,8253.613299640347,67.9175971306406,33.9587985653203,33.9587985653203,33.9587985653203,0.0,2.073644135332772,6469.1227148663675
0.0,67.90581712931521,33.952908564657605,33.952908564657605,33.952908564657605,0.0,1.5811388300841898,6177.485467405003,71.74398929527128,35.87199464763564,35.87199464763564,35.87199464763564,0.0,2.3021728866442674,6425.992491436634,36.39780213144744,18.19890106572372,18.19890106572372,18.19890106572372,0.0,0.8366600265340757,4668.723455078487,45.04664249419706,22.52332124709853,22.52332124709853,22.52332124709853,0.0,1.51657508881031,4774.07072632989,54.06292629889729,27.031463149448644,27.031463149448644,27.031463149448644,0.0,2.345207879911715,5406.247839305926,69.9714227381436,34.9857113690718,34.9857113690718,34.9857113690718,0.0,1.0954451150103321,6224.745553032671,45.68588403434917,22.842942017174586,22.842942017174586,22.842942017174586,0.0,0.9999999999999999,4834.631495781245,76.3360989309776,38.1680494654888,38.1680494654888,38.1680494654888,0.0,2.8809720581775866,7541.88605721407,65.58353451896292,32.79176725948146,32.79176725948146,32.79176725948146,0.0,1.6431676725154982,5821.64171862199,37.34702130023223,18.673510650116114,18.673510650116114,18.673510650116114,0.0,0.8944271909999157,4520.589120900063,26.92953768633988,13.46476884316994,13.46476884316994,13.46476884316994,0.0,1.414213562373095,2702.4944588287317,62.00967666421105,31.004838332105525,31.004838332105525,31.004838332105525,0.0,1.414213562373095,6021.337459402189,55.98214000911362,27.99107000455681,27.99107000455681,27.99107000455681,0.0,1.9493588689617927,5399.195986440945,20.366639388961552,10.183319694480776,10.183319694480776,10.183319694480776,0.0,1.140175425099138,2238.283940879709,72.00833285113606,36.00416642556803,36.00416642556803,36.00416642556803,0.0,2.1908902300206643,7991.0655234455435,55.88201857485107,27.941009287425533,27.941009287425533,27.941009287425533,0.0,1.4832396974191329,5821.439899200197,69.37722969389884,34.68861484694942,34.68861484694943,34.68861484694943,0.0,1.0,6948.1439392113925,54.32494822823119,27.162474114115597,27.162474114115597,27.162474114115597,0.0,3.0331501776206204,6329.658813869828,80.39154184365418,40.19577092182709,40.19577092182709,40.19577092182709,0.0,2.6076809620810595,8251.435287269725,66.9686493816323,33.48432469081615,33.48432469081615,33.48432469081615,0.0,2.073644135332772,6469.68308342843
0.0,67.90581712931521,33.952908564657605,33.952908564657605,33.952908564657605,0.0,1.5811388300841898,6177.703270633837,71.1392999684422,35.5696499842211,35.5696499842211,35.5696499842211,0.0,2.3021728866442674,6421.453456967512,36.39780213144744,18.19890106572372,18.19890106572372,18.19890106572372,0.0,0.8366600265340757,4672.083614405889,44.48370488167549,22.241852440837746,22.241852440837746,22.241852440837746,0.0,1.51657508881031,4772.934265208353,53.71405775027613,26.857028875138067,26.857028875138067,26.857028875138067,0.0,2.345207879911715,5407.215762293937,69.71943774873691,34.859718874368454,34.859718874368454,34.859718874368454,0.0,0.8944271909999157,6223.892166482321,46.647615158762406,23.323807579381203,23.323807579381203,23.323807579381203,0.0,0.8366600265340757,4830.552069898429,76.84269646492112,38.42134823246056,38.42134823246056,38.42134823246056,0.0,2.8809720581775866,7543.598564345799,65.58353451896292,32.79176725948146,32.79176725948146,32.79176725948146,0.0,1.6431676725154982,5824.050154317011,37.34702130023223,18.673510650116114,18.673510650116114,18.673510650116114,0.0,0.8944271909999157,4524.843511106213,26.922109872742144,13.461054936371072,13.461054936371072,13.461054936371072,0.0,1.414213562373095,2698.404843606682,62.00967666421105,31.004838332105525,31.004838332105525,31.004838332105525,0.0,1.414213562373095,6022.4264462092015,55.28833511691232,27.64416755845616,27.64416755845616,27.64416755845616,0.0,1.9493588689617927,5396.552343858068,19.524343778985248,9.762171889492624,9.762171889492624,9.762171889492624,0.0,1.140175425099138,2232.5779269714194,71.62960281894631,35.814801409473155,35.814801409473155,35.814801409473155,0.0,2.1908902300206643,7988.926166888764,55.79605720837271,27.898028604186354,27.898028604186354,27.898028604186354,0.0,1.4832396974191329,5818.077878474986,69.37722969389884,34.68861484694942,34.68861484694943,34.68861484694943,0.0,1.0,6952.383713518695,56.515484603779164,28.257742301889582,28.257742301889582,28.257742301889582,0.0,3.7682887362833544,6412.9625213313075,82.03170118923538,41.01585059461769,41.01585059461769,41.01585059461769,0.0,2.6076809620810595,8255.769328172873,66.9686493816323,33.48432469081615,33.48432469081615,33.48432469081615,0.0,2.073644135332772,6466.059480085224
0.0,66.85207551003933,33.426037755019664,33.426037755019664,33.426037755019664,0.0,1.5811388300841898,6175.6648872813685,70.54076835419359,35.270384177096794,35.270384177096794,35.270384177096794,0.0,2.3021728866442674,6422.113592891362,36.21049571602134,18.10524785801067,18.10524785801067,18.10524785801067,0.0,0.8366600265340757,4669.485057262739,73.36756776669102,36.68378388334551,36.68378388334551,36.68378388334551,0.0,4.183300132670378,7348.488803828989,53.37789804778753,26.688949023893766,26.688949023893766,26.688949023893766,0.0,2.345207879911715,5406.906990137707,69.10282193948377,34.55141096974189,34.55141096974189,34.55141096974189,0.0,0.8944271909999157,6221.773645834442,46.634750991079606,23.317375495539803,23.317375495539803,23.317375495539803,0.0,0.8366600265340757,4829.302879298419,76.07101944893338,38.03550972446669,38.03550972446669,38.03550972446669,0.0,2.4899799195977463,7538.891185048369,65.58353451896292,32.79176725948146,32.79176725948146,32.79176725948146,0.0,1.6431676725154982,5826.803780804705,37.34702130023223,18.673510650116114,18.673510650116114,18.673510650116114,0.0,0.8944271909999157,4521.685603842886,27.003703449712226,13.501851724856113,13.501851724856113,13.501851724856113,0.0,1.414213562373095,2697.0690944059997,62.84902544988267,31.424512724941334,31.424512724941334,31.424512724941334,0.0,1.414213562373095,6025.638555373199,54.60036629913759,27.300183149568795,27.300183149568795,27.300183149568795,0.0,1.9493588689617927,5394.494628785907,18.676188047886004,9.338094023943002,9.338094023943002,9.338094023943002,0.0,1.140175425099138,2232.382852469531,72.97396796118463,36.48698398059231,36.48698398059231,36.48698398059231,0.0,2.1908902300206643,7992.263803203696,55.79605720837271,27.898028604186354,27.898028604186354,27.898028604186354,0.0,1.4832396974191329,5817.109161774429,69.37722969389884,34.68861484694942,34.68861484694943,34.68861484694943,0.0,1.0,6949.762607456459,55.882018574851074,27.941009287425537,27.941009287425537,27.941009287425537,0.0,3.391164991562634,6412.384462896778,82.03170118923538,41.01585059461769,41.01585059461769,41.01585059461769,0.0,2.6076809620810595,8260.076077131493,66.9686493816323,33.48432469081615,33.48432469081615,33.48432469081615,0.0,2.073644135332772,6468.694690584802
0.0,66.58227992491696,33.29113996245848,33.29113996245848,33.29113996245848,0.0,1.4832396974191324,6174.3072242965045,70.4357863589241,35.21789317946205,35.21789317946205,35.21789317946205,0.0,2.3021728866442674,6421.151236343839,37.094473981982816,18.547236990991408,18.547236990991408,18.547236990991408,0.0,0.8366600265340757,4673.723162533271,73.35393649968623,36.676968249843114,36.676968249843114,36.676968249843114,0.0,4.183300132670378,7350.363303946276,54.0259197052674,27.0129598526337,27.0129598526337,27.0129598526337,0.0,2.345207879911715,5405.030684464243,69.41757702484291,34.70878851242146,34.70878851242146,34.70878851242146,0.0,0.8944271909999157,6224.000578406143,46.634750991079606,23.317375495539803,23.317375495539803,23.317375495539803,0.0,0.8366600265340757,4830.550662191631,76.58459375096272,38.29229687548136,38.29229687548136,38.29229687548136,0.0,2.4899799195977463,7537.861201959081,66.4018072043224,33.2009036021612,33.2009036021612,33.2009036021612,0.0,1.6431676725154982,5828.829273533409,37.89459064299283,18.947295321496416,18.947295321496416,18.947295321496416,0.0,0.8944271909999157,4525.3298995763835,27.327641683833605,13.663820841916802,13.663820841916802,13.663820841916802,0.0,1.414213562373095,2696.902204381909,62.75985978314483,31.379929891572417,31.379929891572417,31.379929891572417,0.0,1.414213562373095,6025.2422357943415,54.60036629913759,27.300183149568795,27.300183149568795,27.300183149568795,0.0,1.9493588689617927,5392.782166933873,18.676188047886004,9.338094023943002,9.338094023943002,9.338094023943002,0.0,1.140175425099138,2235.9931126906454,72.60303023979095,36.30151511989548,36.30151511989548,36.30151511989548,0.0,2.1908902300206643,7993.927007422572,55.46169849544819,27.730849247724095,27.730849247724095,27.730849247724095,0.0,1.4832396974191329,5821.146175797341,68.69352225646898,34.34676112823449,34.34676112823449,34.34676112823449,0.0,1.0,6949.951726451056,56.526100166206405,28.263050083103202,28.263050083103202,28.263050083103202,0.0,3.391164991562634,6415.541504814694,81.37567204023571,40.68783602011786,40.68783602011786,40.68783602011786,0.0,2.6076809620810595,8264.029362242127,67.47740362521368,33.73870181260684,33.73870181260684,33.73870181260684,0.0,2.073644135332772,6469.87142839794
0.0,66.58227992491696,33.29113996245848,33.29113996245848,33.29113996245848,0.0,1.4832396974191324,6180.035331614214,71.51782994470679,35.758914972353395,35.758914972353395,35.758914972353395,0.0,2.3021728866442674,6422.738551428043,37.35237609577201,18.676188047886004,18.676188047886004,18.676188047886004,0.0,0.8366600265340757,4676.671551434844,73.16556567129102,36.58278283564551,36.58278283564551,36.58278283564551,0.0,4.207136793592526,7349.248757526173,53.31791443783224,26.65895721891612,26.65895721891612,26.65895721891612,0.0,2.345207879911715,5407.5183032515015,69.67065379340143,34.835326896700714,34.835326896700714,34.835326896700714,0.0,0.8944271909999157,6226.370307008731,45.68588403434917,22.842942017174586,22.842942017174586,22.842942017174586,0.0,0.8366600265340757,4834.958500338964,77.1569828337008,38.5784914168504,38.5784914168504,38.5784914168504,0.0,2.4899799195977463,7538.737579993085,66.4018072043224,33.2009036021612,33.2009036021612,33.2009036021612,0.0,1.6431676725154982,5827.682429576958,37.40588189041932,18.70294094520966,18.70294094520966,18.70294094520966,0.0,0.8944271909999157,4524.412801679351,27.327641683833605,13.663820841916802,13.663820841916802,13.663820841916802,0.0,1.414213562373095,2698.023313464878,62.75985978314483,31.379929891572417,31.379929891572417,31.379929891572417,0.0,1.414213562373095,6025.983596061311,54.26969688509417,27.134848442547085,27.134848442547085,27.134848442547085,0.0,1.9493588689617927,5393.123742322255,18.994736112934024,9.497368056467012,9.497368056467012,9.497368056467012,0.0,1.140175425099138,2239.8265557850677,72.97396796118463,36.48698398059231,36.48698398059231,36.48698398059231,0.0,2.1908902300206643,7990.410677806241,55.46169849544819,27.730849247724095,27.730849247724095,27.730849247724095,0.0,1.4832396974191329,5822.226051949547,68.36665854054884,34.18332927027442,34.18332927027442,34.18332927027442,0.0,1.0,6947.136877879981,55.72073222778035,27.860366113890176,27.860366113890176,27.860366113890176,0.0,3.0331501776206204,6414.69792741638,81.47883160674311,40.73941580337156,40.73941580337156,40.73941580337156,0.0,2.6076809620810595,8263.65195903119,66.9716357871002,33.4858178935501,33.4858178935501,33.4858178935501,0.0,2.073644135332772,6471.258046160731
0.0,66.58227992491696,33.29113996245848,33.29113996245848,33.29113996245848,0.0,1.4832396974191324,6178.74415233387,71.9944442300932,35.9972221150466,35.9972221150466,35.9972221150466,0.0,2.3021728866442674,6422.400742712961,35.94440151122286,17.97220075561143,17.97220075561143,17.97220075561143,0.0,0.8366600265340757,4674.990128331823,73.06709245618029,36.533546228090145,36.533546228090145,36.533546228090145,0.0,3.7815340802378077,7350.305537867116,53.001886758869254,26.500943379434627,26.500943379434627,26.500943379434627,0.0,2.345207879911715,5407.390008127766,69.67065379340143,34.835326896700714,34.835326896700714,34.835326896700714,0.0,0.8944271909999157,6227.723484548747,45.68150610476848,22.84075305238424,22.84075305238424,22.84075305238424,0.0,0.8366600265340757,4838.179544002062,76.39371701913711,38.19685850956856,38.19685850956856,38.19685850956856,0.0,2.1213203435596424,7533.817803743332,66.4018072043224,33.2009036021612,33.2009036021612,33.2009036021612,0.0,1.4142135623730951,5826.672446602777,37.23976369420193,18.619881847100967,18.619881847100967,18.619881847100967,0.0,0.8944271909999157,4524.081785290801,27.676705006196094,13.838352503098047,13.838352503098047,13.838352503098047,0.0,1.414213562373095,2699.0526486158064,62.68333111761052,31.34166555880526,31.34166555880526,31.34166555880526,0.0,1.414213562373095,6026.843510495358,53.88135113376427,26.940675566882135,26.940675566882135,26.940675566882135,0.0,2.0736441353327724,5389.23183765553,18.994736112934024,9.497368056467012,9.497368056467012,9.497368056467012,0.0,1.140175425099138,2241.4068796182455,72.60303023979095,36.30151511989548,36.30151511989548,36.30151511989548,0.0,2.1908902300206643,7993.886145048602,55.46169849544819,27.730849247724095,27.730849247724095,27.730849247724095,0.0,1.4832396974191329,5820.885456698147,69.93425483981365,34.967127419906824,34.967127419906824,34.967127419906824,0.0,1.0,6943.515140042542,55.72073222778035,27.860366113890176,27.860366113890176,27.860366113890176,0.0,3.0331501776206204,6413.708817836993,81.58921497354905,40.794607486774524,40.794607486774524,40.794607486774524,0.0,2.280350850198276,8263.477687995533,66.89394591440993,33.44697295720496,33.44697295720496,33.44697295720496,0.0,2.073644135332772,6470.410867943395
0.0,66.58227992491696,33.29113996245848,33.29113996245848,33.29113996245848,0.0,1.4832396974191324,6176.084884455524,71.79693586776527,35.898467933882635,35.898467933882635,35.898467933882635,0.0,2.3021728866442674,6417.739259271913,35.002857026248584,17.501428513124292,17.501428513124292,17.501428513124292,0.0,0.9999999999999999,4680.983956392075,73.35393649968623,36.676968249843114,36.676968249843114,36.676968249843114,0.0,3.7815340802378077,7388.401335877742,52.623188804936554,26.311594402468277,26.311594402468277,26.311594402468277,0.0,2.345207879911715,5411.135398416861,69.41757702484291,34.70878851242146,34.70878851242146,34.70878851242146,0.0,0.8944271909999157,6228.024967836915,44.73030292765744,22.36515146382872,22.36515146382872,22.36515146382872,0.0,0.8366600265340757,4831.631660215832,82.19002372551063,41.095011862755314,41.095011862755314,41.095011862755314,0.0,3.420526275297414,8074.936885202262,66.2268827591938,33.1134413795969,33.1134413795969,33.1134413795969,0.0,1.4142135623730951,5821.2475037572485,35.28739151595085,17.643695757975426,17.643695757975426,17.643695757975426,0.0,0.8944271909999157,4523.047501408757,27.473623714391955,13.736811857195978,13.736811857195978,13.736811857195978,0.0,1.414213562373095,2699.5582601603546,63.109428772569316,31.554714386284658,31.554714386284658,31.554714386284658,0.0,1.414213562373095,6025.14802307794,53.88135113376427,26.940675566882135,26.940675566882135,26.940675566882135,0.0,2.0736441353327724,5388.497146700553,17.29739864835172,8.64869932417586,8.64869932417586,8.64869932417586,0.0,1.140175425099138,2242.732418279096,73.86474125047755,36.932370625238775,36.932370625238775,36.932370625238775,0.0,2.1908902300206643,7992.874220203894,55.46169849544819,27.730849247724095,27.730849247724095,27.730849247724095,0.0,1.4832396974191329,5819.466968718011,69.61321713582845,34.806608567914225,34.806608567914225,34.806608567914225,0.0,1.0,6941.990226152728,56.0249944221327,28.01249721106635,28.01249721106635,28.01249721106635,0.0,3.0331501776206204,6417.023749371666,81.58921497354905,40.794607486774524,40.794607486774524,40.794607486774524,0.0,2.280350850198276,8258.88674701379,66.89394591440993,33.44697295720496,33.44697295720496,33.44697295720496,0.0,2.073644135332772,6471.375302051334
0.0,67.23689463382436,33.61844731691218,33.61844731691218,33.61844731691218,0.0,1.4832396974191324,6179.07841024857,71.20393247567159,35.601966237835796,35.601966237835796,35.601966237835796,0.0,2.3021728866442674,6415.475337026867,35.002857026248584,17.501428513124292,17.501428513124292,17.501428513124292,0.0,0.9999999999999999,4682.143494170165,74.89993324429602,37.44996662214801,37.44996662214801,37.44996662214801,0.0,3.7815340802378077,7388.694729111496,52.623188804936554,26.311594402468277,26.311594402468277,26.311594402468277,0.0,2.345207879911715,5414.984275138756,69.4348615610343,34.71743078051715,34.71743078051715,34.71743078051715,0.0,0.8944271909999157,6228.566070934786,44.14974518612763,22.074872593063816,22.074872593063816,22.074872593063816,0.0,0.8366600265340757,4832.785087296972,82.53968742368728,41.26984371184364,41.26984371184364,41.26984371184364,0.0,3.3466401061363023,8078.0175600205275,66.70232379760094,33.35116189880047,33.35116189880047,33.35116189880047,0.0,1.4142135623730951,5824.617043205501,35.955528086790764,17.977764043395382,17.977764043395382,17.977764043395382,0.0,0.8944271909999157,4525.874644751001,28.178005607210743,14.089002803605371,14.089002803605371,14.089002803605371,0.0,1.414213562373095,2698.4688806803015,70.80395469181082,35.40197734590541,35.40197734590541,35.40197734590541,0.0,1.6733200530681511,6118.962436557361,54.416909136774755,27.208454568387378,27.208454568387378,27.208454568387378,0.0,2.0736441353327724,5385.62153330514,17.34358671094304,8.67179335547152,8.67179335547152,8.67179335547152,0.0,1.140175425099138,2240.8512445050874,73.0698296152386,36.5349148076193,36.5349148076193,36.5349148076193,0.0,2.0493901531919194,7988.983395902134,55.37869626489955,27.689348132449776,27.689348132449776,27.689348132449776,0.0,1.4832396974191329,5818.425328213812,69.94855252255046,34.97427626127523,34.97427626127523,34.97427626127523,0.0,1.0,6940.153831148125,55.40758070878028,27.70379035439014,27.70379035439014,27.70379035439014,0.0,2.701851217221259,6419.614692487392,81.37075641776964,40.68537820888482,40.68537820888482,40.68537820888482,0.0,2.280350850198276,8260.6188448566,66.40180720432238,33.20090360216119,33.20090360216119,33.20090360216119,0.0,2.073644135332772,6474.877242079575
0.0,67.12078664616499,33.560393323082494,33.560393323082494,33.560393323082494,0.0,1.4832396974191324,6181.321905547388,71.51782994470679,35.758914972353395,35.758914972353395,35.758914972353395,0.0,2.3021728866442674,6411.106558153592,35.002857026248584,17.501428513124292,17.501428513124292,17.501428513124292,0.0,0.9999999999999999,4684.655238115181,74.3720377561352,37.1860188780676,37.1860188780676,37.1860188780676,0.0,3.361547262794322,7386.3951491915195,53.11120409103902,26.55560204551951,26.55560204551951,26.55560204551951,0.0,2.345207879911715,5414.54991665974,69.4348615610343,34.71743078051715,34.71743078051715,34.71743078051715,0.0,0.8944271909999157,6225.595529746532,44.14974518612763,22.074872593063816,22.074872593063816,22.074872593063816,0.0,0.8366600265340757,4829.71472242409,82.53968742368728,41.26984371184364,41.26984371184364,41.26984371184364,0.0,3.3466401061363023,8075.82556151382,66.70232379760094,33.35116189880047,33.35116189880047,33.35116189880047,0.0,1.4142135623730951,5825.477259418321,35.23066845803525,17.615334229017623,17.615334229017623,17.615334229017623,0.0,0.8944271909999157,4521.5173559326295,28.178005607210743,14.089002803605371,14.089002803605371,14.089002803605371,0.0,1.414213562373095,2700.4688111511305,70.87171509142416,35.43585754571208,35.43585754571208,35.43585754571208,0.0,1.6733200530681511,6116.656341499005,54.416909136774755,27.208454568387378,27.208454568387378,27.208454568387378,0.0,2.0736441353327724,5381.181450202177,17.776388834631177,8.888194417315589,8.888194417315589,8.888194417315589,0.0,1.140175425099138,2244.553029001542,73.0698296152386,36.5349148076193,36.5349148076193,36.5349148076193,0.0,2.0493901531919194,7989.111258456725,54.78320910644064,27.39160455322032,27.39160455322032,27.39160455322032,0.0,1.4832396974191329,5821.838841809347,69.0449129190558,34.5224564595279,34.5224564595279,34.5224564595279,0.0,1.0,6941.973545037463,54.79781017522507,27.398905087612533,27.398905087612533,27.398905087612533,0.0,2.701851217221259,6422.150831302547,81.37075641776964,40.68537820888482,40.68537820888482,40.68537820888482,0.0,2.280350850198276,8262.365684233542,65.94846472814966,32.97423236407483,32.97423236407483,32.97423236407483,0.0,2.073644135332772,6477.237705997827
0.0,67.12078664616499,33.560393323082494,33.560393323082494,33.560393323082494,0.0,1.4832396974191324,6181.149909199744,72.28554488969424,36.14277244484712,36.14277244484712,36.14277244484712,0.0,2.3021728866442674,6414.292852684542,34.59479729670345,17.297398648351724,17.297398648351724,17.297398648351724,0.0,0.9999999999999999,4685.729110821495,75.81556568409947,37.907782842049734,37.907782842049734,37.907782842049734,0.0,4.207136793592526,7460.679781360409,53.11120409103902,26.55560204551951,26.55560204551951,26.55560204551951,0.0,2.345207879911715,5418.490453991776,69.10282193948377,34.55141096974189,34.55141096974189,34.55141096974189,0.0,0.8944271909999157,6224.739255583321,44.54211490264017,22.271057451320086,22.271057451320086,22.271057451320086,0.0,0.8366600265340757,4823.66129615254,82.84443252265055,41.422216261325275,41.422216261325275,41.422216261325275,0.0,3.3466401061363023,8071.6077518670345,67.52184831593401,33.760924157967004,33.760924157967004,33.760924157967004,0.0,1.4142135623730951,5825.4529008481395,34.513765369776735,17.256882684888367,17.256882684888367,17.256882684888367,0.0,0.8944271909999157,4517.552523214313,28.178005607210743,14.089002803605371,14.089002803605371,14.089002803605371,0.0,1.414213562373095,2702.8450196043427,71.02675552212702,35.51337776106351,35.51337776106351,35.51337776106351,0.0,1.6733200530681511,6114.031853041003,54.578383999528604,27.289191999764302,27.289191999764302,27.289191999764302,0.0,2.0736441353327724,5382.181481518437,17.922053453775884,8.961026726887942,8.961026726887942,8.961026726887942,0.0,1.140175425099138,2242.013648486556,73.0698296152386,36.5349148076193,36.5349148076193,36.5349148076193,0.0,2.0493901531919194,7993.37333045317,54.78320910644064,27.39160455322032,27.39160455322032,27.39160455322032,0.0,1.4832396974191329,5823.120812760113,68.8040696470783,34.40203482353915,34.40203482353915,34.40203482353915,0.0,1.0954451150103321,6943.334839974233,57.80311410296162,28.90155705148081,28.90155705148081,28.90155705148081,0.0,3.7682887362833544,6534.694216258325,81.49355802761345,40.74677901380672,40.74677901380672,40.74677901380672,0.0,2.280350850198276,8262.745409366067,65.94846472814966,32.97423236407483,32.97423236407483,32.97423236407483,0.0,2.073644135332772,6477.48844074615
0.0,66.86703223562415,33.433516117812076,33.433516117812076,33.433516117812076,0.0,1.4832396974191324,6183.275127309151,72.76537638190295,36.38268819095148,36.38268819095148,36.38268819095148,0.0,2.3021728866442674,6417.215221573919,34.484779251142086,17.242389625571043,17.242389625571043,17.242389625571043,0.0,0.9999999999999999,4688.810968678519,75.29409007352436,37.64704503676218,37.64704503676218,37.64704503676218,0.0,3.7815340802378077,7459.355246936561,53.11120409103902,26.55560204551951,26.55560204551951,26.55560204551951,0.0,2.345207879911715,5417.432306914411,69.67065379340143,34.835326896700714,34.835326896700714,34.835326896700714,0.0,0.8944271909999157,6229.2246307225105,49.52978901630815,24.764894508154075,24.764894508154075,24.764894508154075,0.0,1.224744871391589,5630.4465364658245,83.12640976248163,41.563204881240814,41.563204881240814,41.563204881240814,0.0,3.3466401061363023,8072.255849513195,66.87301398920195,33.436506994600975,33.436506994600975,33.436506994600975,0.0,1.4142135623730951,5823.654290907041,34.52535300326414,17.26267650163207,17.26267650163207,17.26267650163207,0.0,0.8944271909999157,4520.038075060872,28.178005607210743,14.089002803605371,14.089002803605371,14.089002803605371,0.0,1.414213562373095,2706.1188628735435,71.26850636852157,35.634253184260785,35.634253184260785,35.634253184260785,0.0,1.6733200530681511,6114.88263992041,54.578383999528604,27.289191999764302,27.289191999764302,27.289191999764302,0.0,2.0736441353327724,5382.931143902921,17.922053453775884,8.961026726887942,8.961026726887942,8.961026726887942,0.0,1.140175425099138,2247.416249830013,73.0698296152386,36.5349148076193,36.5349148076193,36.5349148076193,0.0,2.0493901531919194,7993.325609531992,54.76495229615379,27.382476148076893,27.382476148076893,27.382476148076893,0.0,1.4832396974191329,5818.203820768056,68.8040696470783,34.40203482353915,34.40203482353915,34.40203482353915,0.0,1.0954451150103321,6938.997247441449,56.72741841473134,28.36370920736567,28.36370920736567,28.36370920736567,0.0,3.271085446759225,6526.7093316617065,81.76796438703852,40.88398219351926,40.88398219351926,40.88398219351926,0.0,2.280350850198276,8258.353437580641,65.94846472814966,32.97423236407483,32.97423236407483,32.97423236407483,0.0,2.073644135332772,6474.469476335494
0.0,66.6243198839583,33.31215994197915,33.31215994197915,33.31215994197915,0.0,1.4832396974191324,6179.3970013262615,72.17478784173875,36.087393920869374,36.087393920869374,36.087393920869374,0.0,2.073644135332772,6413.07190821996,34.246167668806386,17.123083834403193,17.123083834403193,17.123083834403193,0.0,0.8366600265340753,4688.564300508206,75.29409007352436,37.64704503676218,37.64704503676218,37.64704503676218,0.0,3.7815340802378077,7461.231078046036,52.73708372672876,26.36854186336438,26.36854186336438,26.36854186336438,0.0,2.16794833886788,5417.799230314833,70.25097864087019,35.12548932043509,35.12548932043509,35.12548932043509,0.0,0.8944271909999157,6232.073571452764,49.28691509924313,24.643457549621566,24.643457549621566,24.643457549621566,0.0,1.224744871391589,5634.087920861725,88.82116864801993,44.41058432400997,44.41058432400997,44.41058432400997,0.0,4.08656334834051,8474.385364142936,66.87301398920195,33.436506994600975,33.436506994600975,33.436506994600975,0.0,1.4142135623730951,5823.611748734628,34.97427626127523,17.487138130637614,17.487138130637614,17.487138130637614,0.0,0.8944271909999157,4523.631538929757,28.178005607210743,14.089002803605371,14.089002803605371,14.089002803605371,0.0,1.414213562373095,2704.798975894512,70.970416371894,35.485208185947,35.485208185947,35.485208185947,0.0,1.6733200530681511,6115.809202386877,54.75399528801528,27.37699764400764,27.37699764400764,27.37699764400764,0.0,2.0736441353327724,5381.930109170873,18.439088914585778,9.219544457292889,9.219544457292889,9.219544457292889,0.0,1.140175425099138,2251.1684299492117,72.4486024709932,36.2243012354966,36.2243012354966,36.2243012354966,0.0,2.0493901531919194,7994.0893164887775,54.76495229615379,27.382476148076893,27.382476148076893,27.382476148076893,0.0,1.4832396974191329,5819.884491980919,68.88541209864394,34.44270604932197,34.44270604932197,34.44270604932197,0.0,1.0954451150103321,6937.739170652065,56.309857041196615,28.154928520598308,28.154928520598308,28.154928520598308,0.0,3.271085446759225,6527.100045196182,81.76796438703852,40.88398219351926,40.88398219351926,40.88398219351926,0.0,2.280350850198276,8259.307797872652,65.98484674529449,32.992423372647245,32.992423372647245,32.992423372647245,0.0,2.073644135332772,6478.235307550969
0.0,66.07571414672717,33.03785707336358,33.03785707336358,33.03785707336358,0.0,1.4832396974191324,6176.306120975546,72.97122720634484,36.48561360317242,36.48561360317242,36.48561360317242,0.0,2.073644135332772,6414.413355872851,55.63452165697122,27.81726082848561,27.81726082848561,27.81726082848561,0.0,2.949576240750525,6072.245111982882,75.19840423838792,37.59920211919396,37.59920211919396,37.59920211919396,0.0,3.361547262794322,7458.133633825557,52.73708372672876,26.36854186336438,26.36854186336438,26.36854186336438,0.0,2.16794833886788,5419.4451468762,69.32532004974806,34.66266002487403,34.66266002487403,34.66266002487403,0.0,0.8944271909999157,6230.265042516249,48.89580759124447,24.447903795622235,24.447903795622235,24.447903795622235,0.0,1.224744871391589,5634.507050310613,88.44885527806451,44.22442763903226,44.22442763903226,44.22442763903226,0.0,3.9115214431215892,8475.363225254714,67.38842630600598,33.69421315300299,33.69421315300299,33.69421315300299,0.0,1.4142135623730951,5824.501051592317,34.71599055190562,17.35799527595281,17.35799527595281,17.35799527595281,0.0,0.8944271909999157,4524.293569166351,28.199290771223307,14.099645385611653,14.099645385611653,14.099645385611653,0.0,1.414213562373095,2707.3097347736184,71.741201551131,35.8706007755655,35.8706007755655,35.8706007755655,0.0,1.6733200530681511,6117.217316721713,54.06292629889729,27.031463149448644,27.031463149448644,27.031463149448644,0.0,1.7888543819998322,5381.675947137657,18.72965562950905,9.364827814754525,9.364827814754525,9.364827814754525,0.0,1.140175425099138,2248.6919086437783,72.4486024709932,36.2243012354966,36.2243012354966,36.2243012354966,0.0,2.0493901531919194,7989.400152702329,54.76495229615379,27.382476148076893,27.382476148076893,27.382476148076893,0.0,1.4832396974191329,5817.656598665823,69.23294013690304,34.61647006845152,34.61647006845152,34.61647006845152,0.0,1.0954451150103321,6937.503441440588,56.309857041196615,28.154928520598308,28.154928520598308,28.154928520598308,0.0,3.271085446759225,6529.742046972453,81.48128619505218,40.74064309752609,40.74064309752609,40.74064309752609,0.0,2.280350850198276,8262.72650521606,67.03133595565585,33.515667977827924,33.515667977827924,33.515667977827924,0.0,2.073644135332772,6480.003217591794
0.0,66.07571414672717,33.03785707336358,33.03785707336358,33.03785707336358,0.0,1.4832396974191324,6174.962210410684,72.97396796118463,36.48698398059231,36.48698398059231,36.48698398059231,0.0,2.073644135332772,6414.160233421052,56.046409340831104,28.023204670415552,28.023204670415552,28.023204670415552,0.0,2.949576240750525,6075.12455016356,80.01749808635608,40.00874904317804,40.00874904317804,40.00874904317804,0.0,3.8078865529319543,7839.519041369821,52.73708372672876,26.36854186336438,26.36854186336438,26.36854186336438,0.0,2.16794833886788,5417.098051540142,69.32532004974806,34.66266002487403,34.66266002487403,34.66266002487403,0.0,0.8944271909999157,6226.357506600468,48.89580759124447,24.447903795622235,24.447903795622235,24.447903795622235,0.0,1.224744871391589,5638.9925784664765,89.53211714239757,44.76605857119878,44.76605857119878,44.76605857119878,0.0,3.9115214431215892,8473.182206231611,67.9028718096665,33.95143590483325,33.95143590483325,33.95143590483325,0.0,1.4142135623730951,5820.270208504069,34.71599055190562,17.35799527595281,17.35799527595281,17.35799527595281,0.0,0.8944271909999157,4526.31669241117,28.92749557082327,14.463747785411636,14.463747785411636,14.463747785411636,0.0,1.414213562373095,2702.9417862765745,70.7191628909732,35.3595814454866,35.3595814454866,35.3595814454866,0.0,1.4832396974191326,6115.935235105094,53.73267162537147,26.866335812685733,26.866335812685733,26.866335812685733,0.0,1.7888543819998322,5383.88871541751,18.568791021496256,9.284395510748128,9.284395510748128,9.284395510748128,0.0,1.140175425099138,2249.3053372096906,72.4486024709932,36.2243012354966,36.2243012354966,36.2243012354966,0.0,2.0493901531919194,7989.432689496796,55.558977672379825,27.779488836189913,27.779488836189913,27.779488836189913,0.0,1.4832396974191329,5820.9112946342,69.5902291992202,34.7951145996101,34.7951145996101,34.7951145996101,0.0,1.0954451150103321,6937.9624674683855,57.629853374791786,28.814926687395893,28.814926687395893,28.814926687395893,0.0,3.8340579025361627,6602.704044556291,80.81336523125367,40.406682615626835,40.406682615626835,40.406682615626835,0.0,2.23606797749979,8258.463265039083,67.44479223779994,33.72239611889997,33.72239611889997,33.72239611889997,0.0,2.073644135332772,6473.790566584618
0.0,65.53472362038312,32.76736181019156,32.76736181019156,32.76736181019156,0.0,1.4832396974191324,6172.415305210757,73.06161783043132,36.53080891521566,36.53080891521566,36.53080891521566,0.0,2.073644135332772,6414.269896098854,55.58776843874919,27.793884219374593,27.793884219374593,27.793884219374593,0.0,2.5099800796022267,6078.44087739611,79.73205127174391,39.86602563587196,39.86602563587196,39.86602563587196,0.0,3.420526275297414,7837.920546930799,52.35647046927438,26.17823523463719,26.17823523463719,26.17823523463719,0.0,1.949358868961793,5421.3802393855385,70.191167535524,35.095583767762,35.095583767762,35.095583767762,0.0,0.8944271909999157,6227.616935875231,49.59838707054898,24.79919353527449,24.79919353527449,24.79919353527449,0.0,1.224744871391589,5639.390055670915,89.53211714239757,44.76605857119878,44.76605857119878,44.76605857119878,0.0,3.9115214431215892,8468.831956061002,67.9028718096665,33.95143590483325,33.95143590483325,33.95143590483325,0.0,1.4142135623730951,5824.324381419702,34.14674215792774,17.07337107896387,17.07337107896387,17.07337107896387,0.0,0.8944271909999157,4526.180696790618,29.946619174791667,14.973309587395834,14.973309587395834,14.973309587395834,0.0,1.414213562373095,2696.4026961861614,70.17691928262454,35.08845964131227,35.08845964131227,35.08845964131227,0.0,1.4832396974191326,6115.280917504935,53.918456951214765,26.959228475607382,26.959228475607382,26.959228475607382,0.0,1.7888543819998322,5383.980284139236,18.708286933869708,9.354143466934854,9.354143466934854,9.354143466934854,0.0,1.140175425099138,2254.287404037027,73.08898685848642,36.54449342924321,36.54449342924321,36.54449342924321,0.0,2.0493901531919194,7983.812028097856,55.46169849544819,27.730849247724095,27.730849247724095,27.730849247724095,0.0,1.4832396974191329,5820.273146511253,69.5902291992202,34.7951145996101,34.7951145996101,34.7951145996101,0.0,1.0954451150103321,6934.9461641746,57.97585704411794,28.98792852205897,28.98792852205897,28.98792852205897,0.0,3.8340579025361627,6601.24259514828,80.96912991998865,40.48456495999432,40.48456495999432,40.48456495999432,0.0,2.23606797749979,8258.49423321225,66.96267617113283,33.481338085566414,33.481338085566414,33.481338085566414,0.0,1.8165902124584952,6472.407921322635
0.0,65.00153844333225,32.500769221666125,32.500769221666125,32.500769221666125,0.0,1.140175425099138,6175.924813337675,72.57272214820111,36.286361074100554,36.286361074100554,36.286361074100554,0.0,2.073644135332772,6414.781344675748,55.58776843874919,27.793884219374593,27.793884219374593,27.793884219374593,0.0,2.5099800796022267,6077.628501315296,81.48619514985344,40.74309757492672,40.74309757492672,40.74309757492672,0.0,3.391164991562634,8211.543308051172,54.527057503591735,27.263528751795867,27.263528751795867,27.263528751795867,0.0,1.949358868961793,5420.89930731055,70.19401683904404,35.09700841952202,35.09700841952202,35.09700841952202,0.0,0.8944271909999157,6231.865467097312,49.59838707054898,24.79919353527449,24.79919353527449,24.79919353527449,0.0,1.224744871391589,5641.503895239282,90.08218469819657,45.041092349098285,45.041092349098285,45.041092349098285,0.0,3.9115214431215892,8471.006150393234,67.9028718096665,33.95143590483325,33.95143590483325,33.95143590483325,0.0,1.4142135623730951,5825.102874628053,33.60357123878354,16.80178561939177,16.80178561939177,16.80178561939177,0.0,0.8944271909999159,4521.903338197312,29.037906260610455,14.518953130305228,14.518953130305228,14.518953130305228,0.0,1.414213562373095,2693.486736555426,70.42726744663604,35.21363372331802,35.21363372331802,35.21363372331802,0.0,1.4832396974191326,6114.904700810962,53.907327887774215,26.953663943887108,26.953663943887108,26.953663943887108,0.0,1.7888543819998322,5376.600254807865,19.09973821810132,9.54986910905066,9.54986910905066,9.54986910905066,0.0,1.140175425099138,2256.544083327423,73.13822529977057,36.569112649885284,36.569112649885284,36.569112649885284,0.0,2.345207879911715,7983.786275947021,55.58057214530991,27.790286072654954,27.790286072654954,27.790286072654954,0.0,1.4832396974191329,5823.436846055773,69.5902291992202,34.7951145996101,34.7951145996101,34.7951145996101,0.0,1.0954451150103321,6932.453872908207,57.87227315390333,28.936136576951665,28.936136576951665,28.936136576951665,0.0,3.4351128074635335,6602.544789700408,80.96912991998865,40.48456495999432,40.48456495999432,40.48456495999432,0.0,2.23606797749979,8257.109015872324,66.96267617113283,33.481338085566414,33.481338085566414,33.481338085566414,0.0,1.8165902124584952,6472.967148070505
0.0,65.13677916507693,32.568389582538465,32.568389582538465,32.568389582538465,0.0,1.140175425099138,6171.464963847725,72.39613249338669,36.198066246693344,36.198066246693344,36.198066246693344,0.0,2.073644135332772,6415.596503833451,55.14707607842867,27.573538039214334,27.573538039214334,27.573538039214334,0.0,2.5099800796022267,6075.5907778585615,81.79731046923243,40.898655234616214,40.898655234616214,40.898655234616214,0.0,3.391164991562634,8211.58803155638,54.46099521676041,27.230497608380205,27.230497608380205,27.230497608380205,0.0,1.949358868961793,5418.472801445071,69.95712972957081,34.978564864785405,34.978564864785405,34.978564864785405,0.0,0.8366600265340755,6228.823749312545,73.47652686402644,36.73826343201322,36.73826343201322,36.73826343201322,0.0,2.5495097567963922,8019.900579184258,90.78986727603471,45.394933638017356,45.394933638017356,45.394933638017356,0.0,3.646916505762094,8473.640498628674,67.9028718096665,33.95143590483325,33.95143590483325,33.95143590483325,0.0,1.4142135623730951,5822.37445549494,33.89985250705377,16.949926253526886,16.949926253526886,16.949926253526886,0.0,0.8944271909999159,4520.198148311642,29.037906260610455,14.518953130305228,14.518953130305228,14.518953130305228,0.0,1.414213562373095,2690.378504969143,70.68804708011108,35.34402354005554,35.34402354005554,35.34402354005554,0.0,1.4832396974191326,6115.243290336043,54.43160846420029,27.215804232100144,27.215804232100144,27.215804232100144,0.0,1.7888543819998322,5380.368714131031,19.110206696946005,9.555103348473002,9.555103348473002,9.555103348473002,0.0,0.894427190999916,2254.4118523464163,72.54515834981684,36.27257917490842,36.27257917490842,36.27257917490842,0.0,2.345207879911715,7983.711417630274,54.856175586710386,27.428087793355193,27.428087793355193,27.428087793355193,0.0,1.4832396974191329,5821.560383608505,68.69352225646898,34.34676112823449,34.34676112823449,34.34676112823449,0.0,1.0954451150103321,6931.680835122172,57.87227315390333,28.936136576951665,28.936136576951665,28.936136576951665,0.0,3.4351128074635335,6599.949075561113,80.54067295472518,40.27033647736259,40.27033647736259,40.27033647736259,0.0,2.23606797749979,8262.793401749797,67.0164158993899,33.50820794969495,33.50820794969495,33.50820794969495,0.0,1.8165902124584952,6471.9258107614305
0.0,65.54998093058457,32.774990465292284,32.774990465292284,32.774990465292284,0.0,1.3416407864998738,6166.387499987331,79.60401999899251,39.802009999496256,39.802009999496256,39.802009999496256,0.0,2.3021728866442674,7111.118217270755,55.234047470740364,27.617023735370182,27.617023735370182,27.617023735370182,0.0,2.5099800796022267,6074.440575065329,81.01357910869017,40.50678955434508,40.50678955434508,40.50678955434508,0.0,3.03315017762062,8217.203922259689,53.82564444574723,26.912822222873615,26.912822222873615,26.912822222873615,0.0,1.949358868961793,5419.407735168115,69.39164214802817,34.695821074014084,34.695821074014084,34.695821074014084,0.0,0.8366600265340755,6227.790121704487,73.47652686402644,36.73826343201322,36.73826343201322,36.73826343201322,0.0,2.5495097567963922,8016.527883067582,91.1657830548282,45.5828915274141,45.5828915274141,45.5828915274141,0.0,3.646916505762094,8473.379797931873,67.9028718096665,33.95143590483325,33.95143590483325,33.95143590483325,0.0,1.4142135623730951,5821.520273949065,33.49626844888845,16.748134224444225,16.748134224444225,16.748134224444225,0.0,0.8944271909999159,4517.452733565676,28.823601440486232,14.411800720243116,14.411800720243116,14.411800720243116,0.0,1.414213562373095,2690.059720526665,70.68804708011108,35.34402354005554,35.34402354005554,35.34402354005554,0.0,1.4832396974191326,6113.647503741117,54.12208421707353,27.061042108536764,27.061042108536764,27.061042108536764,0.0,1.7888543819998322,5381.832141566662,19.667231630303235,9.833615815151617,9.833615815151617,9.833615815151617,0.0,0.894427190999916,2253.857360171668,57.654141221598294,28.827070610799147,28.827070610799147,28.827070610799147,0.0,2.16794833886788,6038.4956984335095,54.19594080740734,27.09797040370367,27.09797040370367,27.09797040370367,0.0,1.4832396974191329,5823.307797120122,68.69352225646898,34.34676112823449,34.34676112823449,34.34676112823449,0.0,1.0954451150103321,6928.354155208869,58.54229240472225,29.271146202361123,29.271146202361123,29.271146202361123,0.0,3.8340579025361627,6665.063668113006,80.54067295472518,40.27033647736259,40.27033647736259,40.27033647736259,0.0,2.23606797749979,8259.79583888125,66.4439613509008,33.2219806754504,33.2219806754504,33.2219806754504,0.0,1.8165902124584952,6474.222756439571
0.0,65.0322996671654,32.5161498335827,32.5161498335827,32.5161498335827,0.0,1.3416407864998738,6169.678897641271,79.93247149938503,39.966235749692515,39.966235749692515,39.966235749692515,0.0,2.3021728866442674,7112.345274239714,55.37869626489956,27.68934813244978,27.68934813244978,27.68934813244978,0.0,2.5099800796022267,6077.473298995234,82.19975669063747,41.099878345318736,41.099878345318736,41.099878345318736,0.0,3.03315017762062,8212.986320456159,53.82564444574723,26.912822222873615,26.912822222873615,26.912822222873615,0.0,1.949358868961793,5422.905402088441,69.48381106416083,34.741905532080416,34.741905532080416,34.741905532080416,0.0,0.8366600265340755,6230.059132945689,73.7644901019454,36.8822450509727,36.8822450509727,36.8822450509727,0.0,2.5495097567963922,8017.576859625357,90.78986727603471,45.394933638017356,45.394933638017356,45.394933638017356,0.0,3.646916505762094,8474.194840809361,66.9716357871002,33.4858178935501,33.4858178935501,33.4858178935501,0.0,1.3038404810405297,5817.6236557549855,34.01764248151244,17.00882124075622,17.00882124075622,17.00882124075622,0.0,0.8944271909999159,4520.458737783147,29.13417237540823,14.567086187704115,14.567086187704115,14.567086187704115,0.0,1.414213562373095,2690.313606254854,70.8321960693017,35.41609803465085,35.41609803465085,35.41609803465085,0.0,1.4832396974191326,6112.103623139909,54.65528336766721,27.327641683833605,27.327641683833605,27.327641683833605,0.0,1.7888543819998322,5384.71079074819,20.099751242241783,10.049875621120892,10.049875621120892,10.049875621120892,0.0,0.894427190999916,2253.2773242546064,57.654141221598294,28.827070610799147,28.827070610799147,28.827070610799147,0.0,2.16794833886788,6040.18000559586,54.19594080740734,27.09797040370367,27.09797040370367,27.09797040370367,0.0,1.4832396974191329,5821.489328342018,68.69352225646898,34.34676112823449,34.34676112823449,34.34676112823449,0.0,1.0954451150103321,6931.1393940679045,57.82732917920384,28.91366458960192,28.91366458960192,28.91366458960192,0.0,3.4351128074635335,6665.438672735651,80.54067295472518,40.27033647736259,40.27033647736259,40.27033647736259,0.0,2.23606797749979,8260.070562652596,65.96969000988257,32.984845004941285,32.984845004941285,32.984845004941285,0.0,1.8165902124584952,6473.959877849105
0.0,65.70540312637918,32.85270156318959,32.85270156318959,32.85270156318959,0.0,1.3416407864998738,6169.298096218078,79.93247149938503,39.966235749692515,39.966235749692515,39.966235749692515,0.0,2.3021728866442674,7114.167182460643,54.63698381133425,27.318491905667123,27.318491905667123,27.318491905667123,0.0,2.5099800796022267,6077.014176386295,82.39660187167915,41.198300935839576,41.198300935839576,41.198300935839576,0.0,3.03315017762062,8215.861202576392,53.452782902296114,26.726391451148057,26.726391451148057,26.726391451148057,0.0,1.949358868961793,5425.963112664885,69.62183565520232,34.81091782760116,34.81091782760116,34.81091782760116,0.0,0.8366600265340755,6225.121822101155,73.49829930005184,36.74914965002592,36.74914965002592,36.74914965002592,0.0,2.5495097567963922,8016.32186230069,90.12657765609433,45.06328882804716,45.06328882804716,45.06328882804716,0.0,3.5637059362410923,8473.89351479,66.64232889087836,33.32116444543918,33.32116444543918,33.32116444543918,0.0,1.3038404810405297,5816.115688326703,34.01764248151244,17.00882124075622,17.00882124075622,17.00882124075622,0.0,0.8944271909999159,4520.855582740948,29.13417237540823,14.567086187704115,14.567086187704115,14.567086187704115,0.0,1.414213562373095,2690.2025574294585,70.35055081518551,35.17527540759276,35.17527540759276,35.17527540759276,0.0,1.4832396974191326,6113.548110549225,54.65528336766721,27.327641683833605,27.327641683833605,27.327641683833605,0.0,1.7888543819998322,5381.990867699424,20.099751242241783,10.049875621120892,10.049875621120892,10.049875621120892,0.0,0.894427190999916,2250.9959351362677,58.29922812525051,29.149614062625254,29.149614062625254,29.149614062625254,0.0,2.16794833886788,6041.017356373014,53.50513994000951,26.752569970004753,26.752569970004753,26.752569970004753,0.0,1.4832396974191329,5819.090925565608,68.69352225646898,34.34676112823449,34.34676112823449,34.34676112823449,0.0,1.0954451150103321,6929.562879431863,57.155927076725824,28.577963538362912,28.577963538362912,28.577963538362912,0.0,3.0495901363953815,6665.150800994678,80.54067295472518,40.27033647736259,40.27033647736259,40.27033647736259,0.0,2.23606797749979,8260.62265812935,65.40030580968256,32.70015290484128,32.70015290484128,32.70015290484128,0.0,1.6431676725154982,6476.807562372068
0.0,65.19815948322469,32.59907974161234,32.59907974161234,32.59907974161234,0.0,1.3416407864998738,6171.290035316765,79.43047274188918,39.71523637094459,39.71523637094459,39.71523637094459,0.0,2.3021728866442674,7118.929463058333,55.034534612368624,27.517267306184312,27.517267306184312,27.517267306184312,0.0,2.5099800796022267,6075.862630112699,81.88284313578761,40.941421567893805,40.941421567893805,40.941421567893805,0.0,3.03315017762062,8217.246101949242,54.136863595890006,27.068431797945003,27.068431797945003,27.068431797945003,0.0,1.949358868961793,5423.016623614572,69.62183565520232,34.81091782760116,34.81091782760116,34.81091782760116,0.0,0.8366600265340755,6227.093688069901,72.71313498949142,36.35656749474571,36.35656749474571,36.35656749474571,0.0,2.16794833886788,8017.692105587493,89.42706525431772,44.71353262715886,44.71353262715886,44.71353262715886,0.0,3.5637059362410923,8477.95304304052,66.3234498499588,33.1617249249794,33.1617249249794,33.1617249249794,0.0,1.3038404810405297,5814.3474010416685,34.01764248151244,17.00882124075622,17.00882124075622,17.00882124075622,0.0,0.8944271909999159,4518.775420398761,28.516661796220117,14.258330898110058,14.258330898110058,14.258330898110058,0.0,1.414213562373095,2688.5110191330814,69.87703485409209,34.938517427046044,34.938517427046044,34.938517427046044,0.0,1.4832396974191326,6111.412561756897,54.358072077659266,27.179036038829633,27.179036038829633,27.179036038829633,0.0,1.5811388300841898,5376.799912587412,20.366639388961552,10.183319694480776,10.183319694480776,10.183319694480776,0.0,0.894427190999916,2250.2045462579617,57.9068217052188,28.9534108526094,28.9534108526094,28.9534108526094,0.0,2.16794833886788,6040.686260682639,53.50513994000951,26.752569970004753,26.752569970004753,26.752569970004753,0.0,1.4832396974191329,5818.165114535681,68.57988043150849,34.28994021575424,34.28994021575424,34.28994021575424,0.0,1.0954451150103321,6930.514389278765,57.155927076725824,28.577963538362912,28.577963538362912,28.577963538362912,0.0,3.0495901363953815,6665.834928949261,80.70439888878424,40.35219944439212,40.35219944439212,40.35219944439212,0.0,2.23606797749979,8255.446111507239,65.82400777831748,32.91200388915874,32.91200388915874,32.91200388915874,0.0,1.6431676725154982,6478.640111937072
0.0,64.44222218390672,32.22111109195336,32.22111109195336,32.22111109195336,0.0,1.3416407864998738,6170.910240799165,79.43047274188918,39.71523637094459,39.71523637094459,39.71523637094459,0.0,2.3021728866442674,7114.63999089202,55.37869626489956,27.68934813244978,27.68934813244978,27.68934813244978,0.0,2.5099800796022267,6070.910005921682,81.88284313578761,40.941421567893805,40.941421567893805,40.941421567893805,0.0,3.03315017762062,8215.873374145927,54.136863595890006,27.068431797945003,27.068431797945003,27.068431797945003,0.0,1.949358868961793,5421.89390342526,69.3195499119837,34.65977495599185,34.65977495599185,34.65977495599185,0.0,0.8366600265340755,6226.759807476116,71.9805529292461,35.99027646462305,35.99027646462305,35.99027646462305,0.0,2.16794833886788,8020.620568260289,89.42706525431772,44.71353262715886,44.71353262715886,44.71353262715886,0.0,3.5637059362410923,8474.378573087233,66.3234498499588,33.1617249249794,33.1617249249794,33.1617249249794,0.0,1.3038404810405297,5812.593569139339,34.51376536977674,17.25688268488837,17.25688268488837,17.25688268488837,0.0,0.8944271909999159,4516.959895770605,28.516661796220117,14.258330898110058,14.258330898110058,14.258330898110058,0.0,1.414213562373095,2689.492647322167,69.4118145563131,34.70590727815655,34.70590727815655,34.70590727815655,0.0,1.4832396974191326,6109.987070362751,52.94147712332931,26.470738561664653,26.470738561664653,26.470738561664653,0.0,1.5811388300841898,5380.916910713267,20.376457003120045,10.188228501560022,10.188228501560022,10.188228501560022,0.0,0.894427190999916,2249.5879622722023,58.55937158132761,29.279685790663805,29.279685790663805,29.279685790663805,0.0,2.16794833886788,6041.568273221779,53.50513994000951,26.752569970004753,26.752569970004753,26.752569970004753,0.0,1.4832396974191329,5818.081255878093,68.57988043150849,34.28994021575424,34.28994021575424,34.28994021575424,0.0,1.0954451150103321,6927.544925873813,57.82732917920384,28.91366458960192,28.91366458960192,28.91366458960192,0.0,3.4351128074635335,6683.9858841861715,80.11741383744236,40.05870691872118,40.05870691872118,40.05870691872118,0.0,2.23606797749979,8257.592700054902,65.43087956003649,32.715439780018244,32.715439780018244,32.715439780018244,0.0,1.6431676725154982,6477.577579620332
0.0,65.12449615927943,32.562248079639716,32.562248079639716,32.562248079639716,0.0,1.3416407864998738,6168.331727460837,79.43047274188918,39.71523637094459,39.71523637094459,39.71523637094459,0.0,2.3021728866442674,7110.5740766832605,55.360635834498865,27.680317917249432,27.680317917249432,27.680317917249432,0.0,2.073644135332772,6071.552750326723,82.60750571225353,41.30375285612676,41.30375285612676,41.30375285612676,0.0,3.03315017762062,8219.12655335103,54.136863595890006,27.068431797945003,27.068431797945003,27.068431797945003,0.0,1.949358868961793,5420.8722822069885,70.16266813626744,35.08133406813372,35.08133406813372,35.08133406813372,0.0,0.8366600265340755,6228.5701168085125,71.20393247567159,35.601966237835796,35.601966237835796,35.601966237835796,0.0,2.16794833886788,8020.160646770113,89.42706525431772,44.71353262715886,44.71353262715886,44.71353262715886,0.0,3.5637059362410923,8472.631598269809,66.55223512399866,33.27611756199933,33.27611756199933,33.27611756199933,0.0,1.3038404810405297,5810.82878770318,33.83489323169204,16.91744661584602,16.91744661584602,16.91744661584602,0.0,0.44721359549995787,4519.259806649758,28.516661796220117,14.258330898110058,14.258330898110058,14.258330898110058,0.0,1.414213562373095,2686.2282479342666,70.03427732189431,35.017138660947154,35.017138660947154,35.017138660947154,0.0,1.4832396974191326,6107.913899196681,53.11496964133558,26.55748482066779,26.55748482066779,26.55748482066779,0.0,1.5811388300841898,5381.615073562954,20.6688170924221,10.33440854621105,10.33440854621105,10.33440854621105,0.0,0.894427190999916,2247.586105135908,58.56620185738529,29.283100928692644,29.283100928692644,29.283100928692644,0.0,1.9999999999999998,6041.137765355133,52.81287721758776,26.40643860879388,26.40643860879388,26.40643860879388,0.0,1.4832396974191329,5817.370428294901,68.25833282464494,34.12916641232247,34.12916641232247,34.12916641232247,0.0,1.0954451150103321,6923.523221597512,57.07188449665912,28.53594224832956,28.53594224832956,28.53594224832956,0.0,3.0495901363953815,6682.501851851595,79.8548683550352,39.9274341775176,39.9274341775176,39.9274341775176,0.0,1.9235384061671346,8255.309824591684,65.96362634058258,32.98181317029129,32.98181317029129,32.98181317029129,0.0,1.6431676725154982,6475.561481446995
0.0,64.99846152025447,32.49923076012723,32.49923076012723,32.49923076012723,0.0,1.3416407864998738,6175.476394578803,78.84668667737408,39.42334333868704,39.42334333868704,39.42334333868704,0.0,2.3021728866442674,7111.67601202417,55.360635834498865,27.680317917249432,27.680317917249432,27.680317917249432,0.0,2.073644135332772,6069.733643249924,83.3354666393607,41.66773331968035,41.66773331968035,41.66773331968035,0.0,3.03315017762062,8221.44445946088,54.5820483309302,27.2910241654651,27.2910241654651,27.2910241654651,0.0,1.949358868961793,5419.861732553701,70.16266813626744,35.08133406813372,35.08133406813372,35.08133406813372,0.0,0.8366600265340755,6228.165837548002,71.8971487612687,35.94857438063435,35.94857438063435,35.94857438063435,0.0,2.16794833886788,8020.965135194144,89.42706525431772,44.71353262715886,44.71353262715886,44.71353262715886,0.0,3.5637059362410923,8473.664773874407,66.55223512399866,33.27611756199933,33.27611756199933,33.27611756199933,0.0,1.3038404810405297,5809.899801201394,33.83489323169204,16.91744661584602,16.91744661584602,16.91744661584602,0.0,0.44721359549995787,4518.991668503053,28.192197502145874,14.096098751072937,14.096098751072937,14.096098751072937,0.0,1.414213562373095,2688.317838351708,70.10848736066126,35.05424368033063,35.05424368033063,35.05424368033063,0.0,1.4832396974191326,6108.63001826105,53.11120409103902,26.55560204551951,26.55560204551951,26.55560204551951,0.0,1.5811388300841898,5379.888641970204,21.743964679883014,10.871982339941507,10.871982339941507,10.871982339941507,0.0,0.894427190999916,2249.467781498548,58.59351499952874,29.29675749976437,29.29675749976437,29.29675749976437,0.0,1.9999999999999998,6044.298528365389,52.12293161363816,26.06146580681908,26.06146580681908,26.06146580681908,0.0,1.4832396974191329,5819.787693722168,68.8040696470783,34.40203482353915,34.40203482353915,34.40203482353915,0.0,1.0954451150103321,6921.878588938122,57.12092436226851,28.560462181134255,28.560462181134255,28.560462181134255,0.0,3.0495901363953815,6686.713632271088,79.6065323952752,39.8032661976376,39.8032661976376,39.8032661976376,0.0,1.9235384061671346,8256.339097929542,65.96362634058258,32.98181317029129,32.98181317029129,32.98181317029129,0.0,1.6431676725154982,6476.54049628349
0.0,64.69930447848725,32.349652239243625,32.349652239243625,32.349652239243625,0.0,1.3416407864998738,6172.59696562152,79.1403816013039,39.57019080065195,39.57019080065195,39.57019080065195,0.0,2.3021728866442674,7111.667174439479,55.44366510251645,27.721832551258224,27.721832551258224,27.721832551258224,0.0,2.073644135332772,6072.260765151641,83.3354666393607,41.66773331968035,41.66773331968035,41.66773331968035,0.0,3.03315017762062,8220.516121266353,54.5820483309302,27.2910241654651,27.2910241654651,27.2910241654651,0.0,1.949358868961793,5418.709366629659,69.87131027825369,34.935655139126844,34.935655139126844,34.935655139126844,0.0,0.8366600265340755,6230.749176463453,72.46516404452557,36.23258202226278,36.23258202226278,36.23258202226278,0.0,2.16794833886788,8020.801344005473,88.656641037206,44.328320518603,44.328320518603,44.328320518603,0.0,3.1144823004794873,8474.65058276741,66.26613011184521,33.13306505592261,33.13306505592261,33.13306505592261,0.0,1.3038404810405297,5809.391620471114,33.83489323169204,16.91744661584602,16.91744661584602,16.91744661584602,0.0,0.44721359549995787,4522.263625663591,28.192197502145874,14.096098751072937,14.096098751072937,14.096098751072937,0.0,1.414213562373095,2689.232455553071,70.10848736066126,35.05424368033063,35.05424368033063,35.05424368033063,0.0,1.4832396974191326,6109.22820821092,53.291650377896914,26.645825188948457,26.645825188948457,26.645825188948457,0.0,1.5811388300841898,5382.075324630825,22.117866081518805,11.058933040759403,11.058933040759403,11.058933040759403,0.0,0.894427190999916,2249.44619851198,57.79965397820302,28.89982698910151,28.89982698910151,28.89982698910151,0.0,1.9999999999999998,6040.267187798898,52.12293161363816,26.06146580681908,26.06146580681908,26.06146580681908,0.0,1.4832396974191329,5818.277253620698,68.70807812768453,34.354039063842265,34.354039063842265,34.354039063842265,0.0,1.0954451150103321,6921.573939502488,57.52564645442935,28.762823227214675,28.762823227214675,28.762823227214675,0.0,3.0495901363953815,6687.971351613282,79.6065323952752,39.8032661976376,39.8032661976376,39.8032661976376,0.0,1.9235384061671346,8257.339504949521,67.12078664616499,33.560393323082494,33.560393323082494,33.560393323082494,0.0,1.6431676725154982,6480.025254580417
0.0,64.4111791539326,32.2055895769663,32.2055895769663,32.2055895769663,0.0,1.3416407864998738,6172.314460556915,79.94247932107184,39.97123966053592,39.97123966053592,39.97123966053592,0.0,2.3021728866442674,7114.8523667044565,55.44366510251645,27.721832551258224,27.721832551258224,27.721832551258224,0.0,2.073644135332772,6071.949151631624,83.38585011859027,41.692925059295135,41.692925059295135,41.692925059295135,0.0,3.03315017762062,8221.324911472602,55.21956175124898,27.60978087562449,27.60978087562449,27.60978087562449,0.0,1.949358868961793,5422.012652143114,69.5902291992202,34.7951145996101,34.7951145996101,34.7951145996101,0.0,0.8366600265340755,6232.362008099337,72.27724399837061,36.138621999185304,36.138621999185304,36.138621999185304,0.0,2.16794833886788,8022.056469509548,88.3334591194073,44.16672955970365,44.16672955970365,44.16672955970365,0.0,3.1144823004794873,8475.412273158163,66.82813778641449,33.414068893207244,33.414068893207244,33.414068893207244,0.0,1.3038404810405297,5808.023390104417,34.01764248151244,17.00882124075622,17.00882124075622,17.00882124075622,0.0,0.44721359549995787,4524.041135975666,28.192197502145874,14.096098751072937,14.096098751072937,14.096098751072937,0.0,1.414213562373095,2686.9890770153866,69.56148359544957,34.78074179772479,34.78074179772479,34.78074179772479,0.0,1.4832396974191326,6112.697072487725,52.58136552049595,26.290682760247975,26.290682760247975,26.290682760247975,0.0,1.5811388300841898,5375.017888342326,21.279097725232617,10.639548862616309,10.639548862616309,10.639548862616309,0.0,0.894427190999916,2252.5173029302123,56.843645203311866,28.421822601655933,28.421822601655933,28.421822601655933,0.0,1.7888543819998317,6040.807412920893,52.15361924162119,26.076809620810597,26.076809620810597,26.076809620810597,0.0,1.4832396974191329,5823.423477646117,69.05939472656853,34.529697363284264,34.529697363284264,34.529697363284264,0.0,1.0954451150103321,6922.158767321073,56.86123459792269,28.430617298961344,28.430617298961344,28.430617298961344,0.0,2.6832815729997477,6686.914998712037,79.03163923391695,39.515819616958474,39.515819616958474,39.515819616958474,0.0,1.9235384061671346,8257.176139577017,67.12078664616499,33.560393323082494,33.560393323082494,33.560393323082494,0.0,1.6431676725154982,6480.345268579445
0.0,64.4111791539326,32.2055895769663,32.2055895769663,32.2055895769663,0.0,1.3416407864998738,6173.107053988291,79.6416976212838,39.8208488106419,39.8208488106419,39.8208488106419,0.0,2.3021728866442674,7115.511949255654,55.400361009654084,27.700180504827042,27.700180504827042,27.700180504827042,0.0,2.1679483388678804,6074.026284105132,82.4330030994868,41.2165015497434,41.2165015497434,41.2165015497434,0.0,2.701851217221259,8219.087279010973,56.515484603779164,28.257742301889582,28.257742301889582,28.257742301889582,0.0,1.949358868961793,5418.666874794943,69.30512246580335,34.652561232901675,34.652561232901675,34.652561232901675,0.0,0.8366600265340755,6234.022601819791,71.75792639144473,35.87896319572236,35.87896319572236,35.87896319572236,0.0,2.16794833886788,8024.287432538792,88.01817994028279,44.009089970141396,44.009089970141396,44.009089970141396,0.0,3.1144823004794873,8475.435929791458,66.82813778641449,33.414068893207244,33.414068893207244,33.414068893207244,0.0,1.3038404810405297,5808.459580646146,34.01764248151244,17.00882124075622,17.00882124075622,17.00882124075622,0.0,0.44721359549995787,4521.768326661595,27.018512172212592,13.509256086106296,13.509256086106296,13.509256086106296,0.0,1.414213562373095,2680.7359623804805,69.0941386804988,34.5470693402494,34.5470693402494,34.5470693402494,0.0,1.4832396974191326,6117.494274619307,52.58136552049595,26.290682760247975,26.290682760247975,26.290682760247975,0.0,1.5811388300841898,5376.734231854872,21.679483388678797,10.839741694339398,10.839741694339398,10.839741694339398,0.0,0.894427190999916,2249.985622176284,57.2817597495049,28.64087987475245,28.64087987475245,28.64087987475245,0.0,1.7888543819998317,6040.177936120756,52.35647046927438,26.17823523463719,26.17823523463719,26.17823523463719,0.0,1.140175425099138,5825.698344404729,68.4309871330233,34.21549356651165,34.21549356651165,34.21549356651165,0.0,1.0954451150103321,6919.92916871264,57.19090836837618,28.59545418418809,28.59545418418809,28.59545418418809,0.0,2.6832815729997477,6689.043750791289,78.60534332982714,39.30267166491357,39.30267166491357,39.30267166491357,0.0,1.9235384061671346,8258.156543684552,66.64232889087836,33.32116444543918,33.32116444543918,33.32116444543918,0.0,1.6431676725154982,6480.490390394851
0.0,64.4111791539326,32.2055895769663,32.2055895769663,32.2055895769663,0.0,1.3416407864998738,6166.970106948792,79.35489902961253,39.67744951480626,39.67744951480626,39.67744951480626,0.0,2.3021728866442674,7117.221002610499,54.61501625011202,27.30750812505601,27.30750812505601,27.30750812505601,0.0,2.1679483388678804,6077.320774815165,81.93411987688646,40.96705993844323,40.96705993844323,40.96705993844323,0.0,2.701851217221259,8223.26430318277,56.20320275571491,28.101601377857456,28.101601377857456,28.101601377857456,0.0,1.949358868961793,5422.214833442143,69.30512246580335,34.652561232901675,34.652561232901675,34.652561232901675,0.0,0.8366600265340755,6231.620519575947,71.62960281894631,35.814801409473155,35.814801409473155,35.814801409473155,0.0,2.16794833886788,8021.694914418024,88.01817994028279,44.009089970141396,44.009089970141396,44.009089970141396,0.0,3.1144823004794873,8478.620217936406,66.9238373077934,33.4619186538967,33.4619186538967,33.4619186538967,0.0,1.3038404810405297,5807.970359772853,34.3685903115039,17.18429515575195,17.18429515575195,17.18429515575195,0.0,0.44721359549995787,4521.954223563082,27.2910241654651,13.64551208273255,13.64551208273255,13.64551208273255,0.0,1.414213562373095,2679.4061468915083,68.63526790215072,34.31763395107536,34.31763395107536,34.31763395107536,0.0,1.4832396974191326,6120.123920314032,52.77499407863538,26.38749703931769,26.38749703931769,26.38749703931769,0.0,1.5811388300841898,5378.11204792165,20.851858430365386,10.425929215182693,10.425929215182693,10.425929215182693,0.0,0.894427190999916,2251.53381053894,57.2817597495049,28.64087987475245,28.64087987475245,28.64087987475245,0.0,1.7888543819998317,6040.134659094944,52.25705693970911,26.128528469854555,26.128528469854555,26.128528469854555,0.0,1.140175425099138,5828.090622150619,68.4309871330233,34.21549356651165,34.21549356651165,34.21549356651165,0.0,1.0954451150103321,6921.904578943573,57.19090836837618,28.59545418418809,28.59545418418809,28.59545418418809,0.0,2.6832815729997477,6688.508144571553,78.05895208110341,39.02947604055171,39.02947604055171,39.02947604055171,0.0,1.9235384061671346,8254.979909121523,66.53420173113976,33.26710086556988,33.26710086556988,33.26710086556988,0.0,1.6431676725154982,6481.699831062837
0.0,65.09377850455449,32.546889252277246,32.546889252277246,32.546889252277246,0.0,1.3416407864998738,6168.827579046119,79.81729135970475,39.90864567985238,39.90864567985238,39.90864567985238,0.0,2.3021728866442674,7115.704835081343,54.61501625011202,27.30750812505601,27.30750812505601,27.30750812505601,0.0,2.1679483388678804,6076.57631401104,81.93411987688646,40.96705993844323,40.96705993844323,40.96705993844323,0.0,2.701851217221259,8227.756346659762,56.20320275571491,28.101601377857456,28.101601377857456,28.101601377857456,0.0,1.949358868961793,5417.978986670214,23.562682360037027,11.781341180018513,11.781341180018513,11.781341180018513,0.0,0.5477225575051661,1835.9048994977925,64.08431945491814,32.04215972745907,32.04215972745907,32.04215972745907,0.0,2.0,7196.327764908989,88.26550855232185,44.132754276160924,44.132754276160924,44.132754276160924,0.0,3.1144823004794873,8479.365453853254,66.61231117443683,33.30615558721841,33.30615558721841,33.30615558721841,0.0,1.3038404810405297,5806.646252356002,34.85398112124352,17.42699056062176,17.42699056062176,17.42699056062176,0.0,0.44721359549995787,4519.88871544422,26.855167100578615,13.427583550289308,13.427583550289308,13.427583550289308,0.0,1.414213562373095,2679.6552390186316,68.63526790215072,34.31763395107536,34.31763395107536,34.31763395107536,0.0,1.4832396974191326,6121.114089771568,52.77499407863538,26.38749703931769,26.38749703931769,26.38749703931769,0.0,1.5811388300841898,5379.287843200064,21.35415650406262,10.67707825203131,10.67707825203131,10.67707825203131,0.0,0.894427190999916,2250.0617324864666,65.80273550544841,32.901367752724205,32.901367752724205,32.901367752724205,0.0,2.9664793948382653,6633.856811840304,52.25705693970911,26.128528469854555,26.128528469854555,26.128528469854555,0.0,1.140175425099138,5824.101149533721,69.07966415668217,34.539832078341085,34.539832078341085,34.539832078341085,0.0,1.0954451150103321,6917.575818160579,55.882018574851074,27.941009287425537,27.941009287425537,27.941009287425537,0.0,2.345207879911715,6686.587298465489,77.7868883553006,38.8934441776503,38.8934441776503,38.8934441776503,0.0,1.9235384061671346,8255.265368236202,66.53420173113976,33.26710086556988,33.26710086556988,33.26710086556988,0.0,1.6431676725154982,6484.167039797788
0.0,65.09377850455449,32.546889252277246,32.546889252277246,32.546889252277246,0.0,1.3416407864998738,6167.910237673697,79.81729135970475,39.90864567985238,39.90864567985238,39.90864567985238,0.0,2.3021728866442674,7116.898390450717,54.71014531145023,27.355072655725117,27.355072655725117,27.355072655725117,0.0,2.1679483388678804,6071.663338822403,81.20344820264715,40.601724101323576,40.601724101323576,40.601724101323576,0.0,2.701851217221259,8227.956945682203,54.02962150524469,27.014810752622346,27.014810752622346,27.014810752622346,0.0,1.788854381999832,5120.340955444276,23.435016535091243,11.717508267545622,11.717508267545622,11.717508267545622,0.0,0.5477225575051662,1839.8462707519886,64.08431945491814,32.04215972745907,32.04215972745907,32.04215972745907,0.0,2.0,7191.7543270053375,87.88629017087932,43.94314508543966,43.94314508543966,43.94314508543966,0.0,3.1144823004794873,8477.35036435324,66.08176753084015,33.04088376542008,33.04088376542008,33.04088376542008,0.0,1.3038404810405297,5807.527210439913,35.59775273805918,17.79887636902959,17.79887636902959,17.79887636902959,0.0,0.44721359549995787,4514.958394049717,26.585710447531774,13.292855223765887,13.292855223765887,13.292855223765887,0.0,1.414213562373095,2675.955249999521,68.08230313378066,34.04115156689033,34.04115156689033,34.04115156689033,0.0,1.4832396974191326,6122.19146221351,52.9981131739612,26.4990565869806,26.4990565869806,26.4990565869806,0.0,1.5811388300841898,5381.348557750186,21.35415650406262,10.67707825203131,10.67707825203131,10.67707825203131,0.0,0.894427190999916,2251.0523539002816,66.23292232719315,33.116461163596576,33.116461163596576,33.116461163596576,0.0,2.9664793948382653,6629.260954284421,53.09237233350945,26.546186166754726,26.546186166754726,26.546186166754726,0.0,1.140175425099138,5822.7549063995475,67.59585786126247,33.79792893063124,33.79792893063124,33.79792893063124,0.0,1.0954451150103321,6911.801465609382,62.953951424831146,31.476975712415573,31.476975712415573,31.476975712415573,0.0,3.2093613071762426,7407.391025185588,77.7868883553006,38.8934441776503,38.8934441776503,38.8934441776503,0.0,1.9235384061671346,8254.852227629517,66.54922989787335,33.27461494893667,33.27461494893667,33.27461494893667,0.0,1.6431676725154982,6482.810679018785
0.0,64.81666452387071,32.40833226193536,32.40833226193536,32.40833226193536,0.0,1.3416407864998738,6167.097031829481,79.81729135970475,39.90864567985238,39.90864567985238,39.90864567985238,0.0,2.3021728866442674,7118.185492104009,54.6735767990352,27.3367883995176,27.3367883995176,27.3367883995176,0.0,2.1679483388678804,6072.852278789596,80.97406992364901,40.487034961824506,40.487034961824506,40.487034961824506,0.0,2.701851217221259,8223.230496587092,55.234047470740364,27.617023735370182,27.617023735370182,27.617023735370182,0.0,1.788854381999832,5267.7649624864625,23.435016535091243,11.717508267545622,11.717508267545622,11.717508267545622,0.0,0.5477225575051662,1835.4592613294365,64.0,32.0,32.0,32.0,0.0,2.0,7192.312409788662,87.88629017087932,43.94314508543966,43.94314508543966,43.94314508543966,0.0,3.1144823004794873,8478.726189705621,65.41253702464077,32.706268512320385,32.706268512320385,32.706268512320385,0.0,1.3038404810405297,5806.558447135446,36.287738976133525,18.143869488066763,18.143869488066763,18.143869488066763,0.0,0.44721359549995787,4514.781689074235,26.585710447531774,13.292855223765887,13.292855223765887,13.292855223765887,0.0,1.414213562373095,2678.9203608916782,66.99850744606181,33.499253723030904,33.499253723030904,33.499253723030904,0.0,1.4832396974191326,6118.744707862879,50.88418221805279,25.442091109026396,25.442091109026396,25.442091109026396,0.0,1.5811388300841898,5379.972704391725,21.74396467988301,10.871982339941505,10.871982339941505,10.871982339941505,0.0,0.894427190999916,2249.272104481803,66.67233309252046,33.33616654626023,33.33616654626023,33.33616654626023,0.0,2.9664793948382653,6628.645012368666,62.712040311251236,31.356020155625618,31.356020155625618,31.356020155625618,0.0,2.280350850198276,6746.702357448416,67.59585786126247,33.79792893063124,33.79792893063124,33.79792893063124,0.0,1.0954451150103321,6913.282483740991,63.13477647065839,31.567388235329194,31.567388235329194,31.567388235329194,0.0,3.2093613071762426,7407.771277516606,77.7868883553006,38.8934441776503,38.8934441776503,38.8934441776503,0.0,1.9235384061671346,8252.556010109838,66.54922989787335,33.27461494893667,33.27461494893667,33.27461494893667,0.0,1.5811388300841898,6508.656643271329
0.0,64.55075522408704,32.27537761204352,32.27537761204352,32.27537761204352,0.0,1.3416407864998738,6169.46111909298,80.14985963805552,40.07492981902776,40.07492981902776,40.07492981902776,0.0,2.3021728866442674,7116.314600971489,54.65162394659467,27.325811973297334,27.325811973297334,27.325811973297334,0.0,2.1679483388678804,6075.169684873008,80.55308808481523,40.276544042407615,40.276544042407615,40.276544042407615,0.0,2.701851217221259,8223.652838003316,55.019996364958075,27.509998182479038,27.509998182479038,27.509998182479038,0.0,1.788854381999832,5266.308498369613,23.25510696599781,11.627553482998906,11.627553482998906,11.627553482998906,0.0,0.5477225575051662,1835.434907590024,63.99062431325389,31.995312156626944,31.995312156626944,31.995312156626944,0.0,2.0,7194.0490824013705,86.73638221646092,43.36819110823046,43.36819110823046,43.36819110823046,0.0,2.701851217221259,8478.745738610163,65.41253702464077,32.706268512320385,32.706268512320385,32.706268512320385,0.0,1.3038404810405297,5803.718997332659,35.9722114972099,17.98610574860495,17.98610574860495,17.98610574860495,0.0,0.44721359549995787,4512.130228617078,27.151427218472328,13.575713609236164,13.575713609236164,13.575713609236164,0.0,1.6431676725154982,2682.3267325215993,66.52818951391959,33.26409475695979,33.26409475695979,33.26409475695979,0.0,1.4832396974191326,6121.450465371749,50.88418221805279,25.442091109026396,25.442091109026396,25.442091109026396,0.0,1.5811388300841898,5379.797040781371,66.6543321922889,33.32716609614445,33.32716609614445,33.32716609614445,0.0,2.1908902300206647,6866.862056281602,67.60177512462228,33.80088756231114,33.80088756231114,33.80088756231114,0.0,2.9664793948382653,6630.068928751797,62.712040311251236,31.356020155625618,31.356020155625618,31.356020155625618,0.0,2.280350850198276,6748.773903458316,68.25540271656156,34.12770135828078,34.12770135828078,34.12770135828078,0.0,1.0954451150103321,6912.946347253102,63.488581650561386,31.744290825280693,31.744290825280693,31.744290825280693,0.0,3.2093613071762426,7405.553713261419,78.32496409191644,39.16248204595822,39.16248204595822,39.16248204595822,0.0,1.9235384061671346,8255.278172175666,66.9417657370942,33.4708828685471,33.4708828685471,33.4708828685471,0.0,1.5811388300841898,6511.423784396159
0.0,64.55075522408704,32.27537761204352,32.27537761204352,32.27537761204352,0.0,1.3416407864998738,6169.14780986807,79.57889167360902,39.78944583680451,39.78944583680451,39.78944583680451,0.0,2.3021728866442674,7117.74067383745,55.00909015790027,27.504545078950134,27.504545078950134,27.504545078950134,0.0,2.1679483388678804,6075.134031443257,80.55308808481523,40.276544042407615,40.276544042407615,40.276544042407615,0.0,2.701851217221259,8221.672530574298,54.55272678794342,27.27636339397171,27.27636339397171,27.27636339397171,0.0,1.788854381999832,5262.9823959424375,23.49468024894146,11.74734012447073,11.74734012447073,11.74734012447073,0.0,0.5477225575051662,1834.4199355654637,62.85538958593766,31.42769479296883,31.42769479296883,31.42769479296883,0.0,2.0,7194.928873866648,86.73638221646092,43.36819110823046,43.36819110823046,43.36819110823046,0.0,2.701851217221259,8481.095961018245,65.41253702464077,32.706268512320385,32.706268512320385,32.706268512320385,0.0,1.3038404810405297,5801.528738186169,35.676322680455726,17.838161340227863,17.838161340227863,17.838161340227863,0.0,0.44721359549995787,4513.209091101364,26.743223440714846,13.371611720357423,13.371611720357423,13.371611720357423,0.0,1.6431676725154982,2684.171976606566,66.52818951391959,33.26409475695979,33.26409475695979,33.26409475695979,0.0,1.4832396974191326,6124.48583148006,51.17812032499826,25.58906016249913,25.58906016249913,25.58906016249913,0.0,1.5811388300841898,5380.153482940798,65.79665645000512,32.89832822500256,32.89832822500256,32.89832822500256,0.0,2.1908902300206647,6867.521714563412,68.85637225413491,34.428186127067455,34.428186127067455,34.428186127067455,0.0,2.9664793948382653,6628.865476082616,62.90310008258734,31.45155004129367,31.45155004129367,31.45155004129367,0.0,2.280350850198276,6750.62543028422,68.14690014960328,34.07345007480164,34.07345007480164,34.07345007480164,0.0,1.0954451150103321,6907.419033184537,64.64363851145757,32.321819255728784,32.321819255728784,32.321819255728784,0.0,3.2093613071762426,7404.483290547693,85.91391039872414,42.95695519936207,42.95695519936207,42.95695519936207,0.0,3.361547262794322,8717.514594194838,67.5188862467384,33.7594431233692,33.7594431233692,33.7594431233692,0.0,1.5811388300841898,6515.891013514575
0.0,64.4111791539326,32.2055895769663,32.2055895769663,32.2055895769663,0.0,1.3416407864998738,6165.09219720192,79.86989420300993,39.93494710150497,39.93494710150497,39.93494710150497,0.0,2.3021728866442674,7118.887679967987,54.15902510200862,27.07951255100431,27.07951255100431,27.07951255100431,0.0,2.1679483388678804,6074.625157159905,80.55308808481523,40.276544042407615,40.276544042407615,40.276544042407615,0.0,2.701851217221259,8220.330449562232,54.55272678794342,27.27636339397171,27.27636339397171,27.27636339397171,0.0,1.788854381999832,5265.226984660775,23.34951819631403,11.674759098157015,11.674759098157015,11.674759098157015,0.0,0.5477225575051662,1834.3115057154278,62.75985978314483,31.379929891572417,31.379929891572417,31.379929891572417,0.0,2.0,7198.976330006927,86.12316761475974,43.06158380737987,43.06158380737987,43.06158380737987,0.0,2.701851217221259,8485.513113536505,66.25103772772167,33.12551886386083,33.12551886386083,33.12551886386083,0.0,1.3038404810405297,5804.996597759554,36.37581614204691,18.187908071023454,18.187908071023454,18.187908071023454,0.0,0.44721359549995787,4511.625516374336,26.645825188948457,13.322912594474229,13.322912594474229,13.322912594474229,0.0,1.6431676725154982,2684.329767372109,66.19063377850374,33.09531688925187,33.09531688925187,33.09531688925187,0.0,1.4832396974191326,6123.652178234815,50.860593783399736,25.430296891699868,25.430296891699868,25.430296891699868,0.0,1.5811388300841898,5382.43715244312,65.3054362208844,32.6527181104422,32.6527181104422,32.6527181104422,0.0,1.7888543819998315,6867.653580372265,69.49244563260096,34.74622281630048,34.74622281630048,34.74622281630048,0.0,2.9664793948382653,6628.234961134072,62.90310008258734,31.45155004129367,31.45155004129367,31.45155004129367,0.0,2.280350850198276,6752.126531693552,68.48941524060488,34.24470762030244,34.24470762030244,34.24470762030244,0.0,1.0954451150103321,6905.630116071958,64.64363851145757,32.321819255728784,32.321819255728784,32.321819255728784,0.0,3.2093613071762426,7405.3840008469515,85.29243811733839,42.646219058669196,42.646219058669196,42.646219058669196,0.0,3.361547262794322,8720.330251773725,66.45900992341069,33.229504961705345,33.229504961705345,33.229504961705345,0.0,1.5811388300841898,6516.04922479872
0.0,64.4111791539326,32.2055895769663,32.2055895769663,32.2055895769663,0.0,1.3416407864998738,6165.365982648556,79.30447654451797,39.652238272258984,39.652238272258984,39.652238272258984,0.0,2.3021728866442674,7121.214397839739,54.15902510200862,27.07951255100431,27.07951255100431,27.07951255100431,0.0,2.1679483388678804,6076.00080645156,79.57889167360902,39.78944583680451,39.78944583680451,39.78944583680451,0.0,2.387467277262665,8220.347480490103,54.33967243184302,27.16983621592151,27.16983621592151,27.16983621592151,0.0,1.788854381999832,5264.428772431061,23.09112383579457,11.545561917897285,11.545561917897285,11.545561917897285,0.0,0.5477225575051662,1834.438524453736,62.68333111761052,31.34166555880526,31.34166555880526,31.34166555880526,0.0,2.0,7200.503975417277,85.79743585912111,42.898717929560554,42.898717929560554,42.898717929560554,0.0,2.701851217221259,8486.979009046741,65.94846472814966,32.97423236407483,32.97423236407483,32.97423236407483,0.0,1.3038404810405297,5808.452263727404,35.64828186603108,17.82414093301554,17.82414093301554,17.82414093301554,0.0,0.44721359549995787,4513.835818901702,27.003703449712226,13.501851724856113,13.501851724856113,13.501851724856113,0.0,1.6431676725154982,2682.1990045483203,66.3264653060903,33.16323265304515,33.16323265304515,33.16323265304515,0.0,1.4832396974191326,6123.608968574005,51.048996072400875,25.524498036200438,25.524498036200438,25.524498036200438,0.0,1.5811388300841898,5378.085979230901,64.45153217728807,32.225766088644036,32.225766088644036,32.225766088644036,0.0,1.7888543819998315,6868.925316233974,69.90565070149908,34.95282535074954,34.95282535074954,34.95282535074954,0.0,2.9664793948382653,6626.439594533402,62.331372518178995,31.165686259089497,31.165686259089497,31.165686259089497,0.0,2.280350850198276,6746.123872269171,69.1462218779884,34.5731109389942,34.5731109389942,34.5731109389942,0.0,1.0954451150103321,6906.807040883653,64.64363851145757,32.321819255728784,32.321819255728784,32.321819255728784,0.0,3.2093613071762426,7404.1280512967905,85.29243811733839,42.646219058669196,42.646219058669196,42.646219058669196,0.0,3.361547262794322,8716.009161307713,66.45900992341069,33.229504961705345,33.229504961705345,33.229504961705345,0.0,1.5811388300841898,6521.192851005098
0.0,64.81666452387071,32.40833226193536,32.40833226193536,32.40833226193536,0.0,1.3416407864998738,6166.2722936957625,79.30447654451797,39.652238272258984,39.652238272258984,39.652238272258984,0.0,2.3021728866442674,7119.943911295931,54.52705750359174,27.26352875179587,27.26352875179587,27.26352875179587,0.0,2.1679483388678804,6080.597931124867,79.35489902961253,39.67744951480626,39.67744951480626,39.67744951480626,0.0,2.387467277262665,8220.75453957847,54.33967243184302,27.16983621592151,27.16983621592151,27.16983621592151,0.0,1.788854381999832,5263.831874214829,22.952124084711638,11.476062042355819,11.476062042355819,11.476062042355819,0.0,0.5477225575051662,1833.670635637709,62.68333111761052,31.34166555880526,31.34166555880526,31.34166555880526,0.0,2.0,7200.069534386456,86.86771552193599,43.433857760967996,43.433857760967996,43.433857760967996,0.0,2.701851217221259,8490.877516487915,66.03635362434846,33.01817681217423,33.01817681217423,33.01817681217423,0.0,1.3038404810405297,5813.178106681405,35.888716889852724,17.944358444926362,17.944358444926362,17.944358444926362,0.0,0.44721359549995787,4511.259558039195,28.14249455894058,14.07124727947029,14.07124727947029,14.07124727947029,0.0,1.6431676725154982,2681.2061278461974,66.3264653060903,33.16323265304515,33.16323265304515,33.16323265304515,0.0,1.4832396974191326,6124.845687852062,51.048996072400875,25.524498036200438,25.524498036200438,25.524498036200438,0.0,1.5811388300841898,5371.3045156647,63.94685293272844,31.97342646636422,31.97342646636422,31.97342646636422,0.0,1.7888543819998315,6867.289603620922,68.95795820643184,34.47897910321592,34.47897910321592,34.47897910321592,0.0,2.6076809620810595,6629.493457271075,62.369864518050704,31.184932259025352,31.184932259025352,31.184932259025352,0.0,2.280350850198276,6750.208389375842,69.57010852370435,34.785054261852174,34.785054261852174,34.785054261852174,0.0,1.0954451150103321,6904.557748328274,67.6904720030818,33.8452360015409,33.8452360015409,33.8452360015409,0.0,3.6742346141747673,7467.131644748203,86.06509164580027,43.03254582290013,43.03254582290013,43.03254582290013,0.0,3.361547262794322,8714.68500865063,66.89693565478167,33.448467827390836,33.448467827390836,33.448467827390836,0.0,1.5811388300841898,6519.115545839021
0.0,64.55075522408704,32.27537761204352,32.27537761204352,32.27537761204352,0.0,1.3416407864998738,6166.330472817687,79.30447654451797,39.652238272258984,39.652238272258984,39.652238272258984,0.0,2.3021728866442674,7120.017183968028,54.907194428417114,27.453597214208557,27.453597214208557,27.453597214208557,0.0,2.345207879911715,6079.828476198979,79.03923076548759,39.519615382743794,39.519615382743794,39.519615382743794,0.0,2.387467277262665,8225.449349427665,53.99259208447025,26.996296042235127,26.996296042235127,26.996296042235127,0.0,1.788854381999832,5263.125848770862,22.86482013924448,11.43241006962224,11.43241006962224,11.43241006962224,0.0,0.5477225575051662,1833.567151756379,62.68333111761052,31.34166555880526,31.34166555880526,31.34166555880526,0.0,2.0,7202.953054129952,74.5466297024889,37.27331485124445,37.27331485124445,37.27331485124445,0.0,2.5099800796022267,7475.422911113457,66.03635362434846,33.01817681217423,33.01817681217423,33.01817681217423,0.0,1.3038404810405297,5814.727792425025,35.888716889852724,17.944358444926362,17.944358444926362,17.944358444926362,0.0,0.44721359549995787,4509.428433848351,28.263050083103206,14.131525041551603,14.131525041551603,14.131525041551603,0.0,1.6431676725154982,2681.0848550540136,67.61656601750786,33.80828300875393,33.80828300875393,33.80828300875393,0.0,1.4832396974191326,6125.679309268483,50.74248712863807,25.371243564319034,25.371243564319034,25.371243564319034,0.0,1.5811388300841898,5373.440638920281,63.8529560787909,31.92647803939545,31.92647803939545,31.92647803939545,0.0,1.7888543819998315,6870.8967536996215,69.40316995642202,34.70158497821101,34.70158497821101,34.70158497821101,0.0,2.6076809620810595,6632.171386506835,63.821626428664445,31.910813214332222,31.910813214332222,31.910813214332222,0.0,2.280350850198276,6748.347116146294,69.54998202731615,34.774991013658074,34.774991013658074,34.774991013658074,0.0,1.0954451150103321,6905.846617178809,65.83312236253116,32.91656118126558,32.91656118126558,32.91656118126558,0.0,3.1304951684997055,7470.677526168561,85.73913925390201,42.869569626951005,42.869569626951005,42.869569626951005,0.0,2.9495762407505253,8708.336253269048,80.76632961822644,40.38316480911322,40.38316480911322,40.38316480911322,0.0,2.701851217221259,7511.321701272021
0.0,64.29618962271404,32.14809481135702,32.14809481135702,32.14809481135702,0.0,1.3416407864998738,6168.160763144878,78.78324695009721,39.391623475048604,39.391623475048604,39.391623475048604,0.0,2.3021728866442674,7121.210255286667,54.0740233383831,27.03701166919155,27.03701166919155,27.03701166919155,0.0,1.9235384061671343,6079.1233496286295,78.73245836375237,39.366229181876186,39.366229181876186,39.366229181876186,0.0,2.387467277262665,8222.39414647583,53.85907537267977,26.929537686339884,26.929537686339884,26.929537686339884,0.0,1.788854381999832,5262.638720261918,22.387496510329154,11.193748255164577,11.193748255164577,11.193748255164577,0.0,0.5477225575051662,1833.949972054854,63.128440500300655,31.564220250150328,31.564220250150328,31.564220250150328,0.0,2.0,7200.1037631411955,74.51174404078863,37.255872020394314,37.255872020394314,37.255872020394314,0.0,2.5099800796022267,7475.28271706161,66.77724163216088,33.38862081608044,33.38862081608044,33.38862081608044,0.0,1.3038404810405297,5817.978343032913,35.90543134401813,17.952715672009067,17.952715672009067,17.952715672009067,0.0,0.44721359549995787,4508.0194431701375,28.376046236218322,14.188023118109161,14.188023118109161,14.188023118109161,0.0,1.6431676725154982,2680.2884732804414,67.16248953098746,33.58124476549373,33.58124476549373,33.58124476549373,0.0,1.4832396974191326,6126.523704353065,50.03198976654836,25.01599488327418,25.01599488327418,25.01599488327418,0.0,1.5811388300841898,5373.552130574338,64.0531029693332,32.0265514846666,32.0265514846666,32.0265514846666,0.0,1.7888543819998315,6868.976437577871,68.6789633002712,34.3394816501356,34.3394816501356,34.3394816501356,0.0,2.6076809620810595,6633.724594826047,64.6591060872326,32.3295530436163,32.3295530436163,32.3295530436163,0.0,2.280350850198276,6747.082317565127,68.65857557508748,34.32928778754374,34.32928778754374,34.32928778754374,0.0,1.0954451150103321,6903.152794194839,66.18761213399378,33.09380606699689,33.09380606699689,33.09380606699689,0.0,3.1304951684997055,7471.615735568847,85.73913925390201,42.869569626951005,42.869569626951005,42.869569626951005,0.0,2.9495762407505253,8705.212042219304,80.76632961822644,40.38316480911322,40.38316480911322,40.38316480911322,0.0,2.701851217221259,7509.035703737199
0.0,64.02187126287392,32.01093563143696,32.01093563143696,32.01093563143696,0.0,1.3416407864998738,6168.326782848003,79.08223567907018,39.54111783953509,39.54111783953509,39.54111783953509,0.0,2.3021728866442674,7121.764830433535,54.06292629889729,27.031463149448644,27.031463149448644,27.031463149448644,0.0,1.9235384061671343,6079.880961005733,79.2666386318986,39.6333193159493,39.6333193159493,39.6333193159493,0.0,2.387467277262665,8220.395318961248,54.3617512595023,27.18087562975115,27.18087562975115,27.18087562975115,0.0,1.788854381999832,5266.963546484824,21.93627133311402,10.96813566655701,10.96813566655701,10.96813566655701,0.0,0.5477225575051662,1832.6500757100357,62.76941930590086,31.38470965295043,31.38470965295043,31.38470965295043,0.0,2.0,7201.178250814238,73.53366575929694,36.76683287964847,36.76683287964847,36.76683287964847,0.0,2.5099800796022267,7477.0004681021655,66.50413520977474,33.25206760488737,33.25206760488737,33.25206760488737,0.0,1.3038404810405297,5820.528257813032,35.90543134401813,17.952715672009067,17.952715672009067,17.952715672009067,0.0,0.44721359549995787,4509.492743092065,28.376046236218322,14.188023118109161,14.188023118109161,14.188023118109161,0.0,1.6431676725154982,2681.8118502236507,67.29933134883288,33.64966567441644,33.64966567441644,33.64966567441644,0.0,1.4832396974191326,6126.8359044452955,50.03198976654836,25.01599488327418,25.01599488327418,25.01599488327418,0.0,1.5811388300841898,5369.902960017062,64.45153217728807,32.225766088644036,32.225766088644036,32.225766088644036,0.0,1.8708286933869709,6868.119924695549,68.6789633002712,34.3394816501356,34.3394816501356,34.3394816501356,0.0,2.6076809620810595,6634.2661387677235,65.39113089708727,32.69556544854363,32.69556544854363,32.69556544854363,0.0,2.280350850198276,6746.3882040688995,68.54779354581737,34.273896772908685,34.273896772908685,34.273896772908685,0.0,1.0954451150103321,6903.49344172934,66.18761213399378,33.09380606699689,33.09380606699689,33.09380606699689,0.0,3.1304951684997055,7468.561340713484,87.29719354022785,43.648596770113926,43.648596770113926,43.648596770113926,0.0,2.9495762407505253,8703.495636811684,80.72174428244226,40.36087214122113,40.36087214122113,40.36087214122113,0.0,2.701851217221259,7512.3071156602755
0.0,63.00158728159156,31.50079364079578,31.50079364079578,31.50079364079578,0.0,1.3416407864998738,6167.490924192754,79.08223567907018,39.54111783953509,39.54111783953509,39.54111783953509,0.0,2.3021728866442674,7117.456729759584,54.06292629889729,27.031463149448644,27.031463149448644,27.031463149448644,0.0,1.9235384061671343,6082.250858029452,78.96328260653809,39.48164130326904,39.48164130326904,39.48164130326904,0.0,2.387467277262665,8218.360097975752,54.71745608121781,27.358728040608906,27.358728040608906,27.358728040608906,0.0,1.788854381999832,5265.561954815459,24.066574330386118,12.033287165193059,12.033287165193059,12.033287165193059,0.0,0.5477225575051662,1830.66673646516,62.76941930590086,31.38470965295043,31.38470965295043,31.38470965295043,0.0,2.0,7200.121700360349,73.176498959707,36.5882494798535,36.5882494798535,36.5882494798535,0.0,2.5099800796022267,7476.792681357428,66.05452293370985,33.027261466854924,33.027261466854924,33.027261466854924,0.0,1.3038404810405297,5816.6794049526225,36.37581614204691,18.187908071023454,18.187908071023454,18.187908071023454,0.0,0.44721359549995787,4508.120706014868,28.376046236218322,14.188023118109161,14.188023118109161,14.188023118109161,0.0,1.6431676725154982,2681.1404289965867,67.52184831593401,33.760924157967004,33.760924157967004,33.760924157967004,0.0,1.4832396974191326,6125.889364002585,50.525241216643394,25.262620608321697,25.262620608321697,25.262620608321697,0.0,1.5811388300841898,5373.491164969009,63.99374969479442,31.99687484739721,31.99687484739721,31.99687484739721,0.0,1.8708286933869709,6869.17101985385,68.6789633002712,34.3394816501356,34.3394816501356,34.3394816501356,0.0,2.6076809620810595,6631.833283489566,65.32074708697075,32.66037354348538,32.66037354348538,32.66037354348538,0.0,2.280350850198276,6748.341440680073,68.88541209864394,34.44270604932197,34.44270604932197,34.44270604932197,0.0,1.0954451150103321,6902.538482326629,65.64449710371768,32.82224855185884,32.82224855185884,32.82224855185884,0.0,3.1304951684997055,7468.221963760852,87.46427842267951,43.73213921133976,43.73213921133976,43.73213921133976,0.0,2.9495762407505253,8704.817803952015,81.13445630556724,40.56722815278362,40.56722815278362,40.56722815278362,0.0,2.701851217221259,7517.392912439791
0.0,63.00158728159156,31.50079364079578,31.50079364079578,31.50079364079578,0.0,1.3416407864998738,6168.487764436272,78.82385425745179,39.41192712872589,39.41192712872589,39.41192712872589,0.0,2.3021728866442674,7120.737939286911,54.453650015403014,27.226825007701507,27.226825007701507,27.226825007701507,0.0,1.9235384061671343,6082.19134029833,78.96328260653809,39.48164130326904,39.48164130326904,39.48164130326904,0.0,2.387467277262665,8217.848702671521,54.33967243184302,27.16983621592151,27.16983621592151,27.16983621592151,0.0,1.788854381999832,5268.712869382805,23.68966019173766,11.84483009586883,11.84483009586883,11.84483009586883,0.0,0.5477225575051662,1834.1881855469464,63.20443022447082,31.60221511223541,31.60221511223541,31.60221511223541,0.0,2.0,7200.738552398636,72.77362159464101,36.38681079732051,36.38681079732051,36.38681079732051,0.0,2.5099800796022267,7477.710090662783,66.05452293370985,33.027261466854924,33.027261466854924,33.027261466854924,0.0,1.3038404810405297,5818.028257064415,36.86190445432791,18.430952227163957,18.430952227163957,18.430952227163957,0.0,0.44721359549995787,4514.049257595668,27.76328510821441,13.881642554107206,13.881642554107206,13.881642554107206,0.0,1.6431676725154982,2682.3236568318894,67.52184831593401,33.760924157967004,33.760924157967004,33.760924157967004,0.0,1.4832396974191326,6126.1570498967785,50.525241216643394,25.262620608321697,25.262620608321697,25.262620608321697,0.0,1.5811388300841898,5373.669760973408,64.20903363234802,32.10451681617401,32.10451681617401,32.10451681617401,0.0,1.8708286933869709,6865.7004522481175,68.50693395562233,34.253466977811165,34.253466977811165,34.253466977811165,0.0,2.6076809620810595,6631.730332273773,64.55385348683686,32.27692674341843,32.27692674341843,32.27692674341843,0.0,1.8708286933869709,6746.738360126321,68.88541209864394,34.44270604932197,34.44270604932197,34.44270604932197,0.0,1.0954451150103321,6900.678031903822,66.38373294716108,33.19186647358054,33.19186647358054,33.19186647358054,0.0,3.1304951684997055,7473.866154809036,86.85159756734473,43.42579878367236,43.42579878367236,43.42579878367236,0.0,2.9495762407505253,8709.003341370353,81.59166624110577,40.795833120552885,40.795833120552885,40.795833120552885,0.0,2.701851217221259,7513.7650016486405
0.0,63.00158728159156,31.50079364079578,31.50079364079578,31.50079364079578,0.0,1.3416407864998738,6170.750059757727,79.23887934593725,39.619439672968625,39.619439672968625,39.619439672968625,0.0,2.16794833886788,7545.596709339826,54.53439281774392,27.26719640887196,27.26719640887196,27.26719640887196,0.0,1.9235384061671343,6082.517842143991,78.96328260653809,39.48164130326904,39.48164130326904,39.48164130326904,0.0,2.387467277262665,8215.686660285919,54.15902510200863,27.079512551004314,27.079512551004314,27.079512551004314,0.0,1.788854381999832,5264.600051285947,23.194827009486403,11.597413504743201,11.597413504743201,11.597413504743201,0.0,0.5477225575051662,1834.4706866014512,63.20443022447082,31.60221511223541,31.60221511223541,31.60221511223541,0.0,2.0,7200.079812057641,72.48999931024969,36.24499965512484,36.24499965512484,36.24499965512484,0.0,2.4083189157584592,7478.433779876639,65.79665645000512,32.89832822500256,32.89832822500256,32.89832822500256,0.0,1.3038404810405297,5823.711977768132,36.86190445432791,18.430952227163957,18.430952227163957,18.430952227163957,0.0,0.44721359549995787,4510.4613178698255,27.76328510821441,13.881642554107206,13.881642554107206,13.881642554107206,0.0,1.6431676725154982,2682.265143493462,77.82801552140462,38.91400776070231,38.91400776070231,38.91400776070231,0.0,1.6733200530681511,6814.563793816887,50.762190654068505,25.381095327034252,25.381095327034252,25.381095327034252,0.0,1.5811388300841898,5371.034323107608,76.90773693198884,38.45386846599442,38.45386846599442,38.45386846599442,0.0,1.8708286933869709,7871.963713076935,68.50693395562233,34.253466977811165,34.253466977811165,34.253466977811165,0.0,2.6076809620810595,6635.830822135236,64.6591060872326,32.3295530436163,32.3295530436163,32.3295530436163,0.0,1.8708286933869709,6746.487789954118,68.88541209864394,34.44270604932197,34.44270604932197,34.44270604932197,0.0,1.0954451150103321,6896.695092578764,65.84831053261732,32.92415526630866,32.92415526630866,32.92415526630866,0.0,2.8809720581775866,7472.345100435337,86.85159756734473,43.42579878367236,43.42579878367236,43.42579878367236,0.0,2.9495762407505253,8714.31114317133,82.00731674673912,41.00365837336956,41.00365837336956,41.00365837336956,0.0,2.701851217221259,7518.147863669615
0.0,62.743924008624134,31.371962004312067,31.371962004312067,31.371962004312067,0.0,1.3416407864998738,6169.0363347933035,79.724525711979,39.8622628559895,39.8622628559895,39.8622628559895,0.0,2.16794833886788,7546.049343861992,54.53439281774392,27.26719640887196,27.26719640887196,27.26719640887196,0.0,1.9235384061671343,6082.298718412308,77.94100332944143,38.970501664720715,38.970501664720715,38.970501664720715,0.0,2.387467277262665,8216.191167444926,53.97406784743948,26.98703392371974,26.98703392371974,26.98703392371974,0.0,1.788854381999832,5264.546561670814,23.082460874005612,11.541230437002806,11.541230437002806,11.541230437002806,0.0,0.5477225575051662,1838.3082440113246,63.109428772569316,31.554714386284658,31.554714386284658,31.554714386284658,0.0,2.0,7201.862627126402,73.23114091696237,36.61557045848119,36.61557045848119,36.61557045848119,0.0,2.4083189157584592,7594.24266796894,65.79665645000512,32.89832822500256,32.89832822500256,32.89832822500256,0.0,1.3038404810405297,5822.689713525872,37.094473981982816,18.547236990991408,18.547236990991408,18.547236990991408,0.0,0.44721359549995787,4511.851814942508,27.76328510821441,13.881642554107206,13.881642554107206,13.881642554107206,0.0,1.6431676725154982,2679.9316595764158,80.01749808635608,40.00874904317804,40.00874904317804,40.00874904317804,0.0,2.0736441353327724,6817.006234411114,50.05996404313531,25.029982021567655,25.029982021567655,25.029982021567655,0.0,1.5811388300841898,5370.374782079924,78.13577925636885,39.067889628184425,39.067889628184425,39.067889628184425,0.0,1.8708286933869709,7870.270243136508,68.18504234801061,34.092521174005306,34.092521174005306,34.092521174005306,0.0,2.6076809620810595,6638.90719169955,64.77653896280658,32.38826948140329,32.38826948140329,32.38826948140329,0.0,1.8708286933869709,6746.432523934409,68.56529734493974,34.28264867246987,34.28264867246987,34.28264867246987,0.0,1.0954451150103321,6896.795321016856,65.29012176432205,32.645060882161026,32.645060882161026,32.645060882161026,0.0,2.588435821108957,7478.495684293734,86.85159756734473,43.42579878367236,43.42579878367236,43.42579878367236,0.0,2.9495762407505253,8716.75291034454,82.00731674673912,41.00365837336956,41.00365837336956,41.00365837336956,0.0,2.701851217221259,7514.118996928382
0.0,63.15694736131569,31.578473680657844,31.578473680657844,31.578473680657844,0.0,1.3416407864998738,6169.128601350438,79.36497968247708,39.68248984123854,39.68248984123854,39.68248984123854,0.0,2.0,7544.042318280035,54.53439281774392,27.26719640887196,27.26719640887196,27.26719640887196,0.0,1.9235384061671343,6084.5381336630635,77.94100332944143,38.970501664720715,38.970501664720715,38.970501664720715,0.0,2.387467277262665,8220.473921861196,53.11496964133558,26.55748482066779,26.55748482066779,26.55748482066779,0.0,1.51657508881031,5265.554814072302,23.082460874005612,11.541230437002806,11.541230437002806,11.541230437002806,0.0,0.5477225575051662,1838.1903329089726,63.109428772569316,31.554714386284658,31.554714386284658,31.554714386284658,0.0,2.0,7202.975635110812,72.09160838821673,36.045804194108364,36.045804194108364,36.045804194108364,0.0,2.4083189157584592,7595.7678150401625,65.41253702464077,32.706268512320385,32.706268512320385,32.706268512320385,0.0,1.3038404810405297,5820.57113177049,37.34702130023223,18.673510650116114,18.673510650116114,18.673510650116114,0.0,0.44721359549995787,4511.395094646444,28.53068523537421,14.265342617687105,14.265342617687105,14.265342617687105,0.0,1.6431676725154982,2679.038316262013,58.811563488824206,29.405781744412103,29.405781744412103,29.405781744412103,0.0,1.4832396974191326,5201.882659191766,49.36395446071962,24.68197723035981,24.68197723035981,24.68197723035981,0.0,1.5811388300841898,5370.548156380315,79.21363518990906,39.60681759495453,39.60681759495453,39.60681759495453,0.0,1.8708286933869709,7868.183672233383,67.6372678336433,33.81863391682165,33.81863391682165,33.81863391682165,0.0,2.6076809620810595,6641.2040926326,64.19657311726226,32.09828655863113,32.09828655863113,32.09828655863113,0.0,2.1679483388678804,6747.104541949829,68.56529734493974,34.28264867246987,34.28264867246987,34.28264867246987,0.0,1.0954451150103321,6895.651869112883,64.75492259280371,32.377461296401854,32.377461296401854,32.377461296401854,0.0,2.588435821108957,7483.385764478536,86.64179130188849,43.320895650944244,43.320895650944244,43.320895650944244,0.0,2.9495762407505253,8713.669330425615,82.37718130647589,41.188590653237945,41.188590653237945,41.188590653237945,0.0,2.792848008753788,7519.057008694641
0.0,62.890380822507346,31.445190411253673,31.445190411253673,31.445190411253673,0.0,1.3416407864998738,6166.844428068541,79.20101009456887,39.600505047284436,39.600505047284436,39.600505047284436,0.0,2.0,7548.731019184615,54.61501625011202,27.30750812505601,27.30750812505601,27.30750812505601,0.0,1.9235384061671343,6081.037756830655,78.67146877998401,39.335734389992005,39.335734389992005,39.335734389992005,0.0,2.387467277262665,8220.435675802104,59.31273050534767,29.656365252673837,29.656365252673837,29.656365252673837,0.0,2.16794833886788,5819.454553478359,23.082460874005612,11.541230437002806,11.541230437002806,11.541230437002806,0.0,0.5477225575051662,1838.6548615767995,63.20759448041034,31.60379724020517,31.60379724020517,31.60379724020517,0.0,1.6431676725154984,7205.489872312638,72.09160838821673,36.045804194108364,36.045804194108364,36.045804194108364,0.0,2.4083189157584592,7599.701158598277,65.41253702464077,32.706268512320385,32.706268512320385,32.706268512320385,0.0,1.3038404810405297,5819.986683833564,37.61914406256474,18.80957203128237,18.80957203128237,18.80957203128237,0.0,0.44721359549995787,4509.212935757193,28.439409276565502,14.219704638282751,14.219704638282751,14.219704638282751,0.0,1.6431676725154982,2678.955113472415,58.811563488824206,29.405781744412103,29.405781744412103,29.405781744412103,0.0,1.4832396974191326,5205.153724915336,58.497863208838666,29.248931604419333,29.248931604419333,29.248931604419333,0.0,2.701851217221259,6409.881488764047,79.91745741701246,39.95872870850623,39.95872870850623,39.95872870850623,0.0,1.8708286933869709,7869.427221850393,66.71731409461864,33.35865704730932,33.35865704730932,33.35865704730932,0.0,2.6076809620810595,6643.962198868985,64.19657311726226,32.09828655863113,32.09828655863113,32.09828655863113,0.0,2.1679483388678804,6742.242557191191,68.56529734493974,34.28264867246987,34.28264867246987,34.28264867246987,0.0,1.0954451150103321,6898.119939519753,64.75492259280371,32.377461296401854,32.377461296401854,32.377461296401854,0.0,2.588435821108957,7480.127839816643,86.44073113989724,43.22036556994862,43.22036556994862,43.22036556994862,0.0,2.9495762407505253,8715.593594242448,81.931678855007,40.9658394275035,40.9658394275035,40.9658394275035,0.0,2.3874672772626644,7521.045705219454
0.0,62.635453219402834,31.317726609701417,31.317726609701417,31.317726609701417,0.0,1.3416407864998738,6170.294101580572,79.31456360593558,39.65728180296779,39.65728180296779,39.65728180296779,0.0,1.7888543819998317,7546.543513423878,74.09453421137081,37.04726710568541,37.04726710568541,37.04726710568541,0.0,4.03732584763727,8127.540544346733,78.67146877998401,39.335734389992005,39.335734389992005,39.335734389992005,0.0,2.387467277262665,8218.676061264368,59.31273050534767,29.656365252673837,29.656365252673837,29.656365252673837,0.0,2.16794833886788,5821.597117630178,23.94159560263267,11.970797801316335,11.970797801316335,11.970797801316335,0.0,0.5477225575051662,1836.9876700729376,63.128440500300655,31.564220250150328,31.564220250150328,31.564220250150328,0.0,1.6431676725154984,7203.697960075783,71.54578953369654,35.77289476684827,35.77289476684827,35.77289476684827,0.0,2.4083189157584592,7598.60594451377,65.11528238439884,32.55764119219942,32.55764119219942,32.55764119219942,0.0,1.3038404810405297,5817.021462913817,38.078865529319536,19.039432764659768,19.039432764659768,19.039432764659768,0.0,0.44721359549995787,4502.493331477572,28.439409276565502,14.219704638282751,14.219704638282751,14.219704638282751,0.0,1.6431676725154982,2679.360987250505,58.811563488824206,29.405781744412103,29.405781744412103,29.405781744412103,0.0,1.4832396974191326,5206.481614295781,58.497863208838666,29.248931604419333,29.248931604419333,29.248931604419333,0.0,2.701851217221259,6411.746891448539,80.45619926394734,40.22809963197367,40.22809963197367,40.22809963197367,0.0,1.8708286933869709,7870.9237894925645,66.564254671708,33.282127335854,33.282127335854,33.282127335854,0.0,2.2803508501982757,6637.158262389107,64.93689244181616,32.46844622090808,32.46844622090808,32.46844622090808,0.0,2.1679483388678804,6744.693521576796,68.48941524060488,34.24470762030244,34.24470762030244,34.24470762030244,0.0,1.0954451150103321,6893.544538189335,64.75492259280371,32.377461296401854,32.377461296401854,32.377461296401854,0.0,2.588435821108957,7478.564447806812,86.24847824744504,43.12423912372252,43.12423912372252,43.12423912372252,0.0,2.9495762407505253,8714.554107927726,82.37718130647589,41.188590653237945,41.188590653237945,41.188590653237945,0.0,2.3874672772626644,7520.188840714041
0.0,62.635453219402834,31.317726609701417,31.317726609701417,31.317726609701417,0.0,1.3416407864998738,6175.079003543194,79.45564800566414,39.72782400283207,39.72782400283207,39.72782400283207,0.0,1.7888543819998317,7543.900138522514,73.02876145738746,36.51438072869373,36.51438072869373,36.51438072869373,0.0,3.646916505762094,8122.724832222251,78.67146877998401,39.335734389992005,39.335734389992005,39.335734389992005,0.0,2.387467277262665,8220.258371851824,59.25200418551258,29.62600209275629,29.62600209275629,29.62600209275629,0.0,2.16794833886788,5822.348864504771,23.94159560263267,11.970797801316335,11.970797801316335,11.970797801316335,0.0,0.5477225575051662,1838.3701205143648,63.128440500300655,31.564220250150328,31.564220250150328,31.564220250150328,0.0,1.6431676725154984,7206.3556462334,71.17583859709698,35.58791929854849,35.58791929854849,35.58791929854849,0.0,2.4083189157584592,7593.119470942097,65.11528238439884,32.55764119219942,32.55764119219942,32.55764119219942,0.0,1.3038404810405297,5820.142068712757,38.068359565392356,19.034179782696178,19.034179782696178,19.034179782696178,0.0,0.44721359549995787,4499.193961144596,28.439409276565502,14.219704638282751,14.219704638282751,14.219704638282751,0.0,1.6431676725154982,2677.334065819953,58.607166797244176,29.303583398622088,29.303583398622088,29.303583398622088,0.0,1.4832396974191326,5207.805411111287,57.85499114164654,28.92749557082327,28.92749557082327,28.92749557082327,0.0,2.701851217221259,6410.016209027868,81.55243711870295,40.77621855935148,40.77621855935148,40.77621855935148,0.0,1.8708286933869709,7866.166556843301,67.20119046564577,33.60059523282288,33.60059523282288,33.60059523282288,0.0,2.2803508501982757,6641.045512568033,65.05382386916237,32.526911934581186,32.526911934581186,32.526911934581186,0.0,2.1679483388678804,6742.608375102324,89.90439366349122,44.95219683174561,44.95219683174561,44.95219683174561,0.0,3.4641016151377544,9045.029657220588,63.984373092185564,31.992186546092782,31.992186546092782,31.992186546092782,0.0,2.588435821108957,7479.896837523897,86.06509164580027,43.03254582290013,43.03254582290013,43.03254582290013,0.0,2.9495762407505253,8713.51262694902,82.37718130647589,41.188590653237945,41.188590653237945,41.188590653237945,0.0,2.3874672772626644,7520.769488556341
0.0,62.98253726232375,31.491268631161876,31.491268631161876,31.491268631161876,0.0,1.3416407864998738,6173.880813556413,79.08729354327407,39.543646771637036,39.543646771637036,39.543646771637036,0.0,1.7888543819998317,7539.847100571735,73.22021578771808,36.61010789385904,36.61010789385904,36.61010789385904,0.0,3.646916505762094,8123.802391737504,78.18695543375506,39.09347771687753,39.09347771687753,39.09347771687753,0.0,2.387467277262665,8223.22046402746,58.8489592091483,29.42447960457415,29.42447960457415,29.42447960457415,0.0,2.16794833886788,5821.960606187575,23.94159560263267,11.970797801316335,11.970797801316335,11.970797801316335,0.0,0.5477225575051662,1835.9908768836517,63.128440500300655,31.564220250150328,31.564220250150328,31.564220250150328,0.0,1.6431676725154984,7208.647466758241,71.17583859709698,35.58791929854849,35.58791929854849,35.58791929854849,0.0,2.4083189157584592,7595.997320957927,65.11528238439884,32.55764119219942,32.55764119219942,32.55764119219942,0.0,1.3038404810405297,5816.172452739001,38.068359565392356,19.034179782696178,19.034179782696178,19.034179782696178,0.0,0.44721359549995787,4499.522863593428,28.092703679069412,14.046351839534706,14.046351839534706,14.046351839534706,0.0,1.6431676725154982,2679.256053459617,57.48043145279966,28.74021572639983,28.74021572639983,28.74021572639983,0.0,1.5165750888103098,5204.867817726018,57.243340223994615,28.621670111997307,28.621670111997307,28.621670111997307,0.0,2.701851217221259,6406.8431227867595,81.58921497354905,40.794607486774524,40.794607486774524,40.794607486774524,0.0,1.6431676725154984,7867.556768146003,67.9499816041182,33.9749908020591,33.9749908020591,33.9749908020591,0.0,2.2803508501982757,6636.727785588317,74.51979602763282,37.25989801381641,37.25989801381641,37.25989801381641,0.0,2.387467277262665,7702.520418668165,89.89994438263018,44.94997219131509,44.94997219131509,44.94997219131509,0.0,3.4641016151377544,9044.772053512459,64.33350604467317,32.166753022336586,32.166753022336586,32.166753022336586,0.0,2.588435821108957,7480.203426378189,86.99885056711956,43.49942528355978,43.49942528355978,43.49942528355978,0.0,2.9495762407505253,8713.182128246834,82.79371956857598,41.39685978428799,41.39685978428799,41.39685978428799,0.0,2.3874672772626644,7522.126574313942
0.0,62.98253726232375,31.491268631161876,31.491268631161876,31.491268631161876,0.0,1.3416407864998738,6172.10294794246,79.21363518990907,39.606817594954535,39.606817594954535,39.606817594954535,0.0,1.7888543819998317,7538.458410046447,73.2120208708925,36.60601043544625,36.60601043544625,36.60601043544625,0.0,3.646916505762094,8124.536029829642,78.18695543375506,39.09347771687753,39.09347771687753,39.09347771687753,0.0,2.387467277262665,8225.564430481352,60.18305409332431,30.091527046662154,30.091527046662154,30.091527046662154,0.0,1.8708286933869707,5817.152241432228,23.047776465420693,11.523888232710346,11.523888232710346,11.523888232710346,0.0,0.44721359549995804,1834.5888640237627,63.128440500300655,31.564220250150328,31.564220250150328,31.564220250150328,0.0,1.6431676725154984,7210.042524146443,71.17583859709698,35.58791929854849,35.58791929854849,35.58791929854849,0.0,2.4083189157584592,7597.102816205662,64.82900585386143,32.414502926930716,32.414502926930716,32.414502926930716,0.0,1.3038404810405297,5817.68190948938,37.613827244777944,18.806913622388972,18.806913622388972,18.806913622388972,0.0,0.44721359549995787,4495.496446445041,29.79932885150268,14.89966442575134,14.89966442575134,14.89966442575134,0.0,1.6431676725154982,2678.9692607418997,58.07581252122092,29.03790626061046,29.03790626061046,29.03790626061046,0.0,1.5165750888103098,5210.001084452862,57.78235024642041,28.891175123210203,28.891175123210203,28.891175123210203,0.0,2.701851217221259,6407.847243809733,82.08044834185544,41.04022417092772,41.04022417092772,41.04022417092772,0.0,1.6431676725154984,7864.956942030896,67.11184694225007,33.555923471125034,33.555923471125034,33.555923471125034,0.0,2.2803508501982757,6636.086218547797,74.51979602763282,37.25989801381641,37.25989801381641,37.25989801381641,0.0,2.387467277262665,7705.714515864184,89.50530710522142,44.75265355261071,44.75265355261071,44.75265355261071,0.0,3.03315017762062,9044.311350235572,64.7394779095414,32.3697389547707,32.3697389547707,32.3697389547707,0.0,2.588435821108957,7485.504278270102,86.99885056711956,43.49942528355978,43.49942528355978,43.49942528355978,0.0,2.9495762407505253,8713.873094095416,82.79371956857598,41.39685978428799,41.39685978428799,41.39685978428799,0.0,2.3874672772626644,7522.835256736651
0.0,63.671029518926424,31.835514759463212,31.835514759463212,31.835514759463212,0.0,1.3416407864998738,6170.381292918615,79.80726783946434,39.90363391973217,39.90363391973217,39.90363391973217,0.0,1.7888543819998317,7538.394378115276,72.79560426289488,36.39780213144744,36.39780213144744,36.39780213144744,0.0,3.271085446759225,8123.054000805362,78.689262291624,39.344631145812,39.344631145812,39.344631145812,0.0,2.387467277262665,8225.382769208982,60.18305409332431,30.091527046662154,30.091527046662154,30.091527046662154,0.0,1.8708286933869707,5814.42102018765,22.960836221705865,11.480418110852932,11.480418110852932,11.480418110852932,0.0,0.44721359549995804,1833.928842676291,63.55155387557412,31.77577693778706,31.77577693778706,31.77577693778706,0.0,1.6431676725154984,7206.869583945585,71.64635371042968,35.82317685521484,35.82317685521484,35.82317685521484,0.0,2.4083189157584592,7594.838754048699,64.82900585386143,32.414502926930716,32.414502926930716,32.414502926930716,0.0,1.3038404810405297,5813.560982736828,37.34702130023223,18.673510650116114,18.673510650116114,18.673510650116114,0.0,0.44721359549995787,4495.569096343643,30.086541841826886,15.043270920913443,15.043270920913443,15.043270920913443,0.0,1.51657508881031,2676.7885609438786,57.87227315390333,28.936136576951665,28.936136576951665,28.936136576951665,0.0,1.5165750888103098,5212.578421472429,57.78235024642041,28.891175123210203,28.891175123210203,28.891175123210203,0.0,2.701851217221259,6406.744399459058,82.45483612257077,41.227418061285384,41.227418061285384,41.227418061285384,0.0,1.6431676725154984,7864.214976715731,66.71731409461864,33.35865704730932,33.35865704730932,33.35865704730932,0.0,2.2803508501982757,6632.09840095878,74.08913550582163,37.044567752910815,37.044567752910815,37.044567752910815,0.0,2.387467277262665,7705.821403328785,88.773870029418,44.386935014709,44.386935014709,44.386935014709,0.0,3.03315017762062,9045.096279200126,64.19657311726226,32.09828655863113,32.09828655863113,32.09828655863113,0.0,2.345207879911715,7485.102851664766,87.16191829004224,43.58095914502112,43.58095914502112,43.58095914502112,0.0,2.9495762407505253,8716.270744991805,82.98915591810776,41.49457795905388,41.49457795905388,41.49457795905388,0.0,2.3874672772626644,7524.2525741763875
0.0,63.15694736131569,31.578473680657844,31.578473680657844,31.578473680657844,0.0,1.3416407864998738,6170.911051052349,80.05498110673689,40.027490553368445,40.027490553368445,40.027490553368445,0.0,1.7888543819998317,7541.7320822209,72.79560426289488,36.39780213144744,36.39780213144744,36.39780213144744,0.0,3.271085446759225,8126.251306721938,78.02051012394112,39.01025506197056,39.01025506197056,39.01025506197056,0.0,2.387467277262665,8222.995056547219,60.75524668701461,30.377623343507306,30.377623343507306,30.377623343507306,0.0,1.8708286933869707,5814.002468179731,23.748684174075834,11.874342087037917,11.874342087037917,11.874342087037917,0.0,0.7071067811865476,1837.285851466777,63.55155387557412,31.77577693778706,31.77577693778706,31.77577693778706,0.0,1.6431676725154984,7207.405476313928,78.67146877998401,39.335734389992005,39.335734389992005,39.335734389992005,0.0,3.5071355833500366,8061.088679576724,64.82900585386143,32.414502926930716,32.414502926930716,32.414502926930716,0.0,1.3038404810405297,5812.472494558577,37.61914406256474,18.80957203128237,18.80957203128237,18.80957203128237,0.0,0.44721359549995787,4494.958431398448,30.086541841826886,15.043270920913443,15.043270920913443,15.043270920913443,0.0,1.51657508881031,2678.628623008423,57.87227315390333,28.936136576951665,28.936136576951665,28.936136576951665,0.0,1.5165750888103098,5217.288165321137,57.10691726927658,28.55345863463829,28.55345863463829,28.55345863463829,0.0,2.3021728866442674,6403.113719121347,81.93411987688646,40.96705993844323,40.96705993844323,40.96705993844323,0.0,1.6431676725154984,7859.193769083442,67.53369529353476,33.76684764676738,33.76684764676738,33.76684764676738,0.0,2.2803508501982757,6630.081952736331,58.74351027985985,29.371755139929924,29.371755139929924,29.371755139929924,0.0,2.387467277262665,6390.089060412226,89.3420393767682,44.6710196883841,44.6710196883841,44.6710196883841,0.0,3.03315017762062,9045.490379188957,63.64589539004067,31.822947695020336,31.822947695020336,31.822947695020336,0.0,2.0493901531919194,7484.009099406548,87.16191829004224,43.58095914502112,43.58095914502112,43.58095914502112,0.0,2.9495762407505253,8714.853796822985,83.00602387778854,41.50301193889427,41.50301193889427,41.50301193889427,0.0,2.3874672772626644,7522.400767042394
0.0,63.507479874421094,31.753739937210547,31.753739937210547,31.753739937210547,0.0,1.3416407864998738,6172.827982375663,80.05498110673689,40.027490553368445,40.027490553368445,40.027490553368445,0.0,1.7888543819998317,7542.227754450272,74.6538679506963,37.32693397534815,37.32693397534815,37.32693397534815,0.0,4.03732584763727,8212.395704056156,78.02051012394112,39.01025506197056,39.01025506197056,39.01025506197056,0.0,2.387467277262665,8223.506873591095,61.62142484558434,30.81071242279217,30.81071242279217,30.81071242279217,0.0,1.8708286933869707,5811.222616627244,23.383755044902433,11.691877522451216,11.691877522451216,11.691877522451216,0.0,0.7071067811865476,1834.7827391819446,63.55155387557412,31.77577693778706,31.77577693778706,31.77577693778706,0.0,1.6431676725154984,7209.422882589146,77.91533866960985,38.957669334804926,38.957669334804926,38.957669334804926,0.0,3.082207001484488,8060.612675225128,64.82900585386143,32.414502926930716,32.414502926930716,32.414502926930716,0.0,1.3038404810405297,5811.290373058294,37.051315766110115,18.525657883055057,18.525657883055057,18.525657883055057,0.0,0.44721359549995787,4496.284610653555,30.086541841826886,15.043270920913443,15.043270920913443,15.043270920913443,0.0,1.51657508881031,2674.589258185264,57.94134965635509,28.970674828177543,28.970674828177543,28.970674828177543,0.0,1.5165750888103098,5220.072576123822,57.10691726927658,28.55345863463829,28.55345863463829,28.55345863463829,0.0,2.3021728866442674,6403.120005122502,81.93411987688646,40.96705993844323,40.96705993844323,40.96705993844323,0.0,1.6431676725154984,7861.325225431142,68.57696406228553,34.28848203114276,34.28848203114276,34.28848203114276,0.0,2.2803508501982757,6632.1224129233315,58.74351027985985,29.371755139929924,29.371755139929924,29.371755139929924,0.0,2.387467277262665,6391.007142853151,60.00833275471,30.004166377355,30.004166377355,46.13783696707075,0.0,1.0,9156.007044558233,63.103090257134006,31.551545128567003,31.551545128567003,31.551545128567003,0.0,2.0493901531919194,7480.312580367214,86.60946830456818,43.30473415228409,43.30473415228409,43.30473415228409,0.0,2.5495097567963927,8713.069935447551,83.22739933459414,41.61369966729707,41.61369966729707,41.61369966729707,0.0,2.3874672772626644,7519.876082755619
0.0,63.8686151407716,31.9343075703858,31.9343075703858,31.9343075703858,0.0,1.3416407864998738,6174.082239491146,79.4430613710222,39.7215306855111,39.7215306855111,39.7215306855111,0.0,1.7888543819998317,7540.685665110302,74.03512679802743,37.01756339901372,37.01756339901372,37.01756339901372,0.0,3.646916505762094,8214.227218673708,77.7097162522165,38.85485812610825,38.85485812610825,38.85485812610825,0.0,2.23606797749979,8221.266976567542,61.62142484558434,30.81071242279217,30.81071242279217,30.81071242279217,0.0,1.8708286933869707,5811.554353182976,24.232209969377536,12.116104984688768,12.116104984688768,12.116104984688768,0.0,0.7071067811865476,1836.599520853689,63.984373092185564,31.992186546092782,31.992186546092782,31.992186546092782,0.0,1.6431676725154984,7205.856923364493,77.48548251124207,38.742741255621034,38.742741255621034,38.742741255621034,0.0,3.082207001484488,8063.703367560094,64.82900585386143,32.414502926930716,32.414502926930716,32.414502926930716,0.0,1.3038404810405297,5807.859889838941,37.051315766110115,18.525657883055057,18.525657883055057,18.525657883055057,0.0,0.44721359549995787,4500.973117004811,30.87393722867234,15.43696861433617,15.43696861433617,15.43696861433617,0.0,1.51657508881031,2672.379239554147,57.09640969448079,28.548204847240395,28.548204847240395,28.548204847240395,0.0,1.5165750888103098,5220.55961559678,56.87530219699936,28.43765109849968,28.43765109849968,28.43765109849968,0.0,2.3021728866442674,6406.040024851546,81.93411987688646,40.96705993844323,40.96705993844323,40.96705993844323,0.0,1.6431676725154984,7861.663329092642,68.0235253423402,34.0117626711701,34.0117626711701,34.0117626711701,0.0,2.2803508501982757,6633.976092811911,58.74351027985985,29.371755139929924,29.371755139929924,29.371755139929924,0.0,2.387467277262665,6392.830711038733,91.53797026371079,45.768985131855395,45.768985131855395,45.768985131855395,0.0,3.8987177379235853,9160.050780426931,62.56836261242578,31.28418130621289,31.28418130621289,31.28418130621289,0.0,2.0493901531919194,7481.922065886546,86.79170467273931,43.39585233636966,43.39585233636966,43.39585233636966,0.0,2.5495097567963927,8710.776526808617,83.22739933459414,41.61369966729707,41.61369966729707,41.61369966729707,0.0,2.3874672772626644,7524.0591770665915
0.0,64.64363851145758,32.32181925572879,32.32181925572879,32.32181925572879,0.0,1.3416407864998738,6172.110757269348,78.74007874011811,39.370039370059054,39.370039370059054,39.370039370059054,0.0,1.7888543819998317,7537.389382272883,74.03512679802743,37.01756339901372,37.01756339901372,37.01756339901372,0.0,3.646916505762094,8210.67486873034,78.44743462982075,39.223717314910374,39.223717314910374,39.223717314910374,0.0,2.23606797749979,8222.434341483062,61.40032573203501,30.700162866017504,30.700162866017504,30.700162866017504,0.0,1.8708286933869707,5813.183490996994,23.89979079406345,11.949895397031725,11.949895397031725,11.949895397031725,0.0,0.7071067811865476,1831.8178675840018,63.8529560787909,31.92647803939545,31.92647803939545,31.92647803939545,0.0,1.51657508881031,7202.362772035299,77.16735060892009,38.583675304460044,38.583675304460044,38.583675304460044,0.0,3.082207001484488,8067.305045676654,65.40030580968256,32.70015290484128,32.70015290484128,32.70015290484128,0.0,1.3038404810405297,5800.891810747723,36.7967389859482,18.3983694929741,18.3983694929741,18.3983694929741,0.0,0.44721359549995787,4504.746907429983,30.41052449399714,15.20526224699857,15.20526224699857,15.20526224699857,0.0,1.51657508881031,2669.409429068535,56.5084064542613,28.25420322713065,28.25420322713065,28.25420322713065,0.0,1.5165750888103098,5221.964381341566,56.66392150213397,28.331960751066983,28.331960751066983,28.331960751066983,0.0,2.3021728866442674,6408.1032841239385,81.40761635129725,40.703808175648625,40.703808175648625,40.703808175648625,0.0,1.6431676725154984,7854.420806144779,67.47740362521368,33.73870181260684,33.73870181260684,33.73870181260684,0.0,2.0,6637.383422705065,58.74351027985985,29.371755139929924,29.371755139929924,29.371755139929924,0.0,2.387467277262665,6396.837007459234,91.37176806869833,45.685884034349165,45.685884034349165,45.685884034349165,0.0,3.4641016151377544,9157.744334714745,62.85538958593766,31.42769479296883,31.42769479296883,31.42769479296883,0.0,2.0493901531919194,7479.652084154716,87.77926862306384,43.88963431153192,43.88963431153192,43.88963431153192,0.0,2.5495097567963927,8709.285521786504,83.66122160236486,41.83061080118243,41.83061080118243,41.83061080118243,0.0,2.3874672772626644,7523.467066452807
0.0,64.75492259280371,32.377461296401854,32.377461296401854,32.377461296401854,0.0,1.3416407864998738,6171.385849223819,78.74007874011811,39.370039370059054,39.370039370059054,39.370039370059054,0.0,1.7888543819998317,7538.549011580411,74.27785672729121,37.138928363645604,37.138928363645604,37.138928363645604,0.0,3.271085446759225,8214.562970724613,77.90507043832257,38.952535219161284,38.952535219161284,38.952535219161284,0.0,2.23606797749979,8218.595725548252,61.113010071506054,30.556505035753027,30.556505035753027,30.556505035753027,0.0,1.8708286933869707,5811.545448501629,23.83275057562597,11.916375287812984,11.916375287812984,11.916375287812984,0.0,0.7071067811865476,1831.2944329080456,64.72093942457882,32.36046971228941,32.36046971228941,32.36046971228941,0.0,1.51657508881031,7195.673651577036,76.74112326516989,38.370561632584945,38.370561632584945,38.370561632584945,0.0,2.7748873851023217,8068.564587335222,65.15212966588277,32.576064832941384,32.576064832941384,32.576064832941384,0.0,1.3038404810405297,5799.139272340336,36.7967389859482,18.3983694929741,18.3983694929741,18.3983694929741,0.0,0.44721359549995787,4507.460670932138,30.066592756745816,15.033296378372908,15.033296378372908,15.033296378372908,0.0,1.51657508881031,2671.205289752175,55.93567734460717,27.967838672303586,27.967838672303586,27.967838672303586,0.0,1.5165750888103098,5223.76841944587,56.66392150213397,28.331960751066983,28.331960751066983,28.331960751066983,0.0,2.3021728866442674,6408.993501322965,81.18374221480555,40.591871107402774,40.591871107402774,40.591871107402774,0.0,1.6431676725154984,7854.346904740075,66.93877799900443,33.469388999502215,33.469388999502215,33.469388999502215,0.0,2.2803508501982757,6757.465294028523,58.74351027985985,29.371755139929924,29.371755139929924,29.371755139929924,0.0,2.387467277262665,6392.405846001958,91.37176806869833,45.685884034349165,45.685884034349165,45.685884034349165,0.0,3.4641016151377544,9160.87786186455,62.30569797378086,31.15284898689043,31.15284898689043,31.15284898689043,0.0,2.0493901531919194,7480.298677191974,87.55569655939013,43.777848279695064,43.777848279695064,43.777848279695064,0.0,2.5495097567963927,8704.01968632884,82.34561311933987,41.17280655966994,41.17280655966994,41.17280655966994,0.0,2.3874672772626644,7529.436187391457
0.0,64.75492259280371,32.377461296401854,32.377461296401854,32.377461296401854,0.0,1.3416407864998738,6172.918086286259,78.36325669597966,39.18162834798983,39.18162834798983,39.18162834798983,0.0,1.7888543819998317,7542.12652373321,74.45266952903704,37.22633476451852,37.22633476451852,37.22633476451852,0.0,3.646916505762094,8217.823513558806,77.90507043832257,38.952535219161284,38.952535219161284,38.952535219161284,0.0,2.23606797749979,8215.321095368094,60.722318796304215,30.361159398152108,30.361159398152108,30.361159398152108,0.0,1.8708286933869707,5811.854979264366,23.83275057562597,11.916375287812984,11.916375287812984,11.916375287812984,0.0,0.7071067811865476,1830.9277156676612,63.93746945258312,31.96873472629156,31.96873472629156,31.96873472629156,0.0,1.51657508881031,7193.290081735895,77.19326395482963,38.596631977414816,38.596631977414816,38.596631977414816,0.0,2.7748873851023217,8067.558255135194,65.15212966588277,32.576064832941384,32.576064832941384,32.576064832941384,0.0,1.3038404810405297,5796.4698481058285,36.56227564033727,18.281137820168635,18.281137820168635,18.281137820168635,0.0,0.44721359549995787,4503.690231354728,29.946619174791667,14.973309587395834,14.973309587395834,14.973309587395834,0.0,1.51657508881031,2671.1416473111267,55.08901886946254,27.54450943473127,27.54450943473127,27.54450943473127,0.0,1.5165750888103098,5226.252644103612,56.66392150213397,28.331960751066983,28.331960751066983,28.331960751066983,0.0,2.3021728866442674,6408.759021838784,81.22314940951256,40.61157470475628,40.61157470475628,40.61157470475628,0.0,1.6431676725154984,7851.419374864649,67.16248953098746,33.58124476549373,33.58124476549373,33.58124476549373,0.0,2.2803508501982757,6757.692823737995,58.74351027985985,29.371755139929924,29.371755139929924,29.371755139929924,0.0,2.387467277262665,6395.33046057825,91.37176806869833,45.685884034349165,45.685884034349165,45.685884034349165,0.0,3.4641016151377544,9210.562876393604,65.9787844689488,32.9893922344744,32.9893922344744,32.9893922344744,0.0,2.6832815729997477,8014.78525601279,88.32213765529002,44.16106882764501,44.16106882764501,44.16106882764501,0.0,2.5495097567963927,8707.067100924398,82.75264346230881,41.376321731154405,41.376321731154405,41.376321731154405,0.0,2.3874672772626644,7532.4157346763595
0.0,65.4278228279071,32.71391141395355,32.71391141395355,32.71391141395355,0.0,1.3416407864998738,6174.262182641744,78.51878756068511,39.259393780342556,39.259393780342556,39.259393780342556,0.0,1.7888543819998317,7544.325238217133,74.2563128629479,37.12815643147395,37.12815643147395,37.12815643147395,0.0,3.271085446759225,8217.82420717309,77.6736763646475,38.83683818232375,38.83683818232375,38.83683818232375,0.0,2.23606797749979,8214.101338551893,60.722318796304215,30.361159398152108,30.361159398152108,30.361159398152108,0.0,1.8708286933869707,5812.898201413818,23.849528297222147,11.924764148611073,11.924764148611073,11.924764148611073,0.0,0.7071067811865476,1834.1603528590404,64.38012115552439,32.190060577762196,32.190060577762196,32.190060577762196,0.0,1.51657508881031,7193.586087619999,77.2347072241489,38.61735361207445,38.61735361207445,38.61735361207445,0.0,2.7748873851023217,8066.54267948791,65.15212966588277,32.576064832941384,32.576064832941384,32.576064832941384,0.0,1.3038404810405297,5796.362221255673,36.840195439221,18.4200977196105,18.4200977196105,18.4200977196105,0.0,0.44721359549995787,4500.711721494724,29.141036357686385,14.570518178843193,14.570518178843193,14.570518178843193,0.0,1.51657508881031,2670.0372656575414,54.49036612099427,27.245183060497133,27.245183060497133,27.245183060497133,0.0,1.140175425099138,5223.872864073167,57.19440532080039,28.597202660400196,28.597202660400196,28.597202660400196,0.0,2.3021728866442674,6406.732747664756,80.71431099873182,40.35715549936591,40.35715549936591,40.35715549936591,0.0,1.6431676725154984,7851.37736324016,65.77841591282052,32.88920795641026,32.88920795641026,32.88920795641026,0.0,1.9235384061671343,6758.4178991832105,58.35409154463807,29.177045772319033,29.177045772319033,29.177045772319033,0.0,2.449489742783178,6395.538929597724,91.77581380734252,45.88790690367126,45.88790690367126,45.88790690367126,0.0,3.4641016151377544,9210.47597575717,66.47405508918499,33.23702754459249,33.23702754459249,33.23702754459249,0.0,2.6832815729997477,8015.154103322031,88.32213765529002,44.16106882764501,44.16106882764501,44.16106882764501,0.0,2.5495097567963927,8705.08468080581,82.9529987402505,41.47649937012525,41.47649937012525,41.47649937012525,0.0,2.3874672772626644,7533.819018266898
0.0,66.10597552415364,33.05298776207682,33.05298776207682,33.05298776207682,0.0,1.3416407864998738,6176.372819058124,78.51878756068511,39.259393780342556,39.259393780342556,39.259393780342556,0.0,1.7888543819998317,7539.232772636748,74.2563128629479,37.12815643147395,37.12815643147395,37.12815643147395,0.0,3.271085446759225,8214.760586894789,77.14920608794364,38.57460304397182,38.57460304397182,38.57460304397182,0.0,2.23606797749979,8209.400300874602,60.18305409332431,30.091527046662154,30.091527046662154,30.091527046662154,0.0,1.9235384061671346,5812.580863953636,24.68197723035981,12.340988615179905,12.340988615179905,12.340988615179905,0.0,0.7071067811865476,1835.04735633716,65.26254668644184,32.63127334322092,32.63127334322092,32.63127334322092,0.0,1.51657508881031,7194.742233047686,77.2347072241489,38.61735361207445,38.61735361207445,38.61735361207445,0.0,2.7748873851023217,8067.25001472001,65.25335240430181,32.626676202150904,32.626676202150904,32.626676202150904,0.0,1.3038404810405297,5797.6086277015975,36.534914807619295,18.267457403809647,18.267457403809647,18.267457403809647,0.0,0.44721359549995787,4496.807556478263,29.141036357686385,14.570518178843193,14.570518178843193,14.570518178843193,0.0,1.51657508881031,2668.9915323957102,54.49036612099427,27.245183060497133,27.245183060497133,27.245183060497133,0.0,1.140175425099138,5220.318907882927,57.71308343867966,28.85654171933983,28.85654171933983,28.85654171933983,0.0,2.3021728866442674,6408.330788902833,79.98249808551869,39.99124904275934,39.99124904275934,39.99124904275934,0.0,1.6431676725154984,7851.70381509644,64.95229018287192,32.47614509143596,32.47614509143596,32.47614509143596,0.0,1.8165902124584952,6759.767177943335,57.86881716434163,28.934408582170814,28.934408582170814,28.934408582170814,0.0,2.1679483388678804,6395.780147878756,91.04504379701292,45.52252189850646,45.52252189850646,45.52252189850646,0.0,3.03315017762062,9211.593580917473,65.2012269823199,32.60061349115995,32.60061349115995,32.60061349115995,0.0,2.6076809620810595,8010.868629555724,88.32213765529002,44.16106882764501,44.16106882764501,44.16106882764501,0.0,2.5495097567963927,8703.356909836572,82.9529987402505,41.47649937012525,41.47649937012525,41.47649937012525,0.0,2.3874672772626644,7534.905586667958
0.0,65.69018191480367,32.84509095740184,32.84509095740184,32.84509095740184,0.0,1.3416407864998738,6175.377980334483,79.02404697305751,39.512023486528754,39.512023486528754,39.512023486528754,0.0,1.7888543819998317,7542.06651389392,73.19289583012821,36.596447915064104,36.596447915064104,36.596447915064104,0.0,3.271085446759225,8219.408725693107,76.36229436050229,38.181147180251145,38.181147180251145,38.181147180251145,0.0,1.9235384061671343,8212.60474514633,61.047522472251075,30.523761236125537,30.52376123612554,30.52376123612554,0.0,1.9235384061671346,5806.121872644425,24.600812994695925,12.300406497347963,12.300406497347963,12.300406497347963,0.0,0.7071067811865476,1833.839360467541,65.19815948322469,32.59907974161234,32.59907974161234,32.59907974161234,0.0,1.51657508881031,7189.457615147335,77.5680346534576,38.7840173267288,38.7840173267288,38.7840173267288,0.0,2.7748873851023217,8068.961252850332,65.25335240430181,32.626676202150904,32.626676202150904,32.626676202150904,0.0,1.3038404810405297,5795.742687525043,36.58961601328989,18.294808006644946,18.294808006644946,18.294808006644946,0.0,0.44721359549995787,4496.995130084088,29.141036357686385,14.570518178843193,14.570518178843193,14.570518178843193,0.0,1.51657508881031,2666.970509773215,54.49036612099427,27.245183060497133,27.245183060497133,27.245183060497133,0.0,1.140175425099138,5220.697156510804,57.085900185597495,28.542950092798748,28.542950092798748,28.542950092798748,0.0,1.9235384061671346,6408.980496147574,80.13239045479673,40.06619522739837,40.06619522739837,40.06619522739837,0.0,1.6431676725154984,7849.718370744265,64.58173116292254,32.29086558146127,32.29086558146127,32.29086558146127,0.0,1.8165902124584952,6760.157150540215,57.86881716434163,28.934408582170814,28.934408582170814,28.934408582170814,0.0,2.1679483388678804,6399.693336402925,92.04346799203081,46.021733996015406,46.021733996015406,46.021733996015406,0.0,3.03315017762062,9210.93574508041,64.9060860012372,32.4530430006186,32.4530430006186,32.4530430006186,0.0,2.3021728866442674,8014.167049668979,88.10902337445354,44.05451168722677,44.05451168722677,44.05451168722677,0.0,2.5495097567963927,8704.629992136368,82.9529987402505,41.47649937012525,41.47649937012525,41.47649937012525,0.0,2.3874672772626644,7535.544041408026
0.0,65.4278228279071,32.71391141395355,32.71391141395355,32.71391141395355,0.0,1.3416407864998738,6173.907085468651,78.65112840894274,39.32556420447137,39.32556420447137,39.32556420447137,0.0,1.7888543819998317,7542.470503754058,73.19289583012821,36.596447915064104,36.596447915064104,36.596447915064104,0.0,3.271085446759225,8220.739729489069,76.36229436050229,38.181147180251145,38.181147180251145,38.181147180251145,0.0,1.9235384061671343,8217.06926464661,60.67289345333714,30.33644672666857,30.33644672666857,30.33644672666857,0.0,1.9235384061671346,5808.841467969322,23.426480742954116,11.713240371477058,11.713240371477058,11.713240371477058,0.0,0.7071067811865476,1838.095155317047,65.6505902486794,32.8252951243397,32.8252951243397,32.8252951243397,0.0,1.51657508881031,7188.590369467438,77.5680346534576,38.7840173267288,38.7840173267288,38.7840173267288,0.0,2.7748873851023217,8068.712617264293,64.85984890515857,32.429924452579286,32.429924452579286,32.429924452579286,0.0,1.3038404810405297,5802.1957481629315,35.82178108358097,17.910890541790486,17.910890541790486,17.910890541790486,0.0,0.44721359549995787,4492.650242340261,29.141036357686385,14.570518178843193,14.570518178843193,14.570518178843193,0.0,1.51657508881031,2665.3619454025375,54.52705750359174,27.26352875179587,27.26352875179587,27.26352875179587,0.0,1.140175425099138,5223.1759304086245,57.61249864395746,28.80624932197873,28.80624932197873,28.80624932197873,0.0,1.9235384061671346,6411.151324060289,80.13239045479673,40.06619522739837,40.06619522739837,40.06619522739837,0.0,1.6431676725154984,7844.244941356688,64.47635225414044,32.23817612707022,32.23817612707022,32.23817612707022,0.0,1.8165902124584952,6754.1822821123205,58.110240061455606,29.055120030727803,29.055120030727803,29.055120030727803,0.0,2.1679483388678804,6403.028252319366,91.74529960711884,45.87264980355942,45.87264980355942,45.87264980355942,0.0,3.2093613071762426,9208.439460625237,64.5693425706039,32.28467128530195,32.28467128530195,32.28467128530195,0.0,2.3021728866442674,8017.7325036446555,88.29496021857646,44.14748010928823,44.14748010928823,44.14748010928823,0.0,2.5495097567963927,8703.383192759009,82.53968742368728,41.26984371184364,41.26984371184364,41.26984371184364,0.0,2.3874672772626644,7535.9663149459475
0.0,65.1766829472013,32.58834147360065,32.58834147360065,32.58834147360065,0.0,1.30384048104053,6169.7034936859,78.65112840894274,39.32556420447137,39.32556420447137,39.32556420447137,0.0,1.7888543819998317,7542.010454779283,72.76537638190295,36.38268819095148,36.38268819095148,36.38268819095148,0.0,2.9154759474226504,8221.253693932575,76.63680577894671,38.318402889473354,38.318402889473354,38.318402889473354,0.0,1.9235384061671343,8215.152828767095,60.67289345333714,30.33644672666857,30.33644672666857,30.33644672666857,0.0,1.9235384061671346,5811.897521464052,23.09112383579457,11.545561917897285,11.545561917897285,11.545561917897285,0.0,0.7071067811865476,1839.7300617210124,65.71757755730198,32.85878877865099,32.85878877865099,32.85878877865099,0.0,1.51657508881031,7187.61436778574,77.5680346534576,38.7840173267288,38.7840173267288,38.7840173267288,0.0,2.7748873851023217,8069.293451102147,66.27820154470096,33.13910077235048,33.13910077235048,33.13910077235048,0.0,1.3038404810405297,5800.197539739487,35.59775273805918,17.79887636902959,17.79887636902959,17.79887636902959,0.0,0.44721359549995787,4493.002203427013,29.271146202361123,14.635573101180562,14.635573101180562,14.635573101180562,0.0,1.51657508881031,2663.6650878066484,55.28833511691232,27.64416755845616,27.64416755845616,27.64416755845616,0.0,1.140175425099138,5223.226521988109,57.61249864395746,28.80624932197873,28.80624932197873,28.80624932197873,0.0,1.9235384061671346,6410.089102344834,80.47856857573946,40.23928428786973,40.23928428786973,40.23928428786973,0.0,1.6431676725154984,7843.387323089431,65.10606730558989,32.553033652794944,32.553033652794944,32.553033652794944,0.0,1.8165902124584952,6755.2060146230915,57.260806840281255,28.630403420140627,28.630403420140627,28.630403420140627,0.0,2.1679483388678804,6402.074562202474,93.92976099192417,46.964880495962085,46.964880495962085,46.964880495962085,0.0,4.06201920231798,9304.921128091308,64.5693425706039,32.28467128530195,32.28467128530195,32.28467128530195,0.0,2.3021728866442674,8017.386400816666,87.74280597291154,43.87140298645577,43.87140298645577,43.87140298645577,0.0,2.1679483388678804,8699.23121315901,82.13403679352427,41.06701839676214,41.06701839676214,41.06701839676214,0.0,2.3874672772626644,7539.841861736889
0.0,64.75492259280371,32.377461296401854,32.377461296401854,32.377461296401854,0.0,1.30384048104053,6169.969756814047,79.23887934593725,39.619439672968625,39.619439672968625,39.619439672968625,0.0,1.7888543819998317,7545.4174370938545,72.96026315742014,36.48013157871007,36.48013157871007,36.48013157871007,0.0,2.7748873851023212,8220.95531553359,77.82801552140462,38.91400776070231,38.91400776070231,38.91400776070231,0.0,1.9235384061671343,7707.610180853726,61.54023074379881,30.770115371899404,30.770115371899404,30.770115371899404,0.0,1.9235384061671346,5812.995957335597,22.698017534577772,11.349008767288886,11.349008767288886,11.349008767288886,0.0,0.7071067811865476,1836.9906096657107,66.59429404986587,33.29714702493293,33.29714702493293,33.29714702493293,0.0,1.51657508881031,7190.477369410184,76.95972972925516,38.47986486462758,38.47986486462758,38.47986486462758,0.0,2.7748873851023217,8072.088112750009,67.11184694225007,33.555923471125034,33.555923471125034,33.555923471125034,0.0,1.3038404810405297,5799.103146177002,35.59775273805918,17.79887636902959,17.79887636902959,17.79887636902959,0.0,0.44721359549995787,4488.25175318854,29.271146202361123,14.635573101180562,14.635573101180562,14.635573101180562,0.0,1.51657508881031,2662.400664813619,55.04543577809154,27.52271788904577,27.52271788904577,27.52271788904577,0.0,1.140175425099138,5222.639064687507,57.61249864395746,28.80624932197873,28.80624932197873,28.80624932197873,0.0,1.9235384061671346,6409.829389305147,79.96249120681522,39.98124560340761,39.98124560340761,39.98124560340761,0.0,1.6431676725154984,7845.187843512735,65.7419196555744,32.8709598277872,32.8709598277872,32.8709598277872,0.0,1.8165902124584952,6753.715251622621,57.260806840281255,28.630403420140627,28.630403420140627,28.630403420140627,0.0,2.1679483388678804,6398.0667939620635,93.19442043384358,46.59721021692179,46.59721021692179,46.59721021692179,0.0,3.63318042491699,9310.370282647194,64.84442921331022,32.42221460665511,32.42221460665511,32.42221460665511,0.0,2.3021728866442674,8017.318834872416,88.54377448471462,44.27188724235731,44.27188724235731,44.27188724235731,0.0,2.1679483388678804,8703.101188656834,82.15351483655462,41.07675741827731,41.07675741827731,41.07675741827731,0.0,2.3874672772626644,7545.422605792203
0.0,64.4111791539326,32.2055895769663,32.2055895769663,32.2055895769663,0.0,1.0,6167.475926179201,78.14601717298201,39.07300858649101,39.07300858649101,39.07300858649101,0.0,1.7888543819998317,7546.347076566251,73.82953338603733,36.91476669301866,36.91476669301866,36.91476669301866,0.0,2.7748873851023212,8220.966774047929,78.14857644256868,39.07428822128434,39.07428822128434,39.07428822128434,0.0,1.9235384061671343,7705.320629279485,60.959002616512684,30.479501308256342,30.479501308256342,30.479501308256342,0.0,1.9235384061671346,5810.9373856547445,22.698017534577772,11.349008767288886,11.349008767288886,11.349008767288886,0.0,0.7071067811865476,1834.7270914225908,67.04625269170529,33.523126345852646,33.523126345852646,33.523126345852646,0.0,1.51657508881031,7189.373999174059,76.95972972925516,38.47986486462758,38.47986486462758,38.47986486462758,0.0,2.7748873851023217,8072.254734583145,66.91188235283775,33.455941176418875,33.455941176418875,33.455941176418875,0.0,1.3038404810405297,5801.254674637203,36.06660505231952,18.03330252615976,18.03330252615976,18.03330252615976,0.0,0.44721359549995787,4484.575030033503,28.968948893599848,14.484474446799924,14.484474446799924,14.484474446799924,0.0,1.51657508881031,2665.5852077920904,55.04543577809154,27.52271788904577,27.52271788904577,27.52271788904577,0.0,1.140175425099138,5220.832720936383,58.09302884167773,29.046514420838864,29.046514420838864,29.046514420838864,0.0,1.9235384061671346,6793.738830717589,78.95061747700268,39.47530873850134,39.47530873850134,39.47530873850134,0.0,1.6431676725154984,7844.548215161915,65.40030580968258,32.70015290484129,32.70015290484129,32.70015290484129,0.0,1.8165902124584952,6751.932849192148,58.110240061455606,29.055120030727803,29.055120030727803,29.055120030727803,0.0,2.1679483388678804,6397.9244837681545,93.20300424342554,46.60150212171277,46.60150212171277,46.60150212171277,0.0,3.63318042491699,9311.38734561075,64.84442921331022,32.42221460665511,32.42221460665511,32.42221460665511,0.0,2.3021728866442674,8017.695691406603,89.46060585531488,44.73030292765744,44.73030292765744,44.73030292765744,0.0,2.1213203435596424,8766.084102950415,81.76307234931916,40.88153617465958,40.88153617465958,40.88153617465958,0.0,2.3874672772626644,7547.033589431016
0.0,64.00624969485402,32.00312484742701,32.00312484742701,32.00312484742701,0.0,0.8366600265340753,6169.634081531903,77.76888838089432,38.88444419044716,38.88444419044716,38.88444419044716,0.0,1.7888543819998317,7546.809908829027,73.82953338603733,36.91476669301866,36.91476669301866,36.91476669301866,0.0,2.7748873851023212,8218.813399755467,79.51603611850882,39.75801805925441,39.75801805925441,39.75801805925441,0.0,1.9235384061671343,7702.354782792078,60.88349530045068,30.44174765022534,30.44174765022534,30.44174765022534,0.0,1.9235384061671346,5807.966614917824,22.715633383201094,11.357816691600547,11.357816691600547,11.357816691600547,0.0,0.7071067811865476,1832.4232043935701,67.36467917239716,33.68233958619858,33.68233958619858,33.68233958619858,0.0,1.51657508881031,7187.234920329236,76.97532072034517,38.48766036017258,38.48766036017258,38.48766036017258,0.0,2.7748873851023217,8074.928711759628,66.91188235283775,33.455941176418875,33.455941176418875,33.455941176418875,0.0,1.3038404810405297,5802.391033013891,35.0314144732981,17.51570723664905,17.51570723664905,17.51570723664905,0.0,0.44721359549995787,4487.735598272252,28.968948893599848,14.484474446799924,14.484474446799924,14.484474446799924,0.0,1.51657508881031,2665.766775244976,54.85617558671038,27.42808779335519,27.42808779335519,27.42808779335519,0.0,1.140175425099138,5220.982982159586,58.52520824396954,29.26260412198477,29.26260412198477,29.26260412198477,0.0,2.1213203435596424,6790.297209990149,79.50597461826375,39.752987309131875,39.752987309131875,39.752987309131875,0.0,1.6431676725154984,7845.377447898858,64.87834769782597,32.439173848912986,32.439173848912986,32.439173848912986,0.0,1.5165750888103102,6751.524027951023,58.110240061455606,29.055120030727803,29.055120030727803,29.055120030727803,0.0,2.1679483388678804,6395.724353034611,93.82323805966195,46.91161902983097,46.91161902983097,46.91161902983097,0.0,3.63318042491699,9314.610254863055,65.45227268781429,32.72613634390714,32.72613634390714,32.72613634390714,0.0,2.3021728866442674,8017.618455626334,89.35994628467499,44.679973142337495,44.679973142337495,44.679973142337495,0.0,2.1213203435596424,8762.941115858306,81.76307234931916,40.88153617465958,40.88153617465958,40.88153617465958,0.0,2.3874672772626644,7545.120065313738
0.0,63.472828832501236,31.736414416250618,31.736414416250618,31.736414416250618,0.0,0.8366600265340753,6170.487541515662,77.76888838089432,38.88444419044716,38.88444419044716,38.88444419044716,0.0,1.7888543819998317,7549.570597060471,73.58532462386776,36.79266231193388,36.79266231193388,36.79266231193388,0.0,2.7748873851023212,8219.21652592265,78.17928114276826,39.08964057138413,39.08964057138413,39.08964057138413,0.0,1.9235384061671343,7704.9718558863015,60.22624012836929,30.113120064184645,30.113120064184645,30.113120064184645,0.0,1.6733200530681511,5808.332876135802,22.715633383201094,11.357816691600547,11.357816691600547,11.357816691600547,0.0,0.7071067811865476,1827.9862417425359,67.74363438729871,33.871817193649356,33.871817193649356,33.871817193649356,0.0,1.51657508881031,7190.91702775105,76.6602895898522,38.3301447949261,38.3301447949261,38.3301447949261,0.0,2.7748873851023217,8075.176827785259,66.23292232719315,33.116461163596576,33.116461163596576,33.116461163596576,0.0,1.3038404810405297,5801.807666581167,63.53581667059927,31.767908335299634,31.767908335299634,31.767908335299634,0.0,1.3038404810405297,7297.14351647273,29.23696290656743,14.618481453283716,14.618481453283716,14.618481453283716,0.0,1.51657508881031,2667.4255940888024,54.85617558671038,27.42808779335519,27.42808779335519,27.42808779335519,0.0,1.140175425099138,5220.572401566709,59.099915397570584,29.549957698785292,29.549957698785292,29.549957698785292,0.0,2.1213203435596424,6790.291061508336,79.50597461826375,39.752987309131875,39.752987309131875,39.752987309131875,0.0,1.6431676725154984,7845.197435374077,64.87834769782597,32.439173848912986,32.439173848912986,32.439173848912986,0.0,1.5165750888103102,6756.886324336084,57.629853374791786,28.814926687395893,28.814926687395893,28.814926687395893,0.0,2.1679483388678804,6398.371613152834,92.92577683291111,46.462888416455556,46.462888416455556,46.462888416455556,0.0,3.209361307176242,9317.952119430534,65.13677916507693,32.568389582538465,32.568389582538465,32.568389582538465,0.0,2.16794833886788,8017.665483169025,88.97640136575541,44.488200682877704,44.488200682877704,44.488200682877704,0.0,2.1213203435596424,8764.451340500442,81.00617260431454,40.50308630215727,40.50308630215727,40.50308630215727,0.0,2.3874672772626644,7544.258697844341
0.0,63.472828832501236,31.736414416250618,31.736414416250618,31.736414416250618,0.0,0.8366600265340753,6167.898321146353,77.40025839750149,38.700129198750744,38.700129198750744,38.700129198750744,0.0,1.7888543819998317,7550.641164828322,73.80243898408779,36.90121949204389,36.90121949204389,36.90121949204389,0.0,2.7748873851023212,8219.27914722453,77.6839751815006,38.8419875907503,38.8419875907503,38.8419875907503,0.0,1.9235384061671343,7703.34798642772,60.22624012836929,30.113120064184645,30.113120064184645,30.113120064184645,0.0,1.6733200530681511,5805.82584134247,22.37856116911898,11.18928058455949,11.18928058455949,11.18928058455949,0.0,0.7071067811865476,1825.3644019756714,67.69933529954338,33.84966764977169,33.84966764977169,33.84966764977169,0.0,1.51657508881031,7191.8861017121235,76.2102355330306,38.1051177665153,38.1051177665153,38.1051177665153,0.0,2.5099800796022267,8073.3989000915835,66.23292232719315,33.116461163596576,33.116461163596576,33.116461163596576,0.0,1.3038404810405297,5803.6873020520325,64.04061211450122,32.02030605725061,32.02030605725061,32.02030605725061,0.0,1.3038404810405297,7295.80802241945,28.23473038652928,14.11736519326464,14.11736519326464,14.11736519326464,0.0,1.51657508881031,2668.4102945386794,55.19057890618652,27.59528945309326,27.59528945309326,27.59528945309326,0.0,1.140175425099138,5217.781971297766,59.67243919934898,29.83621959967449,29.83621959967449,29.83621959967449,0.0,2.1213203435596424,6784.17793840934,78.9607497431477,39.48037487157385,39.48037487157385,39.48037487157385,0.0,1.6431676725154984,7846.792956361216,64.87834769782597,32.439173848912986,32.439173848912986,32.439173848912986,0.0,1.5165750888103102,6754.899577343841,57.29572409874929,28.647862049374645,28.647862049374645,28.647862049374645,0.0,1.949358868961793,6399.199660895103,93.2051500723002,46.6025750361501,46.6025750361501,46.6025750361501,0.0,3.209361307176242,9317.255990902042,64.50736392071839,32.253681960359195,32.253681960359195,32.253681960359195,0.0,2.16794833886788,8011.704138321635,89.8287259177152,44.9143629588576,44.9143629588576,44.9143629588576,0.0,2.1213203435596424,8770.8465497921,81.00617260431454,40.50308630215727,40.50308630215727,40.50308630215727,0.0,2.3874672772626644,7544.583255554941
0.0,62.14499175315739,31.072495876578696,31.072495876578696,31.072495876578696,0.0,0.8366600265340753,6171.429696593813,77.40025839750149,38.700129198750744,38.700129198750744,38.700129198750744,0.0,1.7888543819998317,7549.986708597572,73.80243898408779,36.90121949204389,36.90121949204389,36.90121949204389,0.0,2.7748873851023212,8219.512333466018,77.38992182448564,38.69496091224282,38.69496091224282,38.69496091224282,0.0,1.9235384061671343,7697.607907655469,59.504621669245154,29.752310834622577,29.752310834622577,29.752310834622577,0.0,1.6733200530681511,5806.70394457992,21.93627133311402,10.96813566655701,10.96813566655701,10.96813566655701,0.0,0.7071067811865476,1825.8482138447328,68.08817812219681,34.044089061098404,34.044089061098404,34.044089061098404,0.0,1.8165902124584952,7198.021068321486,75.16116018263688,37.58058009131844,37.58058009131844,37.58058009131844,0.0,2.5099800796022267,8073.884331596533,66.23292232719315,33.116461163596576,33.116461163596576,33.116461163596576,0.0,1.3038404810405297,5805.588454239587,64.04061211450122,32.02030605725061,32.02030605725061,32.02030605725061,0.0,1.3038404810405297,7294.285482485588,28.670542373662904,14.335271186831452,14.335271186831452,14.335271186831452,0.0,1.51657508881031,2673.387981569454,55.19057890618652,27.59528945309326,27.59528945309326,27.59528945309326,0.0,1.140175425099138,5215.403982435109,59.67243919934898,29.83621959967449,29.83621959967449,29.83621959967449,0.0,2.1213203435596424,6783.436113062465,78.9607497431477,39.48037487157385,39.48037487157385,39.48037487157385,0.0,1.6431676725154984,7851.313285049833,64.72093942457882,32.36046971228941,32.36046971228941,32.36046971228941,0.0,1.5165750888103102,6754.52202602079,57.39337940912697,28.696689704563486,28.696689704563486,28.696689704563486,0.0,1.949358868961793,6398.659719034917,94.73753216122954,47.36876608061477,47.36876608061477,47.36876608061477,0.0,4.08656334834051,9416.305289231017,63.74950980203691,31.874754901018456,31.874754901018456,31.874754901018456,0.0,2.16794833886788,8013.751399937485,89.8287259177152,44.9143629588576,44.9143629588576,44.9143629588576,0.0,2.1213203435596424,8773.697595654867,81.20837395244409,40.604186976222046,40.604186976222046,40.604186976222046,0.0,2.3874672772626644,7544.10249797814
0.0,61.65387254666165,30.826936273330826,30.82693627333083,30.82693627333083,0.0,0.8366600265340753,6167.035130433424,77.64792334634585,38.823961673172924,38.823961673172924,38.823961673172924,0.0,1.7888543819998317,7548.107431667888,74.2563128629479,37.12815643147395,37.12815643147395,37.12815643147395,0.0,2.7748873851023212,8215.949683390229,77.38992182448564,38.69496091224282,38.69496091224282,38.69496091224282,0.0,1.9235384061671343,7696.295128176934,59.504621669245154,29.752310834622577,29.752310834622577,29.752310834622577,0.0,1.6733200530681511,5806.475841678841,21.540659228538015,10.770329614269007,10.770329614269007,10.770329614269007,0.0,0.7071067811865476,1823.3901666949948,67.77315102605161,33.886575513025804,33.886575513025804,33.886575513025804,0.0,1.8165902124584952,7203.200698300721,74.71813702174326,37.35906851087163,37.35906851087163,37.35906851087163,0.0,2.5099800796022267,8074.866017464315,66.02423797364116,33.01211898682058,33.01211898682058,33.01211898682058,0.0,1.140175425099138,5804.124464551049,63.8529560787909,31.92647803939545,31.92647803939545,31.92647803939545,0.0,1.3038404810405297,7292.457315610425,29.14103635768639,14.570518178843194,14.570518178843194,14.570518178843194,0.0,1.3416407864998738,2670.3854590676606,55.19057890618652,27.59528945309326,27.59528945309326,27.59528945309326,0.0,1.140175425099138,5211.046699080714,59.83978609587437,29.919893047937187,29.919893047937187,29.919893047937187,0.0,2.16794833886788,6781.147675725695,78.9607497431477,39.48037487157385,39.48037487157385,39.48037487157385,0.0,1.6431676725154984,7853.838023539828,64.72093942457882,32.36046971228941,32.36046971228941,32.36046971228941,0.0,1.5165750888103102,6755.090954235923,57.39337940912697,28.696689704563486,28.696689704563486,28.696689704563486,0.0,1.949358868961793,6391.909159241862,94.73753216122954,47.36876608061477,47.36876608061477,47.36876608061477,0.0,4.08656334834051,9417.551576710372,63.299289095534085,31.649644547767043,31.649644547767043,31.649644547767043,0.0,2.16794833886788,8016.442116051235,89.57008429157584,44.78504214578792,44.78504214578792,44.78504214578792,0.0,2.1213203435596424,8772.139664870823,81.20837395244409,40.604186976222046,40.604186976222046,40.604186976222046,0.0,2.3874672772626644,7546.23035031399
0.0,61.13264267148934,30.56632133574467,30.56632133574467,30.56632133574467,0.0,0.8366600265340753,6166.777399906697,77.64792334634585,38.823961673172924,38.823961673172924,38.823961673172924,0.0,1.7888543819998317,7549.384378874876,74.66458330426816,37.33229165213408,37.33229165213408,37.33229165213408,0.0,2.7748873851023212,8212.118526908876,77.72515680267233,38.862578401336165,38.862578401336165,38.862578401336165,0.0,1.9235384061671343,7698.1016491080445,59.4407267788677,29.72036338943385,29.72036338943385,29.72036338943385,0.0,1.6733200530681511,5807.907342580458,21.23205124334434,10.61602562167217,10.61602562167217,10.61602562167217,0.0,0.7071067811865476,1819.536891629296,67.00149252068941,33.500746260344705,33.500746260344705,33.500746260344705,0.0,1.8165902124584952,7198.9411235264315,74.28324171709255,37.141620858546275,37.141620858546275,37.141620858546275,0.0,2.5099800796022267,8074.96913306794,66.11202613745853,33.056013068729264,33.056013068729264,33.056013068729264,0.0,1.140175425099138,5800.7611741908495,63.8529560787909,31.92647803939545,31.92647803939545,31.92647803939545,0.0,1.3038404810405297,7295.146249390755,30.705048444840468,15.352524222420234,15.352524222420234,15.352524222420234,0.0,1.3416407864998738,2671.1201208481807,54.998181788128235,27.499090894064118,27.499090894064118,27.499090894064118,0.0,1.140175425099138,5207.829855131598,59.65567869029737,29.827839345148686,29.827839345148686,29.827839345148686,0.0,2.16794833886788,6776.956964597016,79.10752176626443,39.55376088313221,39.55376088313221,39.55376088313221,0.0,1.6431676725154984,7853.0106838078345,64.35837163881635,32.179185819408175,32.179185819408175,32.179185819408175,0.0,1.5165750888103102,6754.435231756982,58.110240061455606,29.055120030727803,29.055120030727803,29.055120030727803,0.0,1.949358868961793,6393.1947178230075,94.73753216122954,47.36876608061477,47.36876608061477,47.36876608061477,0.0,4.08656334834051,9415.496943868657,63.774603095589704,31.887301547794852,31.887301547794852,31.887301547794852,0.0,2.16794833886788,8015.0985521077655,89.57008429157584,44.78504214578792,44.78504214578792,44.78504214578792,0.0,2.1213203435596424,8770.562940883556,81.27238153271996,40.63619076635998,40.63619076635998,40.63619076635998,0.0,2.3874672772626644,7543.2425587409025
0.0,60.62012867026925,30.310064335134626,30.310064335134626,30.310064335134626,0.0,0.8366600265340753,6167.294722972139,77.27095185126167,38.635475925630836,38.635475925630836,38.635475925630836,0.0,1.6733200530681513,7553.888336479432,75.50629112862053,37.753145564310266,37.753145564310266,37.753145564310266,0.0,2.7748873851023212,8214.062959339915,77.72515680267233,38.862578401336165,38.862578401336165,38.862578401336165,0.0,1.9235384061671343,7698.9988764773825,59.4407267788677,29.72036338943385,29.72036338943385,29.72036338943385,0.0,1.6733200530681511,5809.025116144705,21.23205124334434,10.61602562167217,10.61602562167217,10.61602562167217,0.0,0.7071067811865476,1819.796334758371,65.46754921333164,32.73377460666582,32.73377460666582,32.73377460666582,0.0,1.8165902124584952,7194.483984275731,73.71024352150792,36.85512176075396,36.85512176075396,36.85512176075396,0.0,2.4083189157584592,8078.598548015615,65.83312236253117,32.916561181265585,32.916561181265585,32.916561181265585,0.0,1.140175425099138,5797.515269492612,63.8529560787909,31.92647803939545,31.92647803939545,31.92647803939545,0.0,1.3038404810405297,7295.789319874855,30.528675044947494,15.264337522473747,15.264337522473747,15.264337522473747,0.0,1.3416407864998738,2672.400849423604,55.056334785381424,27.528167392690712,27.528167392690712,27.528167392690712,0.0,1.30384048104053,5210.556371444416,59.02541825349483,29.512709126747414,29.512709126747414,29.512709126747414,0.0,2.16794833886788,6777.496278125131,78.56716871569192,39.28358435784596,39.28358435784596,39.28358435784596,0.0,1.6431676725154984,7846.860340288975,64.35837163881635,32.179185819408175,32.179185819408175,32.179185819408175,0.0,1.5165750888103102,6760.7953822017125,58.251180245553826,29.125590122776913,29.125590122776913,29.125590122776913,0.0,1.949358868961793,6391.5789363818385,94.29103881069506,47.14551940534753,47.14551940534753,47.14551940534753,0.0,3.646916505762094,9417.349850143617,65.86956808724345,32.934784043621725,32.934784043621725,32.934784043621725,0.0,2.3021728866442674,8105.920749674277,90.42123644365851,45.21061822182926,45.21061822182926,45.21061822182926,0.0,2.1213203435596424,8771.999498403999,81.27238153271996,40.63619076635998,40.63619076635998,40.63619076635998,0.0,2.3874672772626644,7535.920202602997
0.0,60.991802727907626,30.495901363953813,30.495901363953813,30.495901363953813,0.0,0.8366600265340753,6167.944981920639,76.90253571892151,38.451267859460756,38.451267859460756,38.451267859460756,0.0,1.6733200530681513,7558.183710389686,75.50629112862053,37.753145564310266,37.753145564310266,37.753145564310266,0.0,2.7748873851023212,8215.8512523049,77.72515680267233,38.862578401336165,38.862578401336165,38.862578401336165,0.0,1.9235384061671343,7698.05275378131,60.15646266196177,30.078231330980884,30.078231330980884,30.078231330980884,0.0,1.6733200530681511,5808.553348295942,22.072607458114234,11.036303729057117,11.036303729057117,11.036303729057117,0.0,0.7071067811865476,1815.0660318566927,65.94543198736362,32.97271599368181,32.97271599368181,32.97271599368181,0.0,1.8165902124584952,7192.510215495005,73.71024352150792,36.85512176075396,36.85512176075396,36.85512176075396,0.0,2.4083189157584592,8076.77811382732,65.83312236253117,32.916561181265585,32.916561181265585,32.916561181265585,0.0,1.140175425099138,5799.9666981802575,64.20903363234802,32.10451681617401,32.10451681617401,32.10451681617401,0.0,1.3038404810405297,7296.682280324394,32.112302938282085,16.056151469141042,16.056151469141042,16.056151469141042,0.0,1.3416407864998738,2673.5640444919213,55.10716831774248,27.55358415887124,27.55358415887124,27.55358415887124,0.0,1.30384048104053,5209.622136009482,59.02541825349483,29.512709126747414,29.512709126747414,29.512709126747414,0.0,2.16794833886788,6777.7149172859135,77.51902992169084,38.75951496084542,38.75951496084542,38.75951496084542,0.0,1.6431676725154984,7848.5073931289635,64.35837163881635,32.179185819408175,32.179185819408175,32.179185819408175,0.0,1.5165750888103102,6756.790377094734,59.06606470724116,29.53303235362058,29.53303235362058,29.53303235362058,0.0,1.949358868961793,6395.859144790479,94.6044396421225,47.30221982106125,47.30221982106125,47.30221982106125,0.0,3.646916505762094,9459.267212633333,65.86956808724345,32.934784043621725,32.934784043621725,32.934784043621725,0.0,2.3021728866442674,8110.774254040116,90.42123644365851,45.21061822182926,45.21061822182926,45.21061822182926,0.0,2.1213203435596424,8774.203753047908,81.89017035029296,40.94508517514648,40.94508517514648,40.94508517514648,0.0,2.3874672772626644,7535.119561095232
0.0,61.66684684658362,30.83342342329181,30.83342342329181,30.83342342329181,0.0,0.8366600265340753,6169.391801466333,76.78020578248017,38.39010289124008,38.39010289124008,38.39010289124008,0.0,1.6733200530681513,7555.176139574775,75.50629112862053,37.753145564310266,37.753145564310266,37.753145564310266,0.0,2.7748873851023212,8215.436549569353,77.72515680267233,38.862578401336165,38.862578401336165,38.862578401336165,0.0,1.9235384061671343,7696.469664722911,59.55837472597788,29.77918736298894,29.77918736298894,29.77918736298894,0.0,1.51657508881031,5809.16506048847,23.366642891095847,11.683321445547923,11.683321445547923,11.683321445547923,0.0,0.7071067811865476,1811.1715821533862,65.94543198736362,32.97271599368181,32.97271599368181,32.97271599368181,0.0,1.8165902124584952,7191.0888744334125,73.71024352150792,36.85512176075396,36.85512176075396,36.85512176075396,0.0,2.4083189157584592,8079.590039104707,65.83312236253117,32.916561181265585,32.916561181265585,32.916561181265585,0.0,1.140175425099138,5800.088775182669,64.79814812168632,32.39907406084316,32.39907406084316,32.39907406084316,0.0,1.3038404810405297,7304.472828342919,32.267630839589074,16.133815419794537,16.133815419794537,16.133815419794537,0.0,1.3416407864998738,2674.8967643630663,55.10716831774248,27.55358415887124,27.55358415887124,27.55358415887124,0.0,1.30384048104053,5209.906496281867,59.15065511048885,29.575327555244424,29.575327555244424,29.575327555244424,0.0,2.16794833886788,6777.622938759577,76.4591394144611,38.22956970723055,38.22956970723055,38.22956970723055,0.0,1.3416407864998738,7849.053509818875,63.4759797088631,31.73798985443155,31.73798985443155,31.73798985443155,0.0,1.5165750888103102,6756.833814738971,59.06606470724116,29.53303235362058,29.53303235362058,29.53303235362058,0.0,1.949358868961793,6397.233206629254,94.32497018287364,47.16248509143682,47.16248509143682,47.16248509143682,0.0,3.646916505762094,9467.621734099857,66.3566123306487,33.17830616532435,33.17830616532435,33.17830616532435,0.0,2.3021728866442674,8111.092176766332,89.79532281806219,44.897661409031095,44.897661409031095,44.897661409031095,0.0,1.788854381999832,8769.693278558834,81.73860776891175,40.869303884455874,40.869303884455874,40.869303884455874,0.0,2.3874672772626644,7538.435732962111
0.0,61.66684684658362,30.83342342329181,30.83342342329181,30.83342342329181,0.0,0.8366600265340753,6172.46190753738,77.50354830586791,38.751774152933955,38.751774152933955,38.751774152933955,0.0,1.6733200530681513,7558.681214338914,75.078625453587,37.5393127267935,37.5393127267935,37.5393127267935,0.0,2.7748873851023212,8213.414192648512,77.47773873829824,38.73886936914912,38.73886936914912,38.73886936914912,0.0,1.9235384061671343,7699.663551091047,59.305986207127525,29.652993103563762,29.652993103563762,29.652993103563762,0.0,1.51657508881031,5809.457005607323,23.85791273351464,11.92895636675732,11.92895636675732,11.92895636675732,0.0,0.7071067811865476,1813.4235578044088,66.80718524230758,33.40359262115379,33.40359262115379,33.40359262115379,0.0,1.8165902124584952,7194.63663432699,74.54394676967406,37.27197338483703,37.27197338483703,37.27197338483703,0.0,2.4083189157584592,8083.058319720327,65.83312236253117,32.916561181265585,32.916561181265585,32.916561181265585,0.0,1.140175425099138,5798.105613042936,65.15519933205638,32.57759966602819,32.57759966602819,32.57759966602819,0.0,1.3038404810405297,7304.188236895322,32.10607419165414,16.05303709582707,16.05303709582707,16.05303709582707,0.0,1.3416407864998738,2674.066154753842,55.10716831774248,27.55358415887124,27.55358415887124,27.55358415887124,0.0,1.30384048104053,5206.802185602983,59.15065511048885,29.575327555244424,29.575327555244424,29.575327555244424,0.0,2.16794833886788,6777.947203984404,76.80364574680033,38.401822873400164,38.401822873400164,38.401822873400164,0.0,1.3416407864998738,7847.875846367601,63.31824381645467,31.659121908227334,31.659121908227334,31.659121908227334,0.0,1.5165750888103102,6755.386613658762,59.177698502053964,29.588849251026982,29.588849251026982,29.588849251026982,0.0,1.949358868961793,6393.98637001988,92.81594690569074,46.40797345284537,46.40797345284537,46.40797345284537,0.0,3.209361307176242,9466.320362210441,65.37583651472461,32.687918257362305,32.687918257362305,32.687918257362305,0.0,2.3021728866442674,8112.615774212409,89.7217922246318,44.8608961123159,44.8608961123159,44.8608961123159,0.0,1.788854381999832,8770.305912566562,82.16568626866083,41.08284313433042,41.08284313433042,41.08284313433042,0.0,2.3874672772626644,7537.758002217901
0.0,61.66684684658362,30.83342342329181,30.83342342329181,30.83342342329181,0.0,0.8366600265340753,6170.324221627256,77.99487162628066,38.99743581314033,38.99743581314033,38.99743581314033,0.0,1.6733200530681513,7561.366245593451,76.1393459388771,38.06967296943855,38.06967296943855,38.06967296943855,0.0,2.8809720581775866,8215.04118675007,77.23988606931007,38.61994303465504,38.61994303465504,38.61994303465504,0.0,1.9235384061671343,7697.987574684698,60.17308368365377,30.086541841826886,30.086541841826886,30.086541841826886,0.0,1.51657508881031,5810.081737807137,23.21206582792665,11.606032913963325,11.606032913963325,11.606032913963325,0.0,0.7071067811865476,1810.4853769086344,66.05149506256464,33.02574753128232,33.02574753128232,33.02574753128232,0.0,1.8165902124584952,7193.4553449646155,74.22398534166702,37.11199267083351,37.11199267083351,37.11199267083351,0.0,2.4083189157584592,8085.517837467184,66.40180720432238,33.20090360216119,33.20090360216119,33.20090360216119,0.0,1.140175425099138,5797.821901369513,65.52251521423763,32.761257607118814,32.761257607118814,32.761257607118814,0.0,1.3038404810405297,7302.604555910172,31.157663583779833,15.578831791889916,15.578831791889916,15.578831791889916,0.0,1.3416407864998738,2672.4968288100927,54.47935388750494,27.23967694375247,27.23967694375247,27.23967694375247,0.0,1.30384048104053,5207.207284139935,59.28912210515517,29.644561052577586,29.644561052577586,29.644561052577586,0.0,2.16794833886788,6774.61259408979,76.63680577894671,38.318402889473354,38.318402889473354,38.318402889473354,0.0,1.3416407864998738,7846.165292676416,63.812224534175265,31.906112267087632,31.906112267087632,31.906112267087632,0.0,1.5165750888103102,6756.6761058970405,59.177698502053964,29.588849251026982,29.588849251026982,29.588849251026982,0.0,1.949358868961793,6392.346165532652,92.83318372220141,46.416591861100706,46.416591861100706,46.416591861100706,0.0,3.209361307176242,9464.595485280921,65.37583651472461,32.687918257362305,32.687918257362305,32.687918257362305,0.0,2.3021728866442674,8115.066284387331,89.57008429157582,44.78504214578791,44.78504214578791,44.78504214578791,0.0,1.788854381999832,8774.914899872248,80.79603950689662,40.39801975344831,40.39801975344831,40.39801975344831,0.0,2.0,7533.746365520941
0.0,61.79967637455717,30.899838187278586,30.899838187278586,30.899838187278586,0.0,0.8366600265340753,6169.30386672597,77.64792334634585,38.823961673172924,38.823961673172924,38.823961673172924,0.0,1.6733200530681513,7559.026941346353,75.30471432785599,37.652357163927995,37.652357163927995,37.652357163927995,0.0,2.8809720581775866,8212.28608244988,76.44082678778402,38.22041339389201,38.22041339389201,38.22041339389201,0.0,1.9235384061671343,7698.863955155982,60.17308368365377,30.086541841826886,30.086541841826886,30.086541841826886,0.0,1.51657508881031,5807.920092425515,22.995651762887697,11.497825881443848,11.497825881443848,11.497825881443848,0.0,0.7071067811865476,1812.2130945338629,66.05149506256464,33.02574753128232,33.02574753128232,33.02574753128232,0.0,1.8165902124584952,7190.699075889632,74.22398534166702,37.11199267083351,37.11199267083351,37.11199267083351,0.0,2.4083189157584592,8086.529323510797,66.98358007750855,33.491790038754274,33.491790038754274,33.491790038754274,0.0,1.140175425099138,5797.357354864369,64.76727568764954,32.38363784382477,32.38363784382477,32.38363784382477,0.0,1.3038404810405297,7304.100478498362,30.84153044192198,15.42076522096099,15.42076522096099,15.42076522096099,0.0,1.3416407864998738,2677.087447208253,53.658177382389724,26.829088691194862,26.829088691194862,26.829088691194862,0.0,1.30384048104053,5204.041861860836,59.28912210515517,29.644561052577586,29.644561052577586,29.644561052577586,0.0,2.16794833886788,6778.303460306273,76.63680577894671,38.318402889473354,38.318402889473354,38.318402889473354,0.0,1.3416407864998738,7848.682074080973,63.812224534175265,31.906112267087632,31.906112267087632,31.906112267087632,0.0,1.5165750888103102,6756.193306885172,59.177698502053964,29.588849251026982,29.588849251026982,29.588849251026982,0.0,1.949358868961793,6399.248729343157,91.33017026152969,45.665085130764844,45.665085130764844,45.665085130764844,0.0,2.7748873851023217,9465.76571123541,65.37583651472461,32.687918257362305,32.687918257362305,32.687918257362305,0.0,2.3021728866442674,8113.0650065188065,89.29277686352911,44.64638843176456,44.64638843176456,44.64638843176456,0.0,1.788854381999832,8776.233121334004,81.23299822116626,40.61649911058313,40.61649911058313,40.61649911058313,0.0,2.0,7533.937005311366
0.0,62.34420582540129,31.172102912700645,31.172102912700645,31.172102912700645,0.0,0.8366600265340753,6167.026406624184,76.60809356719432,38.30404678359716,38.30404678359716,38.30404678359716,0.0,1.6733200530681513,7561.010778989804,73.60163041672378,36.80081520836189,36.80081520836189,36.80081520836189,0.0,2.5099800796022267,8213.26693831389,75.20638270785267,37.603191353926334,37.603191353926334,37.603191353926334,0.0,1.6733200530681511,7700.278163806811,60.80131577523631,30.400657887618156,30.400657887618156,30.400657887618156,0.0,1.51657508881031,5805.574536598424,22.47665455533808,11.23832727766904,11.23832727766904,11.23832727766904,0.0,0.7071067811865476,1815.4331439080868,65.96969000988257,32.984845004941285,32.984845004941285,32.984845004941285,0.0,1.8165902124584952,7191.297289084912,74.3370701601832,37.1685350800916,37.1685350800916,37.1685350800916,0.0,2.280350850198276,8089.595960244244,67.82329983125268,33.91164991562634,33.91164991562634,33.91164991562634,0.0,1.140175425099138,5797.6540514245935,64.19657311726226,32.09828655863113,32.09828655863113,32.09828655863113,0.0,1.51657508881031,7297.122878230844,30.84153044192198,15.42076522096099,15.42076522096099,15.42076522096099,0.0,1.3416407864998738,2674.051364502933,55.179706414586875,27.589853207293437,27.589853207293437,27.589853207293437,0.0,1.5811388300841898,5205.160016752607,59.19459434779497,29.597297173897484,29.597297173897484,29.597297173897484,0.0,2.16794833886788,6777.708240991198,76.63680577894671,38.318402889473354,38.318402889473354,38.318402889473354,0.0,1.3416407864998738,7846.660659159411,63.812224534175265,31.906112267087632,31.906112267087632,31.906112267087632,0.0,1.5165750888103102,6754.616776694293,60.14316253739904,30.07158126869952,30.07158126869952,30.07158126869952,0.0,1.949358868961793,6401.471846380331,94.34617109347894,47.17308554673947,47.17308554673947,47.17308554673947,0.0,3.646916505762094,9511.725695161736,65.70540312637918,32.85270156318959,32.85270156318959,32.85270156318959,0.0,2.280350850198276,8110.396784374979,89.29277686352911,44.64638843176456,44.64638843176456,44.64638843176456,0.0,1.788854381999832,8773.22554708358,81.6774142587778,40.8387071293889,40.8387071293889,40.8387071293889,0.0,2.0,7535.860083626819
0.0,62.34420582540129,31.172102912700645,31.172102912700645,31.172102912700645,0.0,0.8366600265340753,6164.3069926797125,77.37441437581289,38.687207187906445,38.687207187906445,38.687207187906445,0.0,1.6733200530681513,7557.561002069384,73.19289583012821,36.596447915064104,36.596447915064104,36.596447915064104,0.0,2.5099800796022267,8215.389327353878,74.61367166947355,37.30683583473677,37.30683583473677,37.30683583473677,0.0,1.6733200530681511,7698.705118394911,60.40860865803813,30.204304329019067,30.204304329019067,30.204304329019067,0.0,1.51657508881031,5805.940165037873,22.0,11.0,11.0,11.0,0.0,0.7071067811865476,1818.446122380314,66.80718524230758,33.40359262115379,33.40359262115379,33.40359262115379,0.0,1.8165902124584952,7190.145304512281,74.3370701601832,37.1685350800916,37.1685350800916,37.1685350800916,0.0,2.280350850198276,8087.691314584156,67.9028718096665,33.95143590483325,33.95143590483325,33.95143590483325,0.0,1.140175425099138,5796.872751751586,64.69312173639483,32.346560868197415,32.346560868197415,32.346560868197415,0.0,1.51657508881031,7295.72290455168,30.377623343507306,15.188811671753653,15.188811671753653,15.188811671753653,0.0,1.3416407864998738,2671.1816299158695,54.57838399952861,27.289191999764306,27.289191999764306,27.289191999764306,0.0,1.5811388300841898,5202.859185101976,59.70594610254493,29.852973051272464,29.852973051272464,29.852973051272464,0.0,2.16794833886788,6784.006964913878,76.17611174114887,38.088055870574436,38.088055870574436,38.088055870574436,0.0,1.3416407864998738,7847.295215550387,62.247891530557084,31.123945765278542,31.123945765278542,31.123945765278542,0.0,1.5165750888103102,6755.558067250995,61.2633658885961,30.63168294429805,30.63168294429805,30.63168294429805,0.0,2.302172886644268,6404.481415384075,94.34617109347894,47.17308554673947,47.17308554673947,47.17308554673947,0.0,3.646916505762094,9509.603740429988,65.70540312637918,32.85270156318959,32.85270156318959,32.85270156318959,0.0,2.280350850198276,8116.593016777421,89.03931715820826,44.51965857910413,44.51965857910413,44.51965857910413,0.0,1.816590212458495,8770.506587421276,82.49121165312097,41.245605826560485,41.245605826560485,41.245605826560485,0.0,2.0,7531.452562421143
0.0,62.10636038281426,31.05318019140713,31.05318019140713,31.05318019140713,0.0,0.8366600265340753,6165.844856951884,78.37601673981652,39.18800836990826,39.18800836990826,39.18800836990826,0.0,1.6733200530681513,7558.441539100504,73.19289583012821,36.596447915064104,36.596447915064104,36.596447915064104,0.0,2.5099800796022267,8217.31794443905,74.4499832102063,37.22499160510315,37.22499160510315,37.22499160510315,0.0,1.6733200530681511,7696.534564334782,60.8177605638353,30.40888028191765,30.40888028191765,30.40888028191765,0.0,1.4832396974191324,5802.257689899682,22.0,11.0,11.0,11.0,0.0,0.7071067811865476,1821.03632583208,66.80718524230758,33.40359262115379,33.40359262115379,33.40359262115379,0.0,1.8165902124584952,7188.1544780284175,75.06530490179867,37.532652450899334,37.532652450899334,37.532652450899334,0.0,2.280350850198276,8089.887607377497,68.46312876286038,34.23156438143019,34.23156438143019,34.23156438143019,0.0,1.140175425099138,5797.214391412483,64.69312173639483,32.346560868197415,32.346560868197415,32.346560868197415,0.0,1.51657508881031,7294.77016087553,30.528675044947494,15.264337522473747,15.264337522473747,15.264337522473747,0.0,1.3416407864998738,2669.2206727807275,54.57838399952861,27.289191999764306,27.289191999764306,27.289191999764306,0.0,1.5811388300841898,5199.465232117626,56.78027826631356,28.39013913315678,28.39013913315678,28.39013913315678,0.0,2.280350850198276,5925.097273463112,75.5433650296305,37.77168251481525,37.77168251481525,37.77168251481525,0.0,1.3416407864998738,7845.004557041379,62.13855485928201,31.069277429641005,31.069277429641005,31.069277429641005,0.0,1.5165750888103102,6757.119593436244,62.11924017564928,31.05962008782464,31.05962008782464,31.05962008782464,0.0,2.302172886644268,6407.90038156025,94.34617109347894,47.17308554673947,47.17308554673947,47.17308554673947,0.0,3.646916505762094,9508.87634266005,65.10606730558989,32.553033652794944,32.553033652794944,32.553033652794944,0.0,2.280350850198276,8113.563409501401,85.90227005149515,42.951135025747575,42.951135025747575,42.951135025747575,0.0,1.816590212458495,8907.616645321013,82.49121165312097,41.245605826560485,41.245605826560485,41.245605826560485,0.0,2.0,7531.36219418506
0.0,62.10636038281426,31.05318019140713,31.05318019140713,31.05318019140713,0.0,0.8366600265340753,6165.884056645892,78.37601673981652,39.18800836990826,39.18800836990826,39.18800836990826,0.0,1.6733200530681513,7562.258571352873,73.19289583012821,36.596447915064104,36.596447915064104,36.596447915064104,0.0,2.5099800796022267,8215.535009967398,75.15317691222374,37.57658845611187,37.57658845611187,37.57658845611187,0.0,1.6733200530681511,7699.252742961488,60.68937304009657,30.344686520048285,30.344686520048285,30.344686520048285,0.0,1.4832396974191324,5802.350790843311,22.0,11.0,11.0,11.0,0.0,0.7071067811865476,1825.302933761955,66.74428814512895,33.372144072564474,33.372144072564474,33.372144072564474,0.0,1.8165902124584952,7184.575422389273,75.06530490179867,37.532652450899334,37.532652450899334,37.532652450899334,0.0,2.280350850198276,8087.1833353770335,83.69707282814615,41.848536414073074,41.848536414073074,41.848536414073074,0.0,2.1908902300206647,7666.74925897541,64.69312173639483,32.346560868197415,32.346560868197415,32.346560868197415,0.0,1.51657508881031,7293.487423722619,31.317726609701413,15.658863304850707,15.658863304850707,15.658863304850707,0.0,1.3416407864998738,2668.928286784791,54.57838399952861,27.289191999764306,27.289191999764306,27.289191999764306,0.0,1.5811388300841898,5197.945103596227,55.88559742903354,27.94279871451677,27.94279871451677,27.94279871451677,0.0,2.0736441353327724,5926.449839490756,75.5433650296305,37.77168251481525,37.77168251481525,37.77168251481525,0.0,1.3416407864998738,7844.941981939701,62.64183905346331,31.320919526731654,31.320919526731654,31.320919526731654,0.0,1.5165750888103102,6757.634608352245,62.36024374551466,31.18012187275733,31.18012187275733,31.18012187275733,0.0,2.302172886644268,6409.994914194551,94.66150220654646,47.33075110327323,47.33075110327323,47.33075110327323,0.0,3.646916505762094,9507.328925623642,64.19345761056964,32.09672880528482,32.09672880528482,32.09672880528482,0.0,2.280350850198276,8114.504482714888,85.75080174552306,42.87540087276153,42.87540087276153,42.87540087276153,0.0,1.816590212458495,8905.825548482297,82.12186067059123,41.060930335295616,41.060930335295616,41.060930335295616,0.0,2.0,7532.070020917225
0.0,61.50447138216863,30.752235691084316,30.752235691084316,30.752235691084316,0.0,0.8366600265340753,6171.414408383219,78.00769192842459,39.003845964212296,39.003845964212296,39.003845964212296,0.0,1.6733200530681513,7561.360214934876,73.19289583012821,36.596447915064104,36.596447915064104,36.596447915064104,0.0,2.5099800796022267,8212.85235469383,75.15317691222374,37.57658845611187,37.57658845611187,37.57658845611187,0.0,1.6733200530681511,7695.317979135105,60.68937304009657,30.344686520048285,30.344686520048285,30.344686520048285,0.0,1.4832396974191324,5808.028133540677,22.521101216414795,11.260550608207398,11.260550608207398,11.260550608207398,0.0,0.7071067811865476,1824.6213853838278,67.21606950722423,33.60803475361212,33.60803475361212,33.60803475361212,0.0,1.8165902124584952,7179.069626351315,74.78769952338419,37.393849761692096,37.393849761692096,37.393849761692096,0.0,2.280350850198276,8089.100549504871,83.69707282814615,41.848536414073074,41.848536414073074,41.848536414073074,0.0,2.1908902300206647,7665.39783703364,63.733821476512766,31.866910738256383,31.866910738256383,31.866910738256383,0.0,1.51657508881031,7295.836072719836,31.483328921827823,15.741664460913912,15.741664460913912,15.741664460913912,0.0,1.0954451150103326,2673.7347849029456,54.60036629913759,27.300183149568795,27.300183149568795,27.300183149568795,0.0,1.5811388300841898,5201.159418821922,56.752092472436644,28.376046236218322,28.376046236218322,28.376046236218322,0.0,2.0736441353327724,5927.844313070308,75.67033764957046,37.83516882478523,37.83516882478523,37.83516882478523,0.0,1.3416407864998738,7844.8948367712355,62.64183905346331,31.320919526731654,31.320919526731654,31.320919526731654,0.0,1.5165750888103102,6757.469925941217,62.36024374551466,31.18012187275733,31.18012187275733,31.18012187275733,0.0,2.302172886644268,6407.279165137102,95.08312153058502,47.54156076529251,47.54156076529251,47.54156076529251,0.0,3.646916505762094,9510.492426788425,63.953107821277925,31.976553910638962,31.976553910638962,31.976553910638962,0.0,2.280350850198276,8112.609339787045,85.60841080174308,42.80420540087154,42.80420540087154,42.80420540087154,0.0,1.816590212458495,8911.296998753885,82.39660187167915,41.198300935839576,41.198300935839576,41.198300935839576,0.0,2.0,7536.449343026197
0.0,61.76730526743093,30.883652633715464,30.883652633715464,30.883652633715464,0.0,0.8366600265340753,6169.004522611407,78.59516524570707,39.29758262285353,39.29758262285353,39.29758262285353,0.0,1.6733200530681513,7561.318489522842,73.62608233499864,36.81304116749932,36.81304116749932,36.81304116749932,0.0,2.5099800796022267,8214.959476467306,74.61367166947355,37.30683583473677,37.30683583473677,37.30683583473677,0.0,1.6733200530681511,7692.226868729237,60.606930296790324,30.303465148395162,30.303465148395162,30.303465148395162,0.0,1.4832396974191324,5807.560270888284,23.340951137432256,11.670475568716128,11.670475568716128,11.670475568716128,0.0,0.7071067811865476,1821.9192627556251,67.21606950722423,33.60803475361212,33.60803475361212,33.60803475361212,0.0,1.8165902124584952,7176.690100596514,74.78769952338419,37.393849761692096,37.393849761692096,37.393849761692096,0.0,2.280350850198276,8089.894572860638,84.52928486625213,42.26464243312606,42.26464243312606,42.26464243312606,0.0,2.1908902300206647,7665.2358215517415,63.899921752690744,31.949960876345372,31.949960876345372,31.949960876345372,0.0,1.51657508881031,7294.8691215127365,31.483328921827823,15.741664460913912,15.741664460913912,15.741664460913912,0.0,1.0954451150103326,2674.3892199902393,54.60036629913759,27.300183149568795,27.300183149568795,27.300183149568795,0.0,1.5811388300841898,5206.4192397462575,57.166423711825814,28.583211855912907,28.583211855912907,28.583211855912907,0.0,2.0736441353327724,5932.139394855788,75.18510490782067,37.592552453910336,37.592552453910336,37.592552453910336,0.0,1.3416407864998738,7846.564388316711,62.11924017564929,31.059620087824644,31.059620087824644,31.059620087824644,0.0,1.5165750888103102,6759.632734106196,62.44357452933008,31.22178726466504,31.22178726466504,31.22178726466504,0.0,2.302172886644268,6402.168515432877,95.08312153058502,47.54156076529251,47.54156076529251,47.54156076529251,0.0,3.646916505762094,9507.670887236263,64.55075522408704,32.27537761204352,32.27537761204352,32.27537761204352,0.0,2.280350850198276,8116.682062271504,85.60841080174308,42.80420540087154,42.80420540087154,42.80420540087154,0.0,1.816590212458495,8911.983841996123,82.39660187167915,41.198300935839576,41.198300935839576,41.198300935839576,0.0,2.0,7535.707232901236
0.0,61.76730526743093,30.883652633715464,30.883652633715464,30.883652633715464,0.0,0.8366600265340753,6169.636739711666,79.09993678884959,39.549968394424795,39.549968394424795,39.549968394424795,0.0,1.6733200530681513,7560.000462962948,73.62608233499864,36.81304116749932,36.81304116749932,36.81304116749932,0.0,2.5099800796022267,8216.276267263656,75.78918128598566,37.89459064299283,37.89459064299283,37.89459064299283,0.0,1.673320053068151,7688.394156129094,60.23288138550239,30.116440692751194,30.116440692751194,30.116440692751194,0.0,1.4832396974191324,5803.821284291927,24.20743687382041,12.103718436910205,12.103718436910205,12.103718436910205,0.0,0.7071067811865476,1822.3083438320748,67.6520509666928,33.8260254833464,33.8260254833464,33.8260254833464,0.0,1.8165902124584952,7172.574244997399,73.8836923820135,36.94184619100675,36.94184619100675,36.94184619100675,0.0,2.0,8092.109570439589,84.52928486625213,42.26464243312606,42.26464243312606,42.26464243312606,0.0,2.1908902300206647,7661.801485290519,63.899921752690744,31.949960876345372,31.949960876345372,31.949960876345372,0.0,1.51657508881031,7297.21273501054,31.32411211830273,15.662056059151364,15.662056059151364,15.662056059151364,0.0,1.0954451150103326,2672.02713309577,54.39852939188705,27.199264695943526,27.199264695943526,27.199264695943526,0.0,1.5811388300841898,5209.924087738707,57.166423711825814,28.583211855912907,28.583211855912907,28.583211855912907,0.0,2.0736441353327724,5932.886439162644,75.0679692012512,37.5339846006256,37.5339846006256,37.5339846006256,0.0,1.3416407864998738,7846.463107668321,61.605194586171066,30.802597293085533,30.802597293085533,30.802597293085533,0.0,1.5165750888103102,6762.7107952358865,62.571559034436724,31.285779517218362,31.285779517218362,31.285779517218362,0.0,2.302172886644268,6399.123119615687,95.27434072193836,47.63717036096918,47.63717036096918,47.63717036096918,0.0,3.646916505762094,9508.341390589634,64.80123455614098,32.40061727807049,32.40061727807049,32.40061727807049,0.0,2.280350850198276,8115.633974003509,85.60841080174308,42.80420540087154,42.80420540087154,42.80420540087154,0.0,1.816590212458495,8912.176322313198,82.04145293691477,41.02072646845738,41.02072646845738,41.02072646845738,0.0,1.9235384061671346,7537.86758970997
0.0,61.52397906507673,30.761989532538365,30.761989532538365,30.761989532538365,0.0,0.8366600265340753,6170.776272074689,80.77871006645253,40.389355033226266,40.389355033226266,40.389355033226266,0.0,1.6733200530681513,7557.059692764111,73.62608233499864,36.81304116749932,36.81304116749932,36.81304116749932,0.0,2.5099800796022267,8217.677926275768,75.78918128598566,37.89459064299283,37.89459064299283,37.89459064299283,0.0,1.673320053068151,7685.6013883104815,59.82307247208221,29.911536236041105,29.911536236041105,29.911536236041105,0.0,1.4832396974191324,5805.78721621797,24.20743687382041,12.103718436910205,12.103718436910205,12.103718436910205,0.0,0.7071067811865476,1820.5656538559656,67.56626377120463,33.783131885602316,33.783131885602316,33.783131885602316,0.0,1.8165902124584952,7173.634274201606,74.18086006511383,37.09043003255692,37.09043003255692,37.09043003255692,0.0,2.0,8096.095528092538,84.52928486625213,42.26464243312606,42.26464243312606,42.26464243312606,0.0,2.1908902300206647,7661.591368638763,63.899921752690744,31.949960876345372,31.949960876345372,31.949960876345372,0.0,1.51657508881031,7295.118278684727,31.508728949292763,15.754364474646382,15.754364474646382,15.754364474646382,0.0,1.0954451150103326,2672.75041857634,55.16158083303995,27.580790416519974,27.580790416519974,27.580790416519974,0.0,1.5811388300841898,5212.07912449533,57.166423711825814,28.583211855912907,28.583211855912907,28.583211855912907,0.0,2.0736441353327724,5934.991086766686,75.19840423838794,37.59920211919397,37.59920211919397,37.59920211919397,0.0,1.3416407864998738,7845.51740167594,62.25110440787376,31.12555220393688,31.12555220393688,31.12555220393688,0.0,1.5165750888103102,6764.979800413303,62.571559034436724,31.285779517218362,31.285779517218362,31.285779517218362,0.0,2.302172886644268,6396.25029216337,95.06839643120105,47.534198215600526,47.534198215600526,47.534198215600526,0.0,3.209361307176242,9507.141668240776,64.96152707564686,32.48076353782343,32.48076353782343,32.48076353782343,0.0,2.0,8116.887457640398,84.91878472988176,42.45939236494088,42.45939236494088,42.45939236494088,0.0,1.4832396974191324,8914.394774744946,82.04145293691477,41.02072646845738,41.02072646845738,41.02072646845738,0.0,1.9235384061671346,7536.87546002984
0.0,61.92576200580822,30.96288100290411,30.96288100290411,30.96288100290411,0.0,0.8366600265340753,6171.158100389262,81.37075641776964,40.68537820888482,40.68537820888482,40.68537820888482,0.0,1.6733200530681513,7557.503073105561,72.97944916207575,36.489724581037876,36.489724581037876,36.489724581037876,0.0,2.5099800796022267,8221.74949144037,76.5035946867858,38.2517973433929,38.2517973433929,38.2517973433929,0.0,1.673320053068151,7686.722402949127,60.573921781571975,30.286960890785988,30.286960890785988,30.286960890785988,0.0,1.4832396974191324,5807.298399428086,24.20743687382041,12.103718436910205,12.103718436910205,12.103718436910205,0.0,0.7071067811865476,1821.9332314879161,67.56626377120463,33.783131885602316,33.783131885602316,33.783131885602316,0.0,1.8165902124584952,7171.252387135736,74.18086006511383,37.09043003255692,37.09043003255692,37.09043003255692,0.0,2.0,8092.927115698003,84.46774532328894,42.23387266164447,42.23387266164447,42.23387266164447,0.0,2.1908902300206647,7661.495957056951,63.899921752690744,31.949960876345372,31.949960876345372,31.949960876345372,0.0,1.51657508881031,7294.5365034387205,31.508728949292763,15.754364474646382,15.754364474646382,15.754364474646382,0.0,1.0954451150103326,2673.1597408310636,54.97272050753901,27.486360253769504,27.486360253769504,27.486360253769504,0.0,1.5811388300841898,5211.810213351979,57.59513868374656,28.79756934187328,28.79756934187328,28.79756934187328,0.0,2.0736441353327724,5934.7990446181075,75.19840423838794,37.59920211919397,37.59920211919397,37.59920211919397,0.0,1.3416407864998738,7843.235078715925,62.25110440787376,31.12555220393688,31.12555220393688,31.12555220393688,0.0,1.5165750888103102,6766.014336372633,61.62791575252241,30.813957876261206,30.813957876261206,30.813957876261206,0.0,2.0493901531919194,6394.406211682207,95.38763022530752,47.69381511265376,47.69381511265376,47.69381511265376,0.0,3.209361307176242,9504.926206972888,65.44310506080835,32.721552530404175,32.721552530404175,32.721552530404175,0.0,2.0,8120.051336044619,84.32555958901192,42.16277979450596,42.16277979450596,42.16277979450596,0.0,1.4832396974191324,8911.52892044906,82.45483612257077,41.227418061285384,41.227418061285384,41.227418061285384,0.0,1.9235384061671346,7538.388435202845
0.0,61.62791575252241,30.813957876261206,30.813957876261206,30.813957876261206,0.0,0.8366600265340753,6169.853012835882,81.96828655034824,40.98414327517412,40.98414327517412,40.98414327517412,0.0,1.6733200530681513,7559.0925579728155,72.33809508136083,36.16904754068042,36.16904754068042,36.16904754068042,0.0,2.5099800796022267,8221.380735618563,76.32299784468637,38.161498922343185,38.161498922343185,38.161498922343185,0.0,1.673320053068151,7682.364531835235,60.382116557802114,30.191058278901057,30.191058278901057,30.191058278901057,0.0,1.4832396974191324,5809.316801483631,23.562682360037027,11.781341180018513,11.781341180018513,11.781341180018513,0.0,0.44721359549995815,1821.472481263442,67.56626377120463,33.783131885602316,33.783131885602316,33.783131885602316,0.0,1.8165902124584952,7170.381070766044,74.18086006511383,37.09043003255692,37.09043003255692,37.09043003255692,0.0,2.0,8094.118160738698,83.7782788078151,41.88913940390755,41.88913940390755,41.88913940390755,0.0,1.788854381999832,7664.234880273438,63.733821476512766,31.866910738256383,31.866910738256383,31.866910738256383,0.0,1.51657508881031,7291.913274305997,31.016124838541643,15.508062419270821,15.508062419270821,15.508062419270821,0.0,1.0954451150103326,2674.637395984734,55.59496380068972,27.79748190034486,27.79748190034486,27.79748190034486,0.0,1.5811388300841898,5213.36489227447,57.59513868374656,28.79756934187328,28.79756934187328,28.79756934187328,0.0,2.0736441353327724,5932.4499407917465,75.19840423838794,37.59920211919397,37.59920211919397,37.59920211919397,0.0,1.3416407864998738,7843.087351292219,61.36774397026503,30.683871985132516,30.683871985132516,30.683871985132516,0.0,1.5165750888103102,6767.034527767683,61.715476178994194,30.857738089497097,30.857738089497097,30.857738089497097,0.0,2.0493901531919194,6395.151483741413,95.94373351084478,47.97186675542239,47.97186675542239,47.97186675542239,0.0,3.209361307176242,9503.36786618302,64.60030959678134,32.30015479839067,32.30015479839067,32.30015479839067,0.0,2.0,8118.349204117792,84.17838202293983,42.089191011469914,42.089191011469914,42.089191011469914,0.0,1.4832396974191324,8911.099062405265,82.45483612257077,41.227418061285384,41.227418061285384,41.227418061285384,0.0,1.9235384061671346,7539.551160380835
0.0,61.507723092307685,30.753861546153843,30.753861546153843,30.753861546153843,0.0,0.8366600265340753,6170.580742523349,81.60882305241266,40.80441152620633,40.80441152620633,40.80441152620633,0.0,1.6733200530681513,7558.004233923133,72.52034197382139,36.260170986910694,36.260170986910694,36.260170986910694,0.0,2.5099800796022267,8225.27692542932,76.40680597957227,38.203402989786134,38.203402989786134,38.203402989786134,0.0,1.673320053068151,7678.964721887971,59.973327404772206,29.986663702386103,29.986663702386103,29.986663702386103,0.0,1.4832396974191324,5806.311677820956,23.392306427541513,11.696153213770756,11.696153213770756,11.696153213770756,0.0,0.5477225575051661,1825.1097775202452,68.03822455061567,34.01911227530783,34.01911227530783,34.01911227530783,0.0,1.8165902124584952,7170.230735478462,74.17007482805987,37.085037414029934,37.085037414029934,37.085037414029934,0.0,2.0,8098.058730337784,85.4470596334362,42.7235298167181,42.7235298167181,42.7235298167181,0.0,1.788854381999832,7665.10582444887,63.834160133896965,31.917080066948483,31.917080066948483,31.917080066948483,0.0,1.51657508881031,7293.976096752716,31.793081008294873,15.896540504147437,15.896540504147437,15.896540504147437,0.0,1.0954451150103326,2675.5866085776406,55.59496380068972,27.79748190034486,27.79748190034486,27.79748190034486,0.0,1.5811388300841898,5212.638947788347,57.59513868374656,28.79756934187328,28.79756934187328,28.79756934187328,0.0,2.0736441353327724,5930.81202703306,75.19840423838794,37.59920211919397,37.59920211919397,37.59920211919397,0.0,1.3416407864998738,7842.504045265135,61.36774397026503,30.683871985132516,30.683871985132516,30.683871985132516,0.0,1.5165750888103102,6768.470691374825,62.44357452933008,31.22178726466504,31.22178726466504,31.22178726466504,0.0,2.0493901531919194,6394.367107071661,95.95415572032303,47.977077860161515,47.977077860161515,47.977077860161515,0.0,3.209361307176242,9501.308409898082,64.17787780847853,32.088938904239264,32.088938904239264,32.088938904239264,0.0,2.0,8122.759555717503,84.05236463062774,42.02618231531387,42.02618231531387,42.02618231531387,0.0,1.4832396974191324,8909.84561033467,81.76307234931917,40.88153617465959,40.88153617465959,40.88153617465959,0.0,1.9235384061671346,7541.727706566977
0.0,60.98196454690518,30.49098227345259,30.49098227345259,30.49098227345259,0.0,0.8366600265340753,6169.6647153633885,82.21192127666157,41.105960638330785,41.105960638330785,41.105960638330785,0.0,1.6733200530681513,7557.730909472763,72.71313498949141,36.356567494745704,36.356567494745704,36.356567494745704,0.0,2.5099800796022267,8223.952741838926,76.40680597957227,38.203402989786134,38.203402989786134,38.203402989786134,0.0,1.673320053068151,7677.658842381576,60.83748844257133,30.418744221285664,30.418744221285664,30.418744221285664,0.0,1.8708286933869707,5810.622625846563,24.265201420964964,12.132600710482482,12.132600710482482,12.132600710482482,0.0,0.5477225575051661,1824.2670308921336,67.20119046564577,33.60059523282288,33.60059523282288,33.60059523282288,0.0,1.4832396974191326,7170.426430833804,74.90527351261726,37.45263675630863,37.45263675630863,37.45263675630863,0.0,2.0,8100.15192450117,85.4470596334362,42.7235298167181,42.7235298167181,42.7235298167181,0.0,1.788854381999832,7665.7011877583645,64.19657311726228,32.09828655863114,32.09828655863114,32.09828655863114,0.0,1.51657508881031,7293.204357482381,31.793081008294873,15.896540504147437,15.896540504147437,15.896540504147437,0.0,1.0954451150103326,2669.6471302402497,55.59496380068972,27.79748190034486,27.79748190034486,27.79748190034486,0.0,1.5811388300841898,5212.649777224631,57.59513868374656,28.79756934187328,28.79756934187328,28.79756934187328,0.0,2.0736441353327724,5930.182627879179,75.56454194925024,37.78227097462512,37.78227097462512,37.78227097462512,0.0,1.51657508881031,7843.853090159198,62.041921311319825,31.020960655659913,31.020960655659913,31.020960655659913,0.0,1.5165750888103102,6769.255926614091,62.32816377850385,31.164081889251925,31.164081889251925,31.164081889251925,0.0,2.0493901531919194,6395.0855350026395,95.95415572032303,47.977077860161515,47.977077860161515,47.977077860161515,0.0,3.209361307176242,9505.137489799925,63.76519426771944,31.88259713385972,31.88259713385972,31.88259713385972,0.0,2.0,8119.621050270757,84.05236463062774,42.02618231531387,42.02618231531387,42.02618231531387,0.0,1.4832396974191324,8910.249816924326,81.4616474176652,40.7308237088326,40.7308237088326,40.7308237088326,0.0,1.9235384061671346,7543.728739820912
0.0,60.98196454690518,30.49098227345259,30.49098227345259,30.49098227345259,0.0,0.8366600265340753,6165.238908590647,81.45673698350555,40.728368491752775,40.728368491752775,40.728368491752775,0.0,1.6733200530681513,7556.710937967656,72.71313498949141,36.356567494745704,36.356567494745704,36.356567494745704,0.0,2.5099800796022267,8225.377517172084,76.17611174114887,38.088055870574436,38.088055870574436,38.088055870574436,0.0,1.673320053068151,7676.678708920936,61.61817913570637,30.809089567853185,30.809089567853185,30.809089567853185,0.0,1.8708286933869707,5809.402912520357,24.265201420964964,12.132600710482482,12.132600710482482,12.132600710482482,0.0,0.5477225575051661,1818.4133743458885,67.20119046564577,33.60059523282288,33.60059523282288,33.60059523282288,0.0,1.4832396974191326,7167.699331026658,74.90527351261726,37.45263675630863,37.45263675630863,37.45263675630863,0.0,2.0,8098.932139486044,84.93997880856811,42.46998940428406,42.46998940428406,42.46998940428406,0.0,1.788854381999832,7661.938547130224,64.19657311726228,32.09828655863114,32.09828655863114,32.09828655863114,0.0,1.51657508881031,7295.969147412837,31.483328921827823,15.741664460913912,15.741664460913912,15.741664460913912,0.0,1.0954451150103326,2672.962438942979,55.59496380068972,27.79748190034486,27.79748190034486,27.79748190034486,0.0,1.5811388300841898,5215.288841473692,56.98069848641731,28.490349243208655,28.490349243208655,28.490349243208655,0.0,2.0736441353327724,5927.291388146866,75.56454194925024,37.78227097462512,37.78227097462512,37.78227097462512,0.0,1.51657508881031,7844.031986166298,61.53698075141484,30.76849037570742,30.76849037570742,30.76849037570742,0.0,1.5165750888103102,6771.456800423377,61.880530055906924,30.940265027953462,30.940265027953462,30.940265027953462,0.0,2.0493901531919194,6398.332399930469,95.82692732212591,47.913463661062956,47.913463661062956,47.913463661062956,0.0,3.209361307176242,9504.37746514731,64.36458653638661,32.182293268193305,32.182293268193305,32.182293268193305,0.0,2.0,8120.088743357427,84.05236463062774,42.02618231531387,42.02618231531387,42.02618231531387,0.0,1.4832396974191324,8911.329726814063,81.4616474176652,40.7308237088326,40.7308237088326,40.7308237088326,0.0,1.9235384061671346,7544.4174261502785
0.0,60.98196454690518,30.49098227345259,30.49098227345259,30.49098227345259,0.0,0.8366600265340753,6162.964408464485,81.45673698350555,40.728368491752775,40.728368491752775,40.728368491752775,0.0,1.6733200530681513,7557.442609772171,72.71313498949141,36.356567494745704,36.356567494745704,36.356567494745704,0.0,2.5099800796022267,8221.630939175024,76.17611174114887,38.088055870574436,38.088055870574436,38.088055870574436,0.0,1.673320053068151,7678.826524932048,61.61817913570637,30.809089567853185,30.809089567853185,30.809089567853185,0.0,1.8708286933869707,5807.140328939881,24.265201420964964,12.132600710482482,12.132600710482482,12.132600710482482,0.0,0.5477225575051661,1822.5363645206094,67.20119046564577,33.60059523282288,33.60059523282288,33.60059523282288,0.0,1.4832396974191326,7170.556373113595,74.90527351261726,37.45263675630863,37.45263675630863,37.45263675630863,0.0,2.0,8101.2954951661895,84.93997880856811,42.46998940428406,42.46998940428406,42.46998940428406,0.0,1.788854381999832,7658.674147657674,64.69312173639483,32.346560868197415,32.346560868197415,32.346560868197415,0.0,1.51657508881031,7295.885381501001,31.79308100829487,15.896540504147435,15.896540504147435,15.896540504147435,0.0,1.0954451150103326,2676.5693900962106,55.62373594069352,27.81186797034676,27.81186797034676,27.81186797034676,0.0,1.5811388300841898,5215.358041400417,56.78027826631356,28.39013913315678,28.39013913315678,28.39013913315678,0.0,2.0736441353327724,5928.1094962896905,75.93944956345153,37.969724781725766,37.969724781725766,37.969724781725766,0.0,1.51657508881031,7839.724835732438,61.699270660195005,30.849635330097502,30.849635330097502,30.849635330097502,0.0,1.5165750888103102,6770.160138430995,61.880530055906924,30.940265027953462,30.940265027953462,30.940265027953462,0.0,2.0493901531919194,6397.720125169591,95.70788891204319,47.853944456021594,47.853944456021594,47.853944456021594,0.0,3.209361307176242,9504.62473220274,64.36458653638661,32.182293268193305,32.182293268193305,32.182293268193305,0.0,2.0,8126.332826066134,84.49378675381996,42.24689337690998,42.24689337690998,42.24689337690998,0.0,1.4832396974191324,8912.278513376925,81.4616474176652,40.7308237088326,40.7308237088326,40.7308237088326,0.0,1.9235384061671346,7542.695618941547
0.0,60.4648658313239,30.23243291566195,30.23243291566195,30.23243291566195,0.0,0.8366600265340753,6167.063101671653,82.34561311933987,41.17280655966994,41.17280655966994,41.17280655966994,0.0,1.6733200530681513,7554.869145127532,73.14916267463353,36.574581337316765,36.574581337316765,36.574581337316765,0.0,2.5099800796022267,8222.31480788713,76.22335600063802,38.11167800031901,38.11167800031901,38.11167800031901,0.0,1.673320053068151,7680.161795170724,61.61817913570637,30.809089567853185,30.809089567853185,30.809089567853185,0.0,1.8708286933869707,5811.705988778166,24.265201420964964,12.132600710482482,12.132600710482482,12.132600710482482,0.0,0.5477225575051661,1819.676839441553,67.13270439956966,33.56635219978483,33.56635219978483,33.56635219978483,0.0,1.4832396974191326,7167.58405601218,74.47147104764348,37.23573552382174,37.23573552382174,37.23573552382174,0.0,2.0,8094.709445063485,84.87638069569178,42.43819034784589,42.43819034784589,42.43819034784589,0.0,1.788854381999832,7660.141793726797,64.31174076325411,32.155870381627054,32.155870381627054,32.155870381627054,0.0,1.51657508881031,7301.044664977745,31.79308100829487,15.896540504147435,15.896540504147435,15.896540504147435,0.0,1.0954451150103326,2681.518916584405,55.666866267107224,27.833433133553612,27.833433133553612,27.833433133553612,0.0,1.5811388300841898,5214.944457997612,57.19090836837618,28.59545418418809,28.59545418418809,28.59545418418809,0.0,2.0736441353327724,5933.024987306222,76.83749084919418,38.41874542459709,38.41874542459709,38.41874542459709,0.0,1.51657508881031,7844.877997776638,62.37627754202715,31.188138771013573,31.188138771013573,31.188138771013573,0.0,1.5165750888103102,6770.094105697498,61.880530055906924,30.940265027953462,30.940265027953462,30.940265027953462,0.0,2.0493901531919194,6397.800348557307,94.94208761134337,47.471043805671684,47.471043805671684,47.471043805671684,0.0,2.7748873851023217,9504.951304451803,63.94685293272844,31.97342646636422,31.97342646636422,31.97342646636422,0.0,2.0,8127.788764479549,84.32555958901192,42.16277979450596,42.16277979450596,42.16277979450596,0.0,1.4832396974191324,8910.466755451142,81.87062965435163,40.935314827175816,40.935314827175816,40.935314827175816,0.0,1.9235384061671346,7541.778125879864
0.0,59.45754788081998,29.72877394040999,29.72877394040999,29.72877394040999,0.0,0.8366600265340753,6165.796355702968,81.59166624110577,40.795833120552885,40.795833120552885,40.795833120552885,0.0,1.6733200530681513,7555.9746690946495,73.59347797189639,36.796738985948195,36.796738985948195,36.796738985948195,0.0,2.5099800796022267,8226.172025918253,75.83666659340982,37.91833329670491,37.91833329670491,37.91833329670491,0.0,1.673320053068151,7679.308139409435,61.14572756947128,30.57286378473564,30.57286378473564,30.57286378473564,0.0,1.8708286933869707,5814.480415307975,23.958297101421877,11.979148550710939,11.979148550710939,11.979148550710939,0.0,0.5477225575051661,1821.8943986960385,67.56626377120463,33.783131885602316,33.783131885602316,33.783131885602316,0.0,1.4832396974191326,7163.979850613763,74.47147104764348,37.23573552382174,37.23573552382174,37.23573552382174,0.0,2.0,8098.428816752049,86.55171864267052,43.27585932133526,43.27585932133526,43.27585932133526,0.0,1.788854381999832,7661.251151084919,64.69003014375554,32.34501507187777,32.34501507187777,32.34501507187777,0.0,1.51657508881031,7303.08628594788,31.79308100829487,15.896540504147435,15.896540504147435,15.896540504147435,0.0,1.0954451150103326,2684.1638735367856,55.666866267107224,27.833433133553612,27.833433133553612,27.833433133553612,0.0,1.5811388300841898,5212.253802339253,57.19090836837618,28.59545418418809,28.59545418418809,28.59545418418809,0.0,2.0736441353327724,5934.960041988488,76.35967522193897,38.179837610969486,38.179837610969486,38.179837610969486,0.0,1.51657508881031,7845.605986792862,62.680140395503265,31.340070197751633,31.340070197751633,31.340070197751633,0.0,1.5165750888103102,6769.984357441308,60.94915914104148,30.47457957052074,30.47457957052074,30.47457957052074,0.0,2.0493901531919194,6403.200629372783,94.07018656301263,47.03509328150631,47.03509328150631,47.03509328150631,0.0,2.7748873851023217,9500.80907081076,63.94685293272844,31.97342646636422,31.97342646636422,31.97342646636422,0.0,2.0,8131.306125094541,88.97864912438264,44.48932456219132,44.48932456219132,44.48932456219132,0.0,1.6733200530681511,9272.819652079943,81.94632389558424,40.97316194779212,40.97316194779212,40.97316194779212,0.0,1.9235384061671346,7540.751640254438
0.0,60.10989935110522,30.05494967555261,30.05494967555261,30.05494967555261,0.0,0.8366600265340753,6168.926592203866,81.59166624110577,40.795833120552885,40.795833120552885,40.795833120552885,0.0,1.6733200530681513,7559.821671177172,72.36850143536205,36.184250717681024,36.184250717681024,36.184250717681024,0.0,2.5099800796022267,8229.248161284237,75.1265598839718,37.5632799419859,37.5632799419859,37.5632799419859,0.0,1.673320053068151,7679.01521681003,60.75524668701461,30.377623343507306,30.377623343507306,30.377623343507306,0.0,1.6431676725154982,5813.49892921638,23.638950907347812,11.819475453673906,11.819475453673906,11.819475453673906,0.0,0.5477225575051661,1821.1847242935023,68.03822455061567,34.01911227530783,34.01911227530783,34.01911227530783,0.0,1.4832396974191326,7169.280905362824,73.75093219749836,36.87546609874918,36.87546609874918,36.87546609874918,0.0,2.0,8099.650344304993,86.3782380000889,43.18911900004445,43.18911900004445,43.18911900004445,0.0,1.788854381999832,7663.910176926658,64.69003014375554,32.34501507187777,32.34501507187777,32.34501507187777,0.0,1.51657508881031,7302.552553730784,31.79308100829487,15.896540504147435,15.896540504147435,15.896540504147435,0.0,1.0954451150103326,2681.7844245949377,55.03816857418131,27.519084287090656,27.519084287090656,27.519084287090656,0.0,1.5811388300841898,5211.9241360557035,56.73799432479086,28.36899716239543,28.36899716239543,28.36899716239543,0.0,1.8165902124584952,5935.148186861049,76.35967522193897,38.179837610969486,38.179837610969486,38.179837610969486,0.0,1.51657508881031,7843.803305794963,62.680140395503265,31.340070197751633,31.340070197751633,31.340070197751633,0.0,1.5165750888103102,6767.939036368457,60.94915914104148,30.47457957052074,30.47457957052074,30.47457957052074,0.0,2.0493901531919194,6405.900935855939,94.07018656301263,47.03509328150631,47.03509328150631,47.03509328150631,0.0,2.7748873851023217,9499.245380555238,63.94685293272844,31.97342646636422,31.97342646636422,31.97342646636422,0.0,2.0,8131.753211946363,88.97864912438264,44.48932456219132,44.48932456219132,44.48932456219132,0.0,1.6733200530681511,9277.601856083284,81.94632389558424,40.97316194779212,40.97316194779212,40.97316194779212,0.0,1.9235384061671346,7541.356091579286
0.0,60.76841284746542,30.38420642373271,30.38420642373271,30.38420642373271,0.0,0.8366600265340753,6170.849957663855,81.28222437901168,40.64111218950584,40.64111218950584,40.64111218950584,0.0,1.6733200530681513,7564.657976405807,71.97777434736365,35.988887173681825,35.988887173681825,35.988887173681825,0.0,2.5099800796022267,8228.260283923935,74.6511888719798,37.3255944359899,37.3255944359899,37.3255944359899,0.0,1.673320053068151,7675.582336213976,60.355612829296994,30.177806414648497,30.177806414648497,30.177806414648497,0.0,1.6431676725154982,5815.993982115181,24.232209969377532,12.116104984688766,12.116104984688766,12.116104984688766,0.0,0.5477225575051661,1818.3310479667887,67.21606950722423,33.60803475361212,33.60803475361212,33.60803475361212,0.0,1.4832396974191326,7171.499926793557,73.32939383357808,36.66469691678904,36.66469691678904,36.66469691678904,0.0,1.7888543819998317,8099.5466354605305,85.87665573367421,42.938327866837106,42.938327866837106,42.938327866837106,0.0,1.788854381999832,7665.346678396222,64.69003014375554,32.34501507187777,32.34501507187777,32.34501507187777,0.0,1.51657508881031,7302.094254390311,31.476975712415577,15.738487856207788,15.738487856207788,15.738487856207788,0.0,1.0954451150103326,2680.4138672973622,55.03816857418131,27.519084287090656,27.519084287090656,27.519084287090656,0.0,1.5811388300841898,5210.136063482411,56.73799432479086,28.36899716239543,28.36899716239543,28.36899716239543,0.0,1.8165902124584952,5934.378889150911,76.35967522193897,38.179837610969486,38.179837610969486,38.179837610969486,0.0,1.51657508881031,7849.030175760569,62.680140395503265,31.340070197751633,31.340070197751633,31.340070197751633,0.0,1.5165750888103102,6768.660332739411,60.94915914104148,30.47457957052074,30.47457957052074,30.47457957052074,0.0,2.0493901531919194,6405.027111574158,93.31023523708426,46.65511761854213,46.65511761854213,46.65511761854213,0.0,2.345207879911715,9496.775910802571,63.94685293272844,31.97342646636422,31.97342646636422,31.97342646636422,0.0,2.0,8136.814382791339,88.62730956087971,44.313654780439855,44.313654780439855,44.313654780439855,0.0,1.6733200530681511,9279.648145269302,82.23624505046422,41.11812252523211,41.11812252523211,41.11812252523211,0.0,1.9235384061671346,7538.665976152545
0.0,60.91633606841436,30.45816803420718,30.45816803420718,30.45816803420718,0.0,0.8366600265340753,6172.089613736988,80.9271277137648,40.4635638568824,40.4635638568824,40.4635638568824,0.0,1.6733200530681513,7561.5183991047725,72.01944181955314,36.00972090977657,36.00972090977657,36.00972090977657,0.0,2.5099800796022267,8226.406627440683,74.31823463995899,37.159117319979494,37.159117319979494,37.159117319979494,0.0,1.673320053068151,7674.399390180316,60.249481325568276,30.124740662784138,30.124740662784138,30.124740662784138,0.0,1.6431676725154982,5815.886630600704,24.05826261391292,12.02913130695646,12.02913130695646,12.02913130695646,0.0,0.5477225575051661,1821.6842481615743,65.70540312637918,32.85270156318959,32.85270156318959,32.85270156318959,0.0,1.4832396974191326,7171.019857732929,73.66138744281159,36.830693721405794,36.830693721405794,36.830693721405794,0.0,1.7888543819998317,8097.387337901035,85.87665573367421,42.938327866837106,42.938327866837106,42.938327866837106,0.0,1.788854381999832,7664.172277552221,63.94685293272844,31.97342646636422,31.97342646636422,31.97342646636422,0.0,1.51657508881031,7297.499400479592,31.164081889251932,15.582040944625966,15.582040944625966,15.582040944625966,0.0,1.0954451150103326,2680.4805912373254,54.06292629889729,27.031463149448644,27.031463149448644,27.031463149448644,0.0,1.5811388300841898,5211.205791369211,56.73799432479086,28.36899716239543,28.36899716239543,28.36899716239543,0.0,1.8165902124584952,5932.719570315118,76.35967522193897,38.179837610969486,38.179837610969486,38.179837610969486,0.0,1.51657508881031,7847.203769496495,63.06504578607709,31.532522893038546,31.532522893038546,31.532522893038546,0.0,1.5165750888103102,6768.780185528261,61.05735008989499,30.528675044947494,30.528675044947494,30.528675044947494,0.0,2.0493901531919194,6409.626510179824,93.31023523708426,46.65511761854213,46.65511761854213,46.65511761854213,0.0,2.345207879911715,9496.807358265198,63.94685293272844,31.97342646636422,31.97342646636422,31.97342646636422,0.0,2.0,8136.913591774218,87.84759530004222,43.92379765002111,43.92379765002111,43.92379765002111,0.0,1.6733200530681511,9281.891897668276,82.23624505046422,41.11812252523211,41.11812252523211,41.11812252523211,0.0,1.9235384061671346,7538.786427535933
0.0,60.91633606841436,30.45816803420718,30.45816803420718,30.45816803420718,0.0,0.8366600265340753,6168.072972979487,80.19226895405816,40.09613447702908,40.09613447702908,40.09613447702908,0.0,1.6733200530681513,7558.6278384373445,70.69087635614656,35.34543817807328,35.34543817807328,35.34543817807328,0.0,2.5099800796022267,8228.133992589084,75.02799477528372,37.51399738764186,37.51399738764186,37.51399738764186,0.0,1.673320053068151,7677.473197608703,16.1245154965971,8.06225774829855,8.06225774829855,8.06225774829855,0.0,0.5477225575051662,1547.5574302752063,23.731835158706122,11.865917579353061,11.865917579353061,11.865917579353061,0.0,0.5477225575051661,1820.8304424080789,65.70540312637918,32.85270156318959,32.85270156318959,32.85270156318959,0.0,1.4832396974191326,7173.811086166125,73.66138744281159,36.830693721405794,36.830693721405794,36.830693721405794,0.0,1.7888543819998317,8098.525495421991,85.87665573367421,42.938327866837106,42.938327866837106,42.938327866837106,0.0,1.788854381999832,7664.079807778622,64.82283548256741,32.41141774128371,32.41141774128371,32.41141774128371,0.0,1.51657508881031,7295.516006424768,31.336879231984796,15.668439615992398,15.668439615992398,15.668439615992398,0.0,1.0954451150103326,2678.7102680207877,54.10360431616363,27.051802158081816,27.051802158081816,27.051802158081816,0.0,1.5811388300841898,5211.668801833056,56.096345692032386,28.048172846016193,28.048172846016193,28.048172846016193,0.0,1.6431676725154982,5932.541386286319,76.17873719089862,38.08936859544931,38.08936859544931,38.08936859544931,0.0,1.51657508881031,7846.828830808023,63.06504578607709,31.532522893038546,31.532522893038546,31.532522893038546,0.0,1.5165750888103102,6769.201540802283,61.05735008989499,30.528675044947494,30.528675044947494,30.528675044947494,0.0,2.0493901531919194,6412.678792829093,93.6269192059634,46.8134596029817,46.8134596029817,46.8134596029817,0.0,2.345207879911715,9500.811375877327,63.94685293272844,31.97342646636422,31.97342646636422,31.97342646636422,0.0,2.0,8137.445035144631,87.84759530004222,43.92379765002111,43.92379765002111,43.92379765002111,0.0,1.6733200530681511,9283.823958908311,82.23624505046422,41.11812252523211,41.11812252523211,41.11812252523211,0.0,1.9235384061671346,7539.850973328319
0.0,60.67289345333714,30.33644672666857,30.33644672666857,30.33644672666857,0.0,0.8366600265340753,6165.665292569814,79.84985911070852,39.92492955535426,39.92492955535426,39.92492955535426,0.0,1.6733200530681513,7552.100138372107,70.91403246184778,35.45701623092389,35.45701623092389,35.45701623092389,0.0,2.16794833886788,8229.369070591014,75.02799477528372,37.51399738764186,37.51399738764186,37.51399738764186,0.0,1.673320053068151,7677.37153588388,16.211107303327555,8.105553651663778,8.105553651663778,8.105553651663778,0.0,0.547722557505166,1542.1797236379423,23.392306427541513,11.696153213770756,11.696153213770756,11.696153213770756,0.0,0.5477225575051661,1821.2829818564717,65.70540312637918,32.85270156318959,32.85270156318959,32.85270156318959,0.0,1.4832396974191326,7168.912769730149,73.66138744281159,36.830693721405794,36.830693721405794,36.830693721405794,0.0,1.7888543819998317,8099.480754962012,85.03646276745053,42.518231383725265,42.518231383725265,42.518231383725265,0.0,1.788854381999832,7664.652223030083,65.00153844333225,32.500769221666125,32.500769221666125,32.500769221666125,0.0,1.51657508881031,7298.1517386253345,31.336879231984796,15.668439615992398,15.668439615992398,15.668439615992398,0.0,1.0954451150103326,2677.3601364030205,54.735728733616035,27.367864366808018,27.367864366808018,27.367864366808018,0.0,1.5811388300841898,5213.109484750919,56.72741841473134,28.36370920736567,28.36370920736567,28.36370920736567,0.0,1.6431676725154982,6080.18965164739,76.0920495189872,38.0460247594936,38.0460247594936,38.0460247594936,0.0,1.51657508881031,7841.936195863876,63.06504578607709,31.532522893038546,31.532522893038546,31.532522893038546,0.0,1.5165750888103102,6772.386580814772,60.83748844257133,30.418744221285664,30.418744221285664,30.418744221285664,0.0,2.0493901531919194,6415.597579337407,93.6269192059634,46.8134596029817,46.8134596029817,46.8134596029817,0.0,2.345207879911715,9500.303768827605,64.55385348683686,32.27692674341843,32.27692674341843,32.27692674341843,0.0,2.0,8136.053078735414,87.52828114386801,43.76414057193401,43.76414057193401,43.76414057193401,0.0,1.6733200530681511,9280.721631425005,82.11698971589254,41.05849485794627,41.05849485794627,41.05849485794627,0.0,1.9235384061671346,7539.438792111784
0.0,61.01475231450178,30.50737615725089,30.50737615725089,30.50737615725089,0.0,0.8366600265340753,6166.210586738017,80.46614194802682,40.23307097401341,40.23307097401341,40.23307097401341,0.0,1.6733200530681513,7552.196951880956,71.36665888214188,35.68332944107094,35.68332944107094,35.68332944107094,0.0,2.16794833886788,8234.08772724702,74.79839570472083,37.399197852360416,37.399197852360416,37.399197852360416,0.0,1.673320053068151,7673.701277740749,16.45600194457937,8.228000972289685,8.228000972289685,8.228000972289685,0.0,0.547722557505166,1542.7311172074023,23.255106965997815,11.627553482998907,11.627553482998907,11.627553482998907,0.0,0.5477225575051661,1821.950383517619,65.64449710371768,32.82224855185884,32.82224855185884,32.82224855185884,0.0,1.4832396974191326,7167.793258737308,73.36756776669102,36.68378388334551,36.68378388334551,36.68378388334551,0.0,1.6733200530681511,8098.502052849033,85.70880934886448,42.85440467443224,42.85440467443224,42.85440467443224,0.0,1.788854381999832,7661.2072482083395,64.2588515303534,32.1294257651767,32.1294257651767,32.1294257651767,0.0,1.51657508881031,7297.45487824351,31.336879231984796,15.668439615992398,15.668439615992398,15.668439615992398,0.0,1.0954451150103326,2673.3652574984962,54.735728733616035,27.367864366808018,27.367864366808018,27.367864366808018,0.0,1.5811388300841898,5214.089901411367,42.19952606368939,21.099763031844695,21.099763031844695,21.099763031844695,0.0,1.0954451150103324,3701.8644896862443,76.0920495189872,38.0460247594936,38.0460247594936,38.0460247594936,0.0,1.51657508881031,7844.27697114272,63.727545064908945,31.863772532454472,31.863772532454472,31.863772532454472,0.0,1.5165750888103102,6775.85310496029,60.388740672413434,30.194370336206717,30.194370336206717,30.194370336206717,0.0,2.0493901531919194,6413.710041777692,93.64400674896392,46.82200337448196,46.82200337448196,46.82200337448196,0.0,2.345207879911715,9498.84010287572,63.74950980203691,31.874754901018456,31.874754901018456,31.874754901018456,0.0,2.0,8136.439251908663,87.20550441342564,43.60275220671282,43.60275220671282,43.60275220671282,0.0,1.6733200530681511,9278.527129884355,82.94576541331088,41.47288270665544,41.47288270665544,41.47288270665544,0.0,2.073644135332772,7536.549396109602
0.0,61.17842757050887,30.589213785254437,30.589213785254437,30.589213785254437,0.0,0.8366600265340753,6169.025895552717,80.46614194802682,40.23307097401341,40.23307097401341,40.23307097401341,0.0,1.6733200530681513,7549.765075815273,71.79972144792764,35.89986072396382,35.89986072396382,35.89986072396382,0.0,2.16794833886788,8236.473505086991,73.99189144764445,36.995945723822224,36.995945723822224,36.995945723822224,0.0,1.673320053068151,7672.278996491199,15.453155017665487,7.726577508832744,7.726577508832744,7.726577508832744,0.0,0.44721359549995787,1539.6969507016634,22.93468988235943,11.467344941179714,11.467344941179714,11.467344941179714,0.0,0.5477225575051661,1821.6077514108244,65.64449710371768,32.82224855185884,32.82224855185884,32.82224855185884,0.0,1.4832396974191326,7164.965854768605,73.04245340895936,36.52122670447968,36.52122670447968,36.52122670447968,0.0,1.51657508881031,8100.195540849616,85.14223393827531,42.571116969137655,42.571116969137655,42.571116969137655,0.0,1.788854381999832,7661.555279445551,64.2588515303534,32.1294257651767,32.1294257651767,32.1294257651767,0.0,1.51657508881031,7300.43667871998,31.029018676071598,15.514509338035799,15.514509338035799,15.514509338035799,0.0,1.0954451150103326,2670.4121966468024,54.79781017522507,27.398905087612533,27.398905087612533,27.398905087612533,0.0,1.5811388300841898,5214.633879765674,42.19952606368939,21.099763031844695,21.099763031844695,21.099763031844695,0.0,1.0954451150103324,3705.219737073633,76.0920495189872,38.0460247594936,38.0460247594936,38.0460247594936,0.0,1.51657508881031,7844.329882150546,63.92182725798755,31.960913628993776,31.960913628993776,31.960913628993776,0.0,1.5165750888103102,6779.370494374828,60.14316253739905,30.071581268699525,30.071581268699525,30.071581268699525,0.0,2.1213203435596424,6413.9542951287085,94.19766451457276,47.09883225728638,47.09883225728638,47.09883225728638,0.0,2.345207879911715,9499.166368687307,63.488581650561386,31.744290825280693,31.744290825280693,31.744290825280693,0.0,2.0,8140.019428723742,88.62730956087971,44.313654780439855,44.313654780439855,44.313654780439855,0.0,1.6733200530681511,9279.16794222413,83.35946257024453,41.679731285122266,41.679731285122266,41.679731285122266,0.0,2.073644135332772,7535.668205275495
0.0,61.17842757050887,30.589213785254437,30.589213785254437,30.589213785254437,0.0,0.8366600265340753,6170.297667049783,80.93948356642758,40.46974178321379,40.46974178321379,40.46974178321379,0.0,1.6733200530681513,7550.997563236265,71.79972144792764,35.89986072396382,35.89986072396382,35.89986072396382,0.0,2.16794833886788,8235.541919023908,73.9945943971585,36.99729719857925,36.99729719857925,36.99729719857925,0.0,1.673320053068151,7671.522971353211,15.658863304850707,7.829431652425353,7.829431652425353,7.829431652425353,0.0,0.7071067811865476,1538.5594561147125,22.74203157151973,11.371015785759864,11.371015785759864,11.371015785759864,0.0,0.5477225575051661,1818.6472170269856,65.54998093058457,32.774990465292284,32.774990465292284,32.774990465292284,0.0,1.4832396974191326,7164.568361038926,73.50374140137357,36.75187070068679,36.75187070068679,36.75187070068679,0.0,1.51657508881031,8098.001562113951,84.9776441189093,42.48882205945465,42.48882205945465,42.48882205945465,0.0,1.788854381999832,7666.054343663369,64.2588515303534,32.1294257651767,32.1294257651767,32.1294257651767,0.0,1.51657508881031,7299.107568737428,30.417100453527784,15.208550226763892,15.208550226763892,15.208550226763892,0.0,1.0954451150103326,2671.334909740821,54.79781017522507,27.398905087612533,27.398905087612533,27.398905087612533,0.0,1.5811388300841898,5213.275764814288,42.67551991481767,21.337759957408835,21.33775995740884,21.33775995740884,0.0,1.0954451150103324,3702.8123095830824,76.0920495189872,38.0460247594936,38.0460247594936,38.0460247594936,0.0,1.51657508881031,7846.219522802048,63.56728718452597,31.783643592262987,31.783643592262987,31.783643592262987,0.0,1.5165750888103102,6783.643305776034,60.14316253739905,30.071581268699525,30.071581268699525,30.071581268699525,0.0,2.1213203435596424,6412.124944197516,93.4387499916389,46.71937499581945,46.71937499581945,46.71937499581945,0.0,1.9235384061671343,9499.534814926466,62.810827092150284,31.405413546075142,31.405413546075142,31.405413546075142,0.0,2.0493901531919194,8141.041118923304,88.62730956087971,44.313654780439855,44.313654780439855,44.313654780439855,0.0,1.6733200530681511,9280.472116223398,83.35946257024453,41.679731285122266,41.679731285122266,41.679731285122266,0.0,2.073644135332772,7535.751973094656
0.0,61.17842757050887,30.589213785254437,30.589213785254437,30.589213785254437,0.0,0.8366600265340753,6169.078415776541,82.51060537894507,41.255302689472536,41.255302689472536,41.255302689472536,0.0,1.6733200530681513,7550.1702298689925,70.50390060131426,35.25195030065713,35.25195030065713,35.25195030065713,0.0,2.345207879911715,8015.605142470529,73.9945943971585,36.99729719857925,36.99729719857925,36.99729719857925,0.0,1.673320053068151,7669.332611120736,16.61324772583615,8.306623862918075,8.306623862918075,8.306623862918075,0.0,0.7071067811865476,1538.095965796673,22.74203157151973,11.371015785759864,11.371015785759864,11.371015785759864,0.0,0.5477225575051661,1817.182434429741,65.54998093058457,32.774990465292284,32.774990465292284,32.774990465292284,0.0,1.4832396974191326,7161.375601097879,73.65595698923475,36.827978494617376,36.827978494617376,36.827978494617376,0.0,1.51657508881031,8094.004219173597,84.75848040166836,42.37924020083418,42.37924020083418,42.37924020083418,0.0,1.788854381999832,7663.039977711196,64.2588515303534,32.1294257651767,32.1294257651767,32.1294257651767,0.0,1.51657508881031,7305.060458339821,30.417100453527784,15.208550226763892,15.208550226763892,15.208550226763892,0.0,1.0954451150103326,2675.1806481058434,53.19774431308154,26.59887215654077,26.59887215654077,26.59887215654077,0.0,1.4832396974191326,5214.761806640836,42.38867773356465,21.194338866782328,21.194338866782324,21.194338866782324,0.0,1.0954451150103324,3699.7471129794803,75.53012643971941,37.765063219859705,37.765063219859705,37.765063219859705,0.0,1.51657508881031,7850.304389003015,63.20759448041034,31.60379724020517,31.60379724020517,31.60379724020517,0.0,1.5165750888103102,6785.364654902491,60.88678017435312,30.44339008717656,30.44339008717656,30.44339008717656,0.0,2.1213203435596424,6410.661767711661,93.4387499916389,46.71937499581945,46.71937499581945,46.71937499581945,0.0,1.9235384061671343,9501.343036644872,62.408332776961764,31.204166388480882,31.204166388480882,31.204166388480882,0.0,2.0493901531919194,8138.247864251863,88.22017909752847,44.110089548764236,44.110089548764236,44.110089548764236,0.0,1.6733200530681511,9280.906760656526,83.35946257024453,41.679731285122266,41.679731285122266,41.679731285122266,0.0,2.073644135332772,7540.483472563281
0.0,60.67289345333714,30.33644672666857,30.33644672666857,30.33644672666857,0.0,0.5477225575051662,6165.520683608157,82.73572384405662,41.36786192202831,41.36786192202831,41.36786192202831,0.0,1.6733200530681513,7548.625391420613,70.57761684840315,35.28880842420158,35.28880842420158,35.28880842420158,0.0,2.345207879911715,8012.770326173089,73.9945943971585,36.99729719857925,36.99729719857925,36.99729719857925,0.0,1.673320053068151,7666.367960122969,16.61324772583615,8.306623862918075,8.306623862918075,8.306623862918075,0.0,0.7071067811865476,1537.5179023347987,22.74203157151973,11.371015785759864,11.371015785759864,11.371015785759864,0.0,0.5477225575051661,1815.1963254700577,65.54998093058457,32.774990465292284,32.774990465292284,32.774990465292284,0.0,1.4832396974191326,7164.840982185159,73.24752555547525,36.623762777737625,36.623762777737625,36.623762777737625,0.0,1.51657508881031,8096.5038442527775,84.75848040166836,42.37924020083418,42.37924020083418,42.37924020083418,0.0,1.788854381999832,7666.596767797299,63.520075566705685,31.760037783352843,31.760037783352843,31.760037783352843,0.0,1.140175425099138,7305.708261352899,29.946619174791667,14.973309587395834,14.973309587395834,14.973309587395834,0.0,1.0954451150103326,2677.3995219242124,53.19774431308154,26.59887215654077,26.59887215654077,26.59887215654077,0.0,1.4832396974191326,5210.586080279261,42.38867773356465,21.194338866782328,21.194338866782324,21.194338866782324,0.0,1.0954451150103324,3697.2720619397214,75.53012643971941,37.765063219859705,37.765063219859705,37.765063219859705,0.0,1.51657508881031,7846.448336667998,63.20759448041034,31.60379724020517,31.60379724020517,31.60379724020517,0.0,1.5165750888103102,6784.199230565093,60.88678017435312,30.44339008717656,30.44339008717656,30.44339008717656,0.0,2.1213203435596424,6410.974598296269,93.32309467650545,46.661547338252724,46.661547338252724,46.661547338252724,0.0,1.9235384061671343,9503.362078759286,62.408332776961764,31.204166388480882,31.204166388480882,31.204166388480882,0.0,2.0493901531919194,8138.885427378862,87.82482564742159,43.912412823710795,43.912412823710795,43.912412823710795,0.0,1.4832396974191324,9278.780399384394,83.27544656139648,41.63772328069824,41.63772328069824,41.63772328069824,0.0,2.073644135332772,7537.330250161525
0.0,60.67289345333714,30.33644672666857,30.33644672666857,30.33644672666857,0.0,0.5477225575051662,6164.62749888426,82.39660187167915,41.198300935839576,41.198300935839576,41.198300935839576,0.0,1.6733200530681513,7547.9904477946975,71.04364855495528,35.52182427747764,35.52182427747764,35.52182427747764,0.0,2.345207879911715,8011.247699328738,73.9945943971585,36.99729719857925,36.99729719857925,36.99729719857925,0.0,1.673320053068151,7659.792601630935,16.61324772583615,8.306623862918075,8.306623862918075,8.306623862918075,0.0,0.7071067811865476,1535.8630472799325,22.74203157151973,11.371015785759864,11.371015785759864,11.371015785759864,0.0,0.5477225575051661,1815.9810021032708,64.79197481170026,32.39598740585013,32.39598740585013,32.39598740585013,0.0,1.4832396974191326,7164.105478006309,72.8477865140733,36.42389325703665,36.42389325703665,36.42389325703665,0.0,1.51657508881031,8098.381770452662,84.75848040166836,42.37924020083418,42.37924020083418,42.37924020083418,0.0,1.788854381999832,7668.738051335435,63.93746945258312,31.96873472629156,31.96873472629156,31.96873472629156,0.0,1.140175425099138,7307.718542746429,31.572139617073784,15.786069808536892,15.786069808536892,15.786069808536892,0.0,1.0954451150103326,2674.0042445740432,53.19774431308154,26.59887215654077,26.59887215654077,26.59887215654077,0.0,1.4832396974191326,5210.34037275877,42.38867773356465,21.194338866782328,21.194338866782324,21.194338866782324,0.0,1.0954451150103324,3697.5696477551305,75.63861447699846,37.81930723849923,37.81930723849923,37.81930723849923,0.0,1.6431676725154984,7844.237362548382,63.20759448041034,31.60379724020517,31.60379724020517,31.60379724020517,0.0,1.5165750888103102,6783.052999940366,60.43839839042726,30.21919919521363,30.21919919521363,30.21919919521363,0.0,2.1213203435596424,6410.202945305243,92.5699735335384,46.2849867667692,46.2849867667692,46.2849867667692,0.0,1.9235384061671343,9505.185521598198,62.01612693485461,31.008063467427306,31.008063467427306,31.008063467427306,0.0,1.816590212458495,8137.754831647363,88.6949829471769,44.34749147358845,44.34749147358845,44.34749147358845,0.0,1.4832396974191324,9277.916021391873,82.57118141337206,41.28559070668603,41.28559070668603,41.28559070668603,0.0,2.073644135332772,7536.510187082613
0.0,60.441707454372924,30.220853727186462,30.220853727186462,30.220853727186462,0.0,0.5477225575051662,6166.573383979145,82.39660187167915,41.198300935839576,41.198300935839576,41.198300935839576,0.0,1.6733200530681513,7548.0509073535,71.04364855495528,35.52182427747764,35.52182427747764,35.52182427747764,0.0,2.345207879911715,8013.496409183696,74.71813702174326,37.35906851087163,37.35906851087163,37.35906851087163,0.0,1.673320053068151,7655.247461708864,16.61324772583615,8.306623862918075,8.306623862918075,8.306623862918075,0.0,0.7071067811865476,1535.5068218669692,22.74203157151973,11.371015785759864,11.371015785759864,11.371015785759864,0.0,0.5477225575051661,1818.2552626075358,64.79197481170026,32.39598740585013,32.39598740585013,32.39598740585013,0.0,1.4832396974191326,7164.090333042988,80.14486883138558,40.07243441569279,40.07243441569279,40.07243441569279,0.0,2.588435821108957,8913.252419852139,83.75679076946538,41.87839538473269,41.87839538473269,41.87839538473269,0.0,1.788854381999832,7667.43637078261,64.4111791539326,32.2055895769663,32.2055895769663,32.2055895769663,0.0,1.140175425099138,7308.425446017767,31.673332631726648,15.836666315863324,15.836666315863324,15.836666315863324,0.0,1.0954451150103326,2674.1156856052435,52.41373865695901,26.206869328479506,26.206869328479506,26.206869328479506,0.0,1.4832396974191326,5209.463580830564,42.16633728461603,21.083168642308014,21.083168642308014,21.083168642308014,0.0,1.0954451150103324,3696.747529924109,75.63861447699846,37.81930723849923,37.81930723849923,37.81930723849923,0.0,1.6431676725154984,7846.34885153598,63.20759448041034,31.60379724020517,31.60379724020517,31.60379724020517,0.0,1.5165750888103102,6783.25940827859,60.56401571890688,30.28200785945344,30.28200785945344,30.28200785945344,0.0,2.1213203435596424,6413.278529738124,92.9020990075036,46.4510495037518,46.4510495037518,46.4510495037518,0.0,1.9235384061671343,9503.176768849458,61.165349667928815,30.582674833964408,30.582674833964408,30.582674833964408,0.0,1.816590212458495,8135.040516186751,88.03862788571843,44.01931394285921,44.01931394285921,44.01931394285921,0.0,1.4832396974191324,9276.498542014655,81.87062965435163,40.935314827175816,40.935314827175816,40.935314827175816,0.0,2.073644135332772,7536.009720004347
0.0,60.876925020897694,30.438462510448847,30.438462510448847,30.438462510448847,0.0,0.5477225575051662,6164.434102170288,81.64557550780079,40.82278775390039,40.82278775390039,40.82278775390039,0.0,1.6733200530681513,7544.8306342819915,71.51782994470679,35.758914972353395,35.758914972353395,35.758914972353395,0.0,2.345207879911715,8011.666193745219,75.18776496212665,37.593882481063325,37.593882481063325,37.593882481063325,0.0,1.673320053068151,7653.047216632079,16.61324772583615,8.306623862918075,8.306623862918075,8.306623862918075,0.0,0.7071067811865476,1534.6751447782037,22.378561169118985,11.189280584559492,11.189280584559492,11.189280584559492,0.0,0.547722557505166,1820.3986651280536,64.5693425706039,32.28467128530195,32.28467128530195,32.28467128530195,0.0,1.4832396974191326,7164.141295368204,79.93247149938503,39.966235749692515,39.966235749692515,39.966235749692515,0.0,2.588435821108957,8909.726550237106,83.75679076946538,41.87839538473269,41.87839538473269,41.87839538473269,0.0,1.788854381999832,7670.15008327738,64.4111791539326,32.2055895769663,32.2055895769663,32.2055895769663,0.0,1.140175425099138,7307.4184223978855,31.22819239085093,15.614096195425464,15.614096195425464,15.614096195425464,0.0,1.0954451150103326,2671.11049939908,51.78030513621951,25.890152568109755,25.890152568109755,25.890152568109755,0.0,1.4832396974191326,5212.762559334542,41.6076915966267,20.80384579831335,20.80384579831335,20.80384579831335,0.0,1.0954451150103324,3700.810181568355,76.72548468403441,38.36274234201721,38.36274234201721,38.36274234201721,0.0,1.6431676725154984,7849.139876445061,62.52999280345393,31.264996401726965,31.264996401726965,31.264996401726965,0.0,1.224744871391589,6785.36852352177,60.70255348830064,30.35127674415032,30.35127674415032,30.35127674415032,0.0,2.1213203435596424,6414.530809030384,93.46015193653389,46.730075968266945,46.730075968266945,46.730075968266945,0.0,1.9235384061671343,9501.05589921457,60.50454528380492,30.25227264190246,30.25227264190246,30.25227264190246,0.0,1.816590212458495,8137.679693868517,88.03862788571843,44.01931394285921,44.01931394285921,44.01931394285921,0.0,1.4832396974191324,9278.065380239568,82.08044834185544,41.04022417092772,41.04022417092772,41.04022417092772,0.0,2.073644135332772,7538.059113591508
0.0,59.959986657770365,29.979993328885183,29.979993328885183,29.979993328885183,0.0,0.5477225575051662,6164.789858543436,81.19605901766415,40.59802950883208,40.59802950883208,40.59802950883208,0.0,1.51657508881031,7541.562258577463,71.14773362518304,35.57386681259152,35.57386681259152,35.57386681259152,0.0,2.345207879911715,8011.206513378618,74.95865527075576,37.47932763537788,37.47932763537788,37.47932763537788,0.0,1.673320053068151,7654.655361281787,16.61324772583615,8.306623862918075,8.306623862918075,8.306623862918075,0.0,0.7071067811865476,1530.7040210308458,21.844907873461036,10.922453936730518,10.922453936730518,10.922453936730518,0.0,0.547722557505166,1819.192870478554,63.802821254236086,31.901410627118043,31.901410627118043,31.901410627118043,0.0,1.4832396974191326,7161.763386205942,80.65234032562229,40.326170162811145,40.326170162811145,40.326170162811145,0.0,2.588435821108957,8908.086028996353,84.11183032130499,42.055915160652496,42.055915160652496,42.055915160652496,0.0,1.4142135623730951,7671.068719546189,64.4111791539326,32.2055895769663,32.2055895769663,32.2055895769663,0.0,1.140175425099138,7306.704202306262,31.22178726466504,15.61089363233252,15.61089363233252,15.61089363233252,0.0,1.0954451150103326,2671.362480083899,51.15466743123251,25.577333715616255,25.577333715616255,25.577333715616255,0.0,1.4832396974191326,5209.149757877959,41.6076915966267,20.80384579831335,20.80384579831335,20.80384579831335,0.0,1.0954451150103324,3701.6308838132413,76.72548468403441,38.36274234201721,38.36274234201721,38.36274234201721,0.0,1.6431676725154984,7848.618572717112,62.52999280345393,31.264996401726965,31.264996401726965,31.264996401726965,0.0,1.224744871391589,6784.862725214121,61.155539405682624,30.577769702841312,30.577769702841312,30.577769702841312,0.0,2.1213203435596424,6415.5872061721675,92.4380873882622,46.2190436941311,46.2190436941311,46.2190436941311,0.0,1.9235384061671343,9502.077493895744,60.50454528380492,30.25227264190246,30.25227264190246,30.25227264190246,0.0,1.816590212458495,8144.042884219115,87.91586887473728,43.95793443736864,43.95793443736864,43.95793443736864,0.0,1.4832396974191324,9276.758852099154,82.08044834185544,41.04022417092772,41.04022417092772,41.04022417092772,0.0,2.073644135332772,7535.742597780261
0.0,59.959986657770365,29.979993328885183,29.979993328885183,29.979993328885183,0.0,0.5477225575051662,6162.050941042276,80.8084154033477,40.40420770167385,40.40420770167385,40.40420770167385,0.0,1.51657508881031,7541.395341712302,71.14773362518304,35.57386681259152,35.57386681259152,35.57386681259152,0.0,2.345207879911715,8008.0006243756,75.67033764957046,37.83516882478523,37.83516882478523,37.83516882478523,0.0,1.673320053068151,7659.25713108001,15.658863304850707,7.829431652425353,7.829431652425353,7.829431652425353,0.0,0.7071067811865476,1533.8177205913355,21.881499034572563,10.940749517286282,10.940749517286282,10.940749517286282,0.0,0.547722557505166,1815.5795768844725,63.802821254236086,31.901410627118043,31.901410627118043,31.901410627118043,0.0,1.4832396974191326,7164.7276500925,81.37567204023571,40.68783602011786,40.68783602011786,40.68783602011786,0.0,2.588435821108957,8908.637258301631,84.11183032130499,42.055915160652496,42.055915160652496,42.055915160652496,0.0,1.4142135623730951,7668.445572604659,65.88474785563044,32.94237392781522,32.94237392781522,32.94237392781522,0.0,1.140175425099138,7305.986298919537,31.324112118302732,15.662056059151366,15.662056059151366,15.662056059151366,0.0,1.0954451150103326,2669.8361934770455,51.15466743123251,25.577333715616255,25.577333715616255,25.577333715616255,0.0,1.4832396974191326,5213.205827511513,41.6076915966267,20.80384579831335,20.80384579831335,20.80384579831335,0.0,1.0954451150103324,3704.741866851185,76.249590162833,38.1247950814165,38.1247950814165,38.1247950814165,0.0,1.4142135623730951,7847.53284797203,62.167515633166495,31.083757816583248,31.083757816583248,31.083757816583248,0.0,1.224744871391589,6785.910845273463,61.30905316509136,30.65452658254568,30.65452658254568,30.65452658254568,0.0,2.1213203435596424,6415.884755822848,92.76852914647294,46.38426457323647,46.38426457323647,46.38426457323647,0.0,1.9235384061671343,9500.934743487085,60.50454528380492,30.25227264190246,30.25227264190246,30.25227264190246,0.0,1.816590212458495,8148.379329658138,87.91586887473728,43.95793443736864,43.95793443736864,43.95793443736864,0.0,1.4832396974191324,9273.65352490592,81.03579456018186,40.51789728009093,40.51789728009093,40.51789728009093,0.0,2.073644135332772,7537.832400630834
0.0,60.62012867026925,30.310064335134626,30.310064335134626,30.310064335134626,0.0,0.5477225575051662,6161.412281287465,80.08245750474944,40.04122875237472,40.04122875237472,40.04122875237472,0.0,1.51657508881031,7543.099913165674,71.22359159716673,35.611795798583366,35.611795798583366,35.611795798583366,0.0,2.345207879911715,8011.797707131652,76.32299784468637,38.161498922343185,38.161498922343185,38.161498922343185,0.0,1.673320053068151,7658.834787355058,15.006665185843257,7.503332592921629,7.503332592921629,7.503332592921629,0.0,0.7071067811865476,1531.68012326334,21.540659228538015,10.770329614269007,10.770329614269007,10.770329614269007,0.0,0.547722557505166,1815.349745916748,63.802821254236086,31.901410627118043,31.901410627118043,31.901410627118043,0.0,1.4832396974191326,7169.184437577262,80.88757630192661,40.44378815096331,40.44378815096331,40.44378815096331,0.0,2.23606797749979,8909.382930371778,84.76555904375314,42.38277952187657,42.38277952187657,42.38277952187657,0.0,1.4142135623730951,7670.8139203085875,65.88474785563044,32.94237392781522,32.94237392781522,32.94237392781522,0.0,1.140175425099138,7304.172403496511,31.324112118302732,15.662056059151366,15.662056059151366,15.662056059151366,0.0,1.0954451150103326,2666.793299076627,51.92301994298868,25.96150997149434,25.96150997149434,25.96150997149434,0.0,1.4832396974191326,5213.46271685144,41.65093036175783,20.825465180878915,20.825465180878915,20.825465180878915,0.0,1.0954451150103324,3702.187366949436,76.249590162833,38.1247950814165,38.1247950814165,38.1247950814165,0.0,1.4142135623730951,7851.100642585089,61.81585557120438,30.90792778560219,30.90792778560219,30.90792778560219,0.0,1.224744871391589,6782.735119404266,61.30905316509136,30.65452658254568,30.65452658254568,30.65452658254568,0.0,2.1213203435596424,6414.270948439893,92.76852914647294,46.38426457323647,46.38426457323647,46.38426457323647,0.0,1.9235384061671343,9504.073531912512,60.08327554319921,30.041637771599603,30.041637771599603,30.041637771599603,0.0,1.816590212458495,8146.2416794494875,87.91586887473728,43.95793443736864,43.95793443736864,43.95793443736864,0.0,1.4832396974191324,9274.588077106175,81.12213014954673,40.56106507477337,40.56106507477337,40.56106507477337,0.0,2.073644135332772,7544.848924928849
0.0,60.62012867026925,30.310064335134626,30.310064335134626,30.310064335134626,0.0,0.5477225575051662,6162.979498586702,79.7445922931455,39.87229614657275,39.87229614657275,39.87229614657275,0.0,1.51657508881031,7541.93918697307,71.22359159716673,35.611795798583366,35.611795798583366,35.611795798583366,0.0,2.345207879911715,8012.45541017234,75.88675773809288,37.94337886904644,37.94337886904644,37.94337886904644,0.0,1.673320053068151,7657.326132534777,14.99333185119305,7.496665925596525,7.496665925596525,7.496665925596525,0.0,0.7071067811865476,1531.6653355090334,21.540659228538015,10.770329614269007,10.770329614269007,10.770329614269007,0.0,0.547722557505166,1817.4832323848273,63.802821254236086,31.901410627118043,31.901410627118043,31.901410627118043,0.0,1.4832396974191326,7173.414584422121,80.88757630192661,40.44378815096331,40.44378815096331,40.44378815096331,0.0,2.23606797749979,8906.211832198918,85.97674104081871,42.988370520409354,42.988370520409354,42.988370520409354,0.0,1.7888543819998315,7673.991366948493,65.88474785563044,32.94237392781522,32.94237392781522,32.94237392781522,0.0,1.140175425099138,7303.417706800015,46.89136381040756,23.44568190520378,23.44568190520378,23.44568190520378,0.0,1.3416407864998738,4280.3836276670345,53.47148772944325,26.735743864721623,26.735743864721623,26.735743864721623,0.0,1.4832396974191326,5214.674553603513,42.553495743593146,21.276747871796573,21.276747871796573,21.276747871796573,0.0,1.0954451150103324,3705.3608056436283,76.35967522193897,38.179837610969486,38.179837610969486,38.179837610969486,0.0,1.4142135623730951,7851.390068007066,61.475198251002006,30.737599125501003,30.737599125501003,30.737599125501003,0.0,1.095445115010332,6781.421362811781,61.36122554186805,30.680612770934026,30.680612770934026,30.680612770934026,0.0,2.1213203435596424,6412.452066097649,92.76852914647294,46.38426457323647,46.38426457323647,46.38426457323647,0.0,1.9235384061671343,9504.30491935102,60.70255348830064,30.35127674415032,30.35127674415032,30.35127674415032,0.0,1.816590212458495,8147.863720018886,87.91586887473728,43.95793443736864,43.95793443736864,43.95793443736864,0.0,1.4832396974191324,9276.680047301405,76.96232844710455,38.48116422355228,38.48116422355228,38.48116422355228,0.0,2.073644135332772,7670.524154189204
0.0,60.11655346075655,30.058276730378275,30.058276730378275,30.058276730378275,0.0,0.5477225575051662,6161.826214686682,79.7445922931455,39.87229614657275,39.87229614657275,39.87229614657275,0.0,1.51657508881031,7539.913646720365,71.04364855495528,35.52182427747764,35.52182427747764,35.52182427747764,0.0,2.345207879911715,8011.027044018763,75.68355171369801,37.841775856849004,37.841775856849004,37.841775856849004,0.0,1.673320053068151,7660.770737987138,14.99333185119305,7.496665925596525,7.496665925596525,7.496665925596525,0.0,0.7071067811865476,1535.3802460628442,21.540659228538015,10.770329614269007,10.770329614269007,10.770329614269007,0.0,0.547722557505166,1815.9785791688184,63.802821254236086,31.901410627118043,31.901410627118043,31.901410627118043,0.0,1.4832396974191326,7175.234121615824,82.34804187107305,41.174020935536525,41.174020935536525,41.174020935536525,0.0,2.23606797749979,8903.305004322832,85.80675964048521,42.903379820242606,42.903379820242606,42.903379820242606,0.0,1.7888543819998315,7676.220033323693,66.45900992341069,33.229504961705345,33.229504961705345,33.229504961705345,0.0,1.140175425099138,7303.651367637971,46.848692617830864,23.424346308915432,23.424346308915432,23.424346308915432,0.0,1.3416407864998738,4281.972349280178,54.25126726630448,27.12563363315224,27.12563363315224,27.12563363315224,0.0,1.4832396974191326,5210.023128547512,41.96665342864499,20.983326714322494,20.983326714322494,20.983326714322494,0.0,1.140175425099138,3708.4495412503593,77.28648005958092,38.64324002979046,38.64324002979046,38.64324002979046,0.0,1.4142135623730951,7848.426676729547,61.475198251002006,30.737599125501003,30.737599125501003,30.737599125501003,0.0,1.095445115010332,6780.918411247845,61.36122554186805,30.680612770934026,30.680612770934026,30.680612770934026,0.0,2.1213203435596424,6417.695941691224,92.35366803760422,46.17683401880211,46.17683401880211,46.17683401880211,0.0,1.9235384061671343,9500.689301308616,61.165349667928815,30.582674833964408,30.582674833964408,30.582674833964408,0.0,1.816590212458495,8150.912175946935,87.56254907207762,43.78127453603881,43.78127453603881,43.78127453603881,0.0,1.224744871391589,9276.495334985082,77.16994233508278,38.58497116754139,38.58497116754139,38.58497116754139,0.0,2.073644135332772,7669.187192916861
0.0,59.42390091537243,29.711950457686214,29.711950457686214,29.711950457686214,0.0,0.5477225575051662,6162.195931646445,79.7445922931455,39.87229614657275,39.87229614657275,39.87229614657275,0.0,1.51657508881031,7537.538868888173,71.04364855495528,35.52182427747764,35.52182427747764,35.52182427747764,0.0,2.345207879911715,8009.153525810328,75.68355171369801,37.841775856849004,37.841775856849004,37.841775856849004,0.0,1.673320053068151,7659.129173737704,13.754999091239519,6.877499545619759,6.877499545619759,6.877499545619759,0.0,0.7071067811865476,1530.1946608193352,22.072607458114234,11.036303729057117,11.036303729057117,11.036303729057117,0.0,0.547722557505166,1816.253974531095,63.802821254236086,31.901410627118043,31.901410627118043,31.901410627118043,0.0,1.4832396974191326,7175.444536751713,83.08309093913154,41.54154546956577,41.54154546956577,41.54154546956577,0.0,2.23606797749979,8907.393378536732,85.80675964048521,42.903379820242606,42.903379820242606,42.903379820242606,0.0,1.7888543819998315,7673.56531867684,65.73583497606157,32.867917488030784,32.867917488030784,32.867917488030784,0.0,1.140175425099138,7297.410122776436,47.71582546702928,23.85791273351464,23.85791273351464,23.85791273351464,0.0,1.3416407864998738,4283.863875054855,55.03453461236863,27.517267306184316,27.517267306184316,27.517267306184316,0.0,1.4832396974191326,5206.8296688099945,41.66533331199932,20.83266665599966,20.83266665599966,20.83266665599966,0.0,1.140175425099138,3708.559787842175,76.80364574680033,38.401822873400164,38.401822873400164,38.401822873400164,0.0,1.4142135623730951,7847.498040777073,60.97540487770459,30.487702438852295,30.487702438852295,30.487702438852295,0.0,1.095445115010332,6781.289073620148,61.02458520956943,30.512292604784715,30.512292604784715,30.512292604784715,0.0,2.1213203435596424,6418.400540633157,91.60349338316743,45.801746691583716,45.801746691583716,45.801746691583716,0.0,1.5165750888103102,9501.97456847786,61.569472955353454,30.784736477676727,30.784736477676727,30.784736477676727,0.0,1.51657508881031,8147.612012117415,88.20884309410253,44.10442154705127,44.10442154705127,44.10442154705127,0.0,1.6431676725154984,9280.934220217274,76.49052228871234,38.24526114435617,38.24526114435617,38.24526114435617,0.0,1.6733200530681511,7666.513105708488
0.0,60.093260853443454,30.046630426721727,30.046630426721727,30.046630426721727,0.0,0.5477225575051662,6163.138226585544,79.98749902328488,39.99374951164244,39.99374951164244,39.99374951164244,0.0,1.51657508881031,7542.79757782217,71.04364855495528,35.52182427747764,35.52182427747764,35.52182427747764,0.0,2.345207879911715,8004.98197999221,75.40026525152282,37.70013262576141,37.70013262576141,37.70013262576141,0.0,1.4832396974191324,7655.755926099003,14.324803663575986,7.162401831787993,7.162401831787993,7.162401831787993,0.0,0.7071067811865476,1529.1669954586387,22.072607458114234,11.036303729057117,11.036303729057117,11.036303729057117,0.0,0.547722557505166,1815.0588144740655,63.733821476512766,31.866910738256383,31.866910738256383,31.866910738256383,0.0,1.4832396974191326,7178.401820739767,83.13362737184033,41.56681368592017,41.56681368592017,41.56681368592017,0.0,2.588435821108957,8905.632386304747,86.52860798602968,43.26430399301484,43.26430399301484,43.26430399301484,0.0,1.7888543819998315,7672.48893775677,64.50736392071839,32.253681960359195,32.253681960359195,32.253681960359195,0.0,1.140175425099138,7299.6507793181445,47.7619095095663,23.88095475478315,23.88095475478315,23.88095475478315,0.0,1.3416407864998738,4281.567645150548,54.085118101008156,27.042559050504078,27.042559050504078,27.042559050504078,0.0,1.4832396974191326,5207.858148989851,41.17280655966994,20.58640327983497,20.58640327983497,20.58640327983497,0.0,1.140175425099138,3709.3521401991484,76.33609893097761,38.16804946548881,38.16804946548881,38.16804946548881,0.0,1.4142135623730951,7850.765981737069,59.58858951175132,29.79429475587566,29.79429475587566,29.79429475587566,0.0,1.095445115010332,6777.478454410608,60.55410803570638,30.27705401785319,30.27705401785319,30.27705401785319,0.0,1.9235384061671346,6422.757063753852,90.85592991104103,45.427964955520515,45.427964955520515,45.427964955520515,0.0,1.5165750888103102,9499.709021859564,61.3123152392731,30.65615761963655,30.65615761963655,30.65615761963655,0.0,1.51657508881031,8144.604183138675,87.85897791347222,43.92948895673611,43.92948895673611,43.92948895673611,0.0,1.6431676725154984,9281.148732780872,75.79709756976187,37.89854878488094,37.89854878488094,37.89854878488094,0.0,1.6733200530681511,7666.563232635598
0.0,60.093260853443454,30.046630426721727,30.046630426721727,30.046630426721727,0.0,0.5477225575051662,6163.472535835623,79.98749902328488,39.99374951164244,39.99374951164244,39.99374951164244,0.0,1.51657508881031,7541.963855654573,71.596089278675,35.7980446393375,35.7980446393375,35.7980446393375,0.0,2.345207879911715,8009.724246189752,75.40026525152282,37.70013262576141,37.70013262576141,37.70013262576141,0.0,1.4832396974191324,7656.714850378065,14.324803663575986,7.162401831787993,7.162401831787993,7.162401831787993,0.0,0.7071067811865476,1529.937907236761,22.072607458114234,11.036303729057117,11.036303729057117,11.036303729057117,0.0,0.547722557505166,1816.4388786854347,64.5693425706039,32.28467128530195,32.28467128530195,32.28467128530195,0.0,1.5811388300841898,7184.045635990908,82.66317196914234,41.33158598457117,41.33158598457117,41.33158598457117,0.0,2.302172886644268,8903.897281527903,87.05630362012852,43.52815181006426,43.52815181006426,43.52815181006426,0.0,1.7888543819998315,7670.087567948622,64.58482793969495,32.29241396984747,32.29241396984747,32.29241396984747,0.0,1.140175425099138,7299.2920684132105,48.93669379923413,24.468346899617064,24.468346899617064,24.468346899617064,0.0,1.3416407864998738,4281.553841772868,55.65968020030299,27.829840100151493,27.829840100151493,27.829840100151493,0.0,1.4832396974191326,5207.446908034685,42.00952272997159,21.004761364985796,21.004761364985796,21.004761364985796,0.0,1.140175425099138,3711.0942860563378,76.33609893097761,38.16804946548881,38.16804946548881,38.16804946548881,0.0,1.4142135623730951,7845.243463398698,59.58858951175132,29.79429475587566,29.79429475587566,29.79429475587566,0.0,1.095445115010332,6775.887565478046,59.608724193695004,29.804362096847502,29.804362096847502,29.804362096847502,0.0,1.9235384061671346,6430.185743817981,90.85592991104103,45.427964955520515,45.427964955520515,45.427964955520515,0.0,1.5165750888103102,9498.936008838044,61.7834929410761,30.89174647053805,30.89174647053805,30.89174647053805,0.0,1.51657508881031,8148.968812064506,87.01264275954387,43.50632137977193,43.50632137977193,43.50632137977193,0.0,1.6431676725154984,9280.853635307476,75.63068160475615,37.815340802378074,37.815340802378074,37.815340802378074,0.0,1.6733200530681511,7665.885676162931
0.0,60.471480881486606,30.235740440743303,30.235740440743303,30.235740440743303,0.0,0.5477225575051662,6163.409145919164,80.08245750474944,40.04122875237472,40.04122875237472,40.04122875237472,0.0,1.3038404810405297,7544.5540292319465,71.77186078122818,35.88593039061409,35.88593039061409,35.88593039061409,0.0,2.5884358211089564,8009.4942599392625,75.19840423838794,37.59920211919397,37.59920211919397,37.59920211919397,0.0,1.4832396974191324,7656.888839469984,14.310835055998652,7.155417527999327,7.155417527999326,7.155417527999326,0.0,0.7071067811865476,1525.320523693299,21.83575050232989,10.917875251164945,10.917875251164945,10.917875251164945,0.0,0.547722557505166,1813.6505176025505,64.5693425706039,32.28467128530195,32.28467128530195,32.28467128530195,0.0,1.5811388300841898,7184.581998975305,81.74350127074322,40.87175063537161,40.87175063537161,40.87175063537161,0.0,2.302172886644268,8905.112593336482,86.85159756734473,43.42579878367236,43.42579878367236,43.42579878367236,0.0,1.7888543819998315,7671.295346941089,65.09070594178559,32.54535297089279,32.54535297089279,32.54535297089279,0.0,1.140175425099138,7298.26891803803,48.27007354458868,24.13503677229434,24.13503677229434,24.13503677229434,0.0,1.6431676725154982,4280.308376741096,55.666866267107224,27.833433133553612,27.833433133553612,27.833433133553612,0.0,1.4832396974191326,5206.926233393364,42.00952272997159,21.004761364985796,21.004761364985796,21.004761364985796,0.0,1.140175425099138,3713.761974063497,75.30471432785599,37.652357163927995,37.652357163927995,37.652357163927995,0.0,1.4142135623730951,7847.2446438224415,59.47436422526936,29.73718211263468,29.73718211263468,29.73718211263468,0.0,1.095445115010332,6777.187359074559,59.608724193695004,29.804362096847502,29.804362096847502,29.804362096847502,0.0,1.9235384061671346,6432.697746668966,90.11104260855048,45.05552130427524,45.05552130427524,45.05552130427524,0.0,1.5165750888103102,9500.940058752081,61.37426170635375,30.687130853176875,30.687130853176875,30.687130853176875,0.0,1.51657508881031,8144.7484184595905,87.01264275954387,43.50632137977193,43.50632137977193,43.50632137977193,0.0,1.6431676725154984,9278.766577514492,76.03157238936993,38.015786194684964,38.015786194684964,38.015786194684964,0.0,1.6733200530681511,7662.622703748371
0.0,60.471480881486606,30.235740440743303,30.235740440743303,30.235740440743303,0.0,0.5477225575051662,6164.122995203778,81.1714235430179,40.58571177150895,40.58571177150895,40.58571177150895,0.0,1.3038404810405297,7546.05749381755,71.87489130426563,35.937445652132816,35.937445652132816,35.937445652132816,0.0,2.408318915758459,8009.160330521546,75.55924827577363,37.77962413788681,37.77962413788681,37.77962413788681,0.0,1.4832396974191324,7653.346346533652,14.352700094407323,7.176350047203662,7.176350047203662,7.176350047203662,0.0,0.7071067811865476,1521.9817015982815,21.743964679883014,10.871982339941507,10.871982339941507,10.871982339941507,0.0,0.44721359549995804,1811.9633550378442,64.51976441370505,32.259882206852524,32.259882206852524,32.259882206852524,0.0,1.5811388300841898,7183.752556985798,82.01707139370437,41.008535696852185,41.008535696852185,41.008535696852185,0.0,2.302172886644268,8906.539743357125,86.36434449470453,43.18217224735226,43.18217224735226,43.18217224735226,0.0,1.7888543819998315,7676.111958537343,65.4828221749796,32.7414110874898,32.7414110874898,32.7414110874898,0.0,1.140175425099138,7300.591928056245,48.27007354458868,24.13503677229434,24.13503677229434,24.13503677229434,0.0,1.6431676725154982,4274.198544756666,55.61654430113399,27.808272150566996,27.808272150566996,27.808272150566996,0.0,1.4832396974191326,5208.615103844783,42.00952272997159,21.004761364985796,21.004761364985796,21.004761364985796,0.0,1.140175425099138,3715.245577347479,75.68355171369801,37.841775856849004,37.841775856849004,37.841775856849004,0.0,1.4142135623730951,7845.659213858323,59.3397000329459,29.66985001647295,29.66985001647295,29.66985001647295,0.0,1.095445115010332,6778.967937673108,59.133746710317624,29.566873355158812,29.566873355158812,29.566873355158812,0.0,1.9235384061671346,6436.238940561483,105.97546885954314,52.98773442977157,52.98773442977157,52.98773442977157,0.0,3.9749213828703582,10856.42776423258,60.975404877704584,30.487702438852292,30.487702438852292,30.487702438852292,0.0,1.51657508881031,8144.913922197091,86.91835249243971,43.459176246219855,43.459176246219855,43.459176246219855,0.0,1.6431676725154984,9279.587075942549,75.77070674079793,37.88535337039897,37.88535337039897,37.88535337039897,0.0,1.6733200530681511,7665.187355831558
0.0,61.13918547053109,30.569592735265545,30.569592735265545,30.569592735265545,0.0,0.5477225575051662,6165.899569405911,81.1714235430179,40.58571177150895,40.58571177150895,40.58571177150895,0.0,1.3038404810405297,7541.896790595852,72.35191773546849,36.175958867734245,36.175958867734245,36.175958867734245,0.0,2.408318915758459,8006.992244282494,76.26794870717319,38.133974353586595,38.133974353586595,38.133974353586595,0.0,1.4832396974191324,7653.374399570427,14.099645385611655,7.049822692805828,7.049822692805828,7.049822692805828,0.0,0.7071067811865476,1519.3924772750456,22.512218904408336,11.256109452204168,11.256109452204168,11.256109452204168,0.0,0.44721359549995804,1808.8030019877788,64.45153217728807,32.225766088644036,32.225766088644036,32.225766088644036,0.0,1.5811388300841898,7182.985674494973,81.6774142587778,40.8387071293889,40.8387071293889,40.8387071293889,0.0,2.302172886644268,8907.00248119422,86.65564032421663,43.32782016210832,43.32782016210832,43.32782016210832,0.0,1.7888543819998315,7674.342721041327,65.4828221749796,32.7414110874898,32.7414110874898,32.7414110874898,0.0,1.140175425099138,7303.495327581171,47.552076715954264,23.776038357977132,23.776038357977132,23.776038357977132,0.0,1.6431676725154982,4273.544430563464,55.61654430113399,27.808272150566996,27.808272150566996,27.808272150566996,0.0,1.4832396974191326,5209.793345229732,41.337634184844205,20.668817092422103,20.668817092422103,20.668817092422103,0.0,1.140175425099138,3714.7992812532957,76.62375610735877,38.311878053679386,38.311878053679386,38.311878053679386,0.0,1.4142135623730951,7843.57241312911,59.976662127864365,29.988331063932183,29.988331063932183,29.988331063932183,0.0,1.095445115010332,6781.770543154641,58.66856057549052,29.33428028774526,29.33428028774526,29.33428028774526,0.0,1.9235384061671346,6436.652297584514,106.65833300778706,53.32916650389353,53.32916650389353,53.32916650389353,0.0,3.9749213828703582,10864.938485789968,60.71902502511054,30.35951251255527,30.35951251255527,30.35951251255527,0.0,1.51657508881031,8144.578368460825,87.34529180213435,43.67264590106718,43.67264590106718,43.67264590106718,0.0,1.6431676725154984,9277.196586253845,75.77070674079793,37.88535337039897,37.88535337039897,37.88535337039897,0.0,1.6733200530681511,7669.077956312611
0.0,61.13918547053109,30.569592735265545,30.569592735265545,30.569592735265545,0.0,0.5477225575051662,6166.253700586767,81.78752961179352,40.89376480589676,40.89376480589676,40.89376480589676,0.0,1.3038404810405297,7541.598723082527,72.35191773546849,36.175958867734245,36.175958867734245,36.175958867734245,0.0,2.408318915758459,8005.008850713409,75.8630344766145,37.93151723830725,37.93151723830725,37.93151723830725,0.0,1.4832396974191324,7652.858799167799,14.028542333400145,7.014271166700072,7.014271166700072,7.014271166700072,0.0,0.7071067811865476,1515.9016129023678,21.92715211786519,10.963576058932595,10.963576058932595,10.963576058932595,0.0,0.44721359549995804,1803.4679647834057,64.45153217728807,32.225766088644036,32.225766088644036,32.225766088644036,0.0,1.5811388300841898,7181.015687213056,81.6774142587778,40.8387071293889,40.8387071293889,40.8387071293889,0.0,2.302172886644268,8907.347938640321,87.50542840304252,43.75271420152126,43.75271420152126,43.75271420152126,0.0,1.7888543819998315,7675.076286265825,65.4828221749796,32.7414110874898,32.7414110874898,32.7414110874898,0.0,1.140175425099138,7305.127740156225,47.552076715954264,23.776038357977132,23.776038357977132,23.776038357977132,0.0,1.6431676725154982,4275.45398759009,55.01999636495808,27.50999818247904,27.50999818247904,27.50999818247904,0.0,1.4832396974191326,5208.644132593433,40.97804290104641,20.489021450523204,20.489021450523204,20.489021450523204,0.0,0.8366600265340756,3719.2984822409726,76.62375610735877,38.311878053679386,38.311878053679386,38.311878053679386,0.0,1.4142135623730951,7849.600735069269,60.392052457256334,30.196026228628167,30.196026228628167,30.196026228628167,0.0,1.095445115010332,6780.884802147873,58.66856057549052,29.33428028774526,29.33428028774526,29.33428028774526,0.0,1.9235384061671346,6438.197729178562,107.3443058573672,53.6721529286836,53.6721529286836,53.6721529286836,0.0,3.9749213828703582,10885.472075201884,60.325782216229904,30.162891108114952,30.162891108114952,30.162891108114952,0.0,1.51657508881031,8142.251255027691,87.25365321864753,43.626826609323764,43.626826609323764,43.626826609323764,0.0,1.6431676725154984,9274.877805124981,75.77070674079793,37.88535337039897,37.88535337039897,37.88535337039897,0.0,1.6733200530681511,7667.239288035818
0.0,60.59042828698276,30.29521414349138,30.29521414349138,30.29521414349138,0.0,0.5477225575051662,6167.306081264331,82.87822391919363,41.439111959596815,41.439111959596815,41.439111959596815,0.0,1.3038404810405297,7539.847458669174,72.83680388375096,36.41840194187548,36.41840194187548,36.41840194187548,0.0,2.408318915758459,8003.300369222687,75.35781313175164,37.67890656587582,37.67890656587582,37.67890656587582,0.0,1.4832396974191324,7656.410301179007,13.784048752090222,6.892024376045111,6.892024376045111,6.892024376045111,0.0,0.7071067811865476,1513.2276761941673,21.32604042010612,10.66302021005306,10.66302021005306,10.66302021005306,0.0,0.44721359549995804,1801.1997945813785,62.906279495770534,31.453139747885267,31.453139747885267,31.453139747885267,0.0,1.5811388300841898,7180.084874150166,81.24530755680601,40.622653778403006,40.622653778403006,40.622653778403006,0.0,2.302172886644268,8908.547232854524,87.34300200931955,43.671501004659774,43.671501004659774,43.671501004659774,0.0,1.7888543819998315,7674.234860883526,65.62926176637978,32.81463088318989,32.81463088318989,32.81463088318989,0.0,1.140175425099138,7304.958350326167,47.552076715954264,23.776038357977132,23.776038357977132,23.776038357977132,0.0,1.6431676725154982,4273.7484717750995,55.01999636495808,27.50999818247904,27.50999818247904,27.50999818247904,0.0,1.4832396974191326,5208.687425830043,41.05118755894889,20.525593779474445,20.525593779474445,20.525593779474445,0.0,0.8366600265340756,3719.9250664495917,76.14985226512262,38.07492613256131,38.07492613256131,38.07492613256131,0.0,1.0954451150103321,7849.013027126404,60.663003552412405,30.331501776206203,30.331501776206203,30.331501776206203,0.0,1.095445115010332,6783.0043638494,59.608724193695004,29.804362096847502,29.804362096847502,29.804362096847502,0.0,1.9235384061671346,6435.9060978233665,106.9915884544201,53.49579422721005,53.49579422721005,53.49579422721005,0.0,3.5637059362410923,10885.839370484942,60.68607748075336,30.34303874037668,30.34303874037668,30.34303874037668,0.0,1.51657508881031,8146.40771751574,88.11810256695273,44.059051283476364,44.059051283476364,44.059051283476364,0.0,1.6431676725154984,9275.25750585934,76.2286035553584,38.1143017776792,38.1143017776792,38.1143017776792,0.0,1.6733200530681511,7667.214826780322
0.0,60.093260853443454,30.046630426721727,30.046630426721727,30.046630426721727,0.0,0.5477225575051662,6167.116489900283,83.11919152638578,41.55959576319289,41.55959576319289,41.55959576319289,0.0,1.3038404810405297,7539.678295524285,72.47896246498014,36.23948123249007,36.23948123249007,36.23948123249007,0.0,2.408318915758459,8004.800197381569,75.35781313175164,37.67890656587582,37.67890656587582,37.67890656587582,0.0,1.4832396974191324,7655.66343957204,12.93058390019569,6.465291950097845,6.465291950097845,6.465291950097845,0.0,0.7071067811865476,1513.8524696944548,22.253089673121796,11.126544836560898,11.126544836560898,11.126544836560898,0.0,0.44721359549995804,1798.8230318738974,63.38138527990691,31.690692639953454,31.690692639953454,31.690692639953454,0.0,1.5811388300841898,7176.564275473327,80.78366171448283,40.391830857241416,40.391830857241416,40.391830857241416,0.0,2.302172886644268,8908.495765279344,86.86771552193599,43.433857760967996,43.433857760967996,43.433857760967996,0.0,1.7888543819998315,7675.5189922245645,65.38501357344816,32.69250678672408,32.69250678672408,32.69250678672408,0.0,1.140175425099138,7306.8179941750295,45.307835966861184,22.653917983430592,22.653917983430592,22.653917983430592,0.0,1.414213562373095,4276.016955064608,55.03453461236863,27.517267306184316,27.517267306184316,27.517267306184316,0.0,1.4832396974191326,5205.844167855968,40.8166632639171,20.40833163195855,20.40833163195855,20.40833163195855,0.0,0.8366600265340756,3717.9337272199996,75.68355171369801,37.841775856849004,37.841775856849004,37.841775856849004,0.0,1.0954451150103321,7846.080951659879,81.18374221480555,40.591871107402774,40.591871107402774,40.591871107402774,0.0,3.4205262752974135,8491.730989615722,59.608724193695004,29.804362096847502,29.804362096847502,29.804362096847502,0.0,1.9235384061671346,6436.692225048515,107.0831452657233,53.54157263286165,53.54157263286165,53.54157263286165,0.0,3.5637059362410923,10885.047023325164,63.614463764147224,31.807231882073612,31.807231882073612,31.807231882073612,0.0,1.949358868961793,8284.740231292712,87.95908139583996,43.97954069791998,43.97954069791998,43.97954069791998,0.0,1.6431676725154984,9273.644736563936,76.2286035553584,38.1143017776792,38.1143017776792,38.1143017776792,0.0,1.6733200530681511,7663.010309271416
0.0,60.76841284746542,30.38420642373271,30.38420642373271,30.38420642373271,0.0,0.5477225575051662,6164.9914192965425,82.73572384405664,41.36786192202832,41.36786192202832,41.36786192202832,0.0,1.3038404810405297,7541.265609962296,72.62231062146122,36.31115531073061,36.31115531073061,36.31115531073061,0.0,2.408318915758459,8005.075158922619,75.35781313175164,37.67890656587582,37.67890656587582,37.67890656587582,0.0,1.4832396974191324,7655.470233760954,13.520355024924454,6.760177512462227,6.760177512462227,6.760177512462227,0.0,0.7071067811865476,1513.4914932037113,22.378561169118985,11.189280584559492,11.189280584559492,11.189280584559492,0.0,0.44721359549995804,1799.4773407853736,63.865483635528825,31.932741817764413,31.932741817764413,31.932741817764413,0.0,1.5811388300841898,7177.887906619885,80.78366171448283,40.391830857241416,40.391830857241416,40.391830857241416,0.0,2.302172886644268,8907.352244073432,86.72485226277414,43.36242613138707,43.36242613138707,43.36242613138707,0.0,1.7888543819998315,7679.522101016443,55.83189052862173,27.915945264310864,27.915945264310864,27.915945264310864,0.0,1.3416407864998738,5616.982713165495,43.9089968002003,21.95449840010015,21.95449840010015,21.95449840010015,0.0,1.414213562373095,4273.579097197103,54.4426303552648,27.2213151776324,27.2213151776324,27.2213151776324,0.0,1.4832396974191326,5206.802070369105,40.8166632639171,20.40833163195855,20.40833163195855,20.40833163195855,0.0,0.8366600265340756,3717.821297480555,75.1185729363917,37.55928646819585,37.55928646819585,37.55928646819585,0.0,1.0954451150103321,7840.065548195372,81.75084097426766,40.87542048713383,40.87542048713383,40.87542048713383,0.0,3.4205262752974135,8492.951283270146,59.75617122942199,29.878085614710994,29.878085614710994,29.878085614710994,0.0,1.9235384061671346,6434.375688440954,107.0831452657233,53.54157263286165,53.54157263286165,53.54157263286165,0.0,3.5637059362410923,10886.4164305799,64.21837743200929,32.109188716004645,32.109188716004645,32.109188716004645,0.0,2.16794833886788,8283.118718212361,87.89311690911866,43.94655845455933,43.94655845455933,43.94655845455933,0.0,1.6431676725154984,9273.841555687697,76.2286035553584,38.1143017776792,38.1143017776792,38.1143017776792,0.0,1.6733200530681511,7662.735138317127
0.0,60.76841284746542,30.38420642373271,30.38420642373271,30.38420642373271,0.0,0.5477225575051662,6163.247074391875,82.60750571225353,41.30375285612676,41.30375285612676,41.30375285612676,0.0,1.3038404810405297,7538.671388248727,71.96387982870296,35.98193991435148,35.98193991435148,35.98193991435148,0.0,2.408318915758459,7999.647254723173,75.35781313175164,37.67890656587582,37.67890656587582,37.67890656587582,0.0,1.4832396974191324,7657.249819615395,13.638181696985855,6.819090848492928,6.819090848492928,6.819090848492928,0.0,0.7071067811865476,1515.2574038756584,23.15167380558045,11.575836902790225,11.575836902790225,11.575836902790225,0.0,0.44721359549995804,1800.3750442616115,63.865483635528825,31.932741817764413,31.932741817764413,31.932741817764413,0.0,1.5811388300841898,7181.632488508445,80.78366171448283,40.391830857241416,40.391830857241416,40.391830857241416,0.0,2.302172886644268,8909.423084577362,86.56327165721038,43.28163582860519,43.28163582860519,43.28163582860519,0.0,1.816590212458495,7676.019039840899,55.83189052862173,27.915945264310864,27.915945264310864,27.915945264310864,0.0,1.3416407864998738,5614.929002222557,43.04880950734875,21.524404753674375,21.524404753674375,21.524404753674375,0.0,1.414213562373095,4269.897387525841,53.85907537267977,26.929537686339884,26.929537686339884,26.929537686339884,0.0,1.4832396974191326,5211.645968405759,40.5807836296935,20.29039181484675,20.29039181484675,20.29039181484675,0.0,0.8366600265340756,3716.865050011905,75.67826636492144,37.83913318246072,37.83913318246072,37.83913318246072,0.0,1.0954451150103321,7840.664110902851,81.09993834769543,40.549969173847714,40.549969173847714,40.549969173847714,0.0,2.9999999999999996,8488.223677542905,59.75617122942199,29.878085614710994,29.878085614710994,29.878085614710994,0.0,1.9235384061671346,6435.51484342939,106.107492666635,53.0537463333175,53.0537463333175,53.0537463333175,0.0,3.1622776601683795,10887.078795526373,64.21837743200929,32.109188716004645,32.109188716004645,32.109188716004645,0.0,2.16794833886788,8279.076868830243,87.83621121154988,43.91810560577494,43.91810560577494,43.91810560577494,0.0,1.6431676725154984,9272.263353680157,76.2286035553584,38.1143017776792,38.1143017776792,38.1143017776792,0.0,1.6733200530681511,7659.760883996314
0.0,60.76841284746542,30.38420642373271,30.38420642373271,30.38420642373271,0.0,0.5477225575051662,6159.705496206779,82.73572384405664,41.36786192202832,41.36786192202832,41.36786192202832,0.0,1.3038404810405297,7539.264075491718,70.95914317408293,35.47957158704146,35.47957158704146,35.47957158704146,0.0,2.408318915758459,7996.858989628366,75.68355171369801,37.841775856849004,37.841775856849004,37.841775856849004,0.0,1.4832396974191324,7654.8824811358145,12.759310326189263,6.379655163094632,6.379655163094632,6.379655163094632,0.0,0.44721359549995804,1517.121353089462,23.933240482642546,11.966620241321273,11.966620241321273,11.966620241321273,0.0,0.7071067811865476,1803.0323069762228,63.865483635528825,31.932741817764413,31.932741817764413,31.932741817764413,0.0,1.5811388300841898,7180.186815118393,80.32932216818465,40.16466108409232,40.16466108409232,40.16466108409232,0.0,2.302172886644268,8909.94654866122,86.42221936516094,43.21110968258047,43.21110968258047,43.21110968258047,0.0,1.816590212458495,7675.777986627805,55.83189052862173,27.915945264310864,27.915945264310864,27.915945264310864,0.0,1.3416407864998738,5617.98253824271,43.04880950734875,21.524404753674375,21.524404753674375,21.524404753674375,0.0,1.414213562373095,4272.161490393359,53.85907537267977,26.929537686339884,26.929537686339884,26.929537686339884,0.0,1.4832396974191326,5208.27358152392,40.5807836296935,20.29039181484675,20.29039181484675,20.29039181484675,0.0,0.8366600265340756,3718.1952208026946,75.67826636492144,37.83913318246072,37.83913318246072,37.83913318246072,0.0,1.0954451150103321,7841.963038678517,80.80099009294379,40.400495046471896,40.400495046471896,40.400495046471896,0.0,2.9999999999999996,8488.794625858256,59.75617122942199,29.878085614710994,29.878085614710994,29.878085614710994,0.0,1.9235384061671346,6431.395843827372,107.21380508124875,53.606902540624375,53.606902540624375,53.606902540624375,0.0,3.9749213828703582,10952.298329574483,64.21837743200929,32.109188716004645,32.109188716004645,32.109188716004645,0.0,2.16794833886788,8276.625804033913,87.1550342780037,43.57751713900185,43.57751713900185,43.57751713900185,0.0,1.6431676725154984,9275.709444565413,76.2286035553584,38.1143017776792,38.1143017776792,38.1143017776792,0.0,1.6733200530681511,7657.355829527579
0.0,60.771703941884006,30.385851970942003,30.385851970942003,30.385851970942003,0.0,0.5477225575051662,6158.887846031944,83.25142641420626,41.62571320710313,41.62571320710313,41.62571320710313,0.0,1.3038404810405297,7541.902598151211,70.95914317408293,35.47957158704146,35.47957158704146,35.47957158704146,0.0,2.408318915758459,7996.736009147732,75.68355171369801,37.841775856849004,37.841775856849004,37.841775856849004,0.0,1.4832396974191324,7655.598297977762,12.759310326189263,6.379655163094632,6.379655163094632,6.379655163094632,0.0,0.44721359549995804,1516.5552083587331,23.89979079406345,11.949895397031725,11.949895397031725,11.949895397031725,0.0,0.7071067811865476,1801.0089672180982,63.865483635528825,31.932741817764413,31.932741817764413,31.932741817764413,0.0,1.5811388300841898,7177.697938754459,79.98249808551869,39.99124904275934,39.99124904275934,39.99124904275934,0.0,2.302172886644268,8915.234994098586,85.82074341323315,42.91037170661657,42.91037170661657,42.91037170661657,0.0,1.816590212458495,7674.579545486515,56.402127619443576,28.201063809721788,28.201063809721788,28.201063809721788,0.0,1.3416407864998738,5618.178512649807,42.881231325604446,21.440615662802223,21.440615662802223,21.440615662802223,0.0,1.414213562373095,4269.731373283335,53.85907537267977,26.929537686339884,26.929537686339884,26.929537686339884,0.0,1.4832396974191326,5208.084359915842,39.88984833262719,19.944924166313594,19.944924166313594,19.944924166313594,0.0,0.8366600265340756,3719.883398710234,76.14985226512262,38.07492613256131,38.07492613256131,38.07492613256131,0.0,1.0954451150103321,7834.218627278664,81.37567204023571,40.68783602011786,40.68783602011786,40.68783602011786,0.0,2.9999999999999996,8493.019692665266,60.481402100149765,30.240701050074883,30.240701050074883,30.240701050074883,0.0,1.9235384061671346,6433.9037294631635,106.75579609557506,53.37789804778753,53.37789804778753,53.37789804778753,0.0,3.5637059362410923,10950.106392177202,64.77036359323607,32.385181796618035,32.385181796618035,32.385181796618035,0.0,2.16794833886788,8274.538095869762,87.10223877719791,43.551119388598956,43.551119388598956,43.551119388598956,0.0,1.6431676725154984,9275.75731140051,76.28368108579974,38.14184054289987,38.14184054289987,38.14184054289987,0.0,1.6733200530681511,7662.306819750825
0.0,60.40860865803813,30.204304329019067,30.204304329019067,30.204304329019067,0.0,0.5477225575051662,6155.769139595799,83.72096511627181,41.86048255813591,41.86048255813591,41.86048255813591,0.0,1.3038404810405297,7542.400194898173,70.95914317408293,35.47957158704146,35.47957158704146,35.47957158704146,0.0,2.408318915758459,7995.358797452432,75.68355171369801,37.841775856849004,37.841775856849004,37.841775856849004,0.0,1.4832396974191324,7658.235730244924,12.489995996796797,6.244997998398398,6.244997998398398,6.244997998398398,0.0,0.44721359549995804,1515.2627824902188,50.299105359837164,25.149552679918582,25.149552679918582,25.149552679918582,0.0,1.9493588689617927,4265.0884164340605,63.865483635528825,31.932741817764413,31.932741817764413,31.932741817764413,0.0,1.5811388300841898,7176.312096056024,79.98249808551869,39.99124904275934,39.99124904275934,39.99124904275934,0.0,2.302172886644268,8914.729345302638,85.34166625980536,42.67083312990268,42.67083312990268,42.67083312990268,0.0,1.816590212458495,7672.513193211205,56.25655517359733,28.128277586798664,28.128277586798664,28.128277586798664,0.0,1.0954451150103324,5615.489408769284,43.05810028322197,21.529050141610984,21.529050141610984,21.529050141610984,0.0,1.414213562373095,4270.573298750415,53.784756204709154,26.892378102354577,26.892378102354577,26.892378102354577,0.0,1.4832396974191326,5203.112770255897,39.532265303167236,19.766132651583618,19.766132651583618,19.766132651583618,0.0,0.8366600265340756,3720.623738031031,76.14985226512262,38.07492613256131,38.07492613256131,38.07492613256131,0.0,1.0954451150103321,7833.4481679526025,81.77285613209312,40.88642806604656,40.88642806604656,40.88642806604656,0.0,2.9999999999999996,8496.183131265474,60.276031720742864,30.138015860371432,30.138015860371432,30.138015860371432,0.0,1.9235384061671346,6433.033988717921,111.42172140117025,55.71086070058512,55.71086070058512,55.71086070058512,0.0,3.3911649915626345,11191.543807714823,64.77036359323607,32.385181796618035,32.385181796618035,32.385181796618035,0.0,2.16794833886788,8276.426783340743,87.91586887473728,43.95793443736864,43.95793443736864,43.95793443736864,0.0,1.6431676725154984,9270.720888906104,77.17512552629896,38.58756276314948,38.58756276314948,38.58756276314948,0.0,1.6733200530681511,7662.904723406131
0.0,60.58052492344384,30.29026246172192,30.29026246172192,30.29026246172192,0.0,0.8366600265340758,6154.154718562087,83.82601028320506,41.91300514160253,41.91300514160253,41.91300514160253,0.0,1.3038404810405297,7540.610273711272,70.78700445703294,35.39350222851647,35.39350222851647,35.39350222851647,0.0,2.408318915758459,7991.647433414465,75.68355171369801,37.841775856849004,37.841775856849004,37.841775856849004,0.0,1.4832396974191324,7657.329266787475,12.13260071048248,6.06630035524124,6.06630035524124,6.06630035524124,0.0,0.44721359549995804,1516.9776530984232,50.311032587296395,25.155516293648198,25.155516293648198,25.155516293648198,0.0,1.9493588689617927,4268.410277843497,67.17142249498666,33.58571124749333,33.58571124749333,33.58571124749333,0.0,1.1401754250991378,7718.054547617554,80.72917688171978,40.36458844085989,40.36458844085989,40.36458844085989,0.0,2.302172886644268,8910.829321673713,84.72307831990054,42.36153915995027,42.36153915995027,42.36153915995027,0.0,1.816590212458495,7670.853081633099,56.42694391866354,28.21347195933177,28.21347195933177,28.21347195933177,0.0,1.0954451150103324,5613.174547437484,43.05810028322197,21.529050141610984,21.529050141610984,21.529050141610984,0.0,1.414213562373095,4269.248446740949,52.983016146686104,26.491508073343052,26.491508073343052,26.491508073343052,0.0,1.4832396974191326,5204.0672266987485,38.971784665319085,19.485892332659542,19.485892332659542,19.485892332659542,0.0,0.7071067811865477,3717.0726654183127,76.249590162833,38.1247950814165,38.1247950814165,38.1247950814165,0.0,1.0954451150103321,7829.911219164621,81.5303624424668,40.7651812212334,40.7651812212334,40.7651812212334,0.0,2.588435821108957,8494.49364588614,61.01475231450178,30.50737615725089,30.50737615725089,30.50737615725089,0.0,1.9235384061671346,6434.576077722603,111.09995499549044,55.54997749774522,55.54997749774522,55.54997749774522,0.0,3.3911649915626345,11188.769132482805,65.33605436510534,32.66802718255267,32.66802718255267,32.66802718255267,0.0,2.16794833886788,8282.435469111728,87.34300200931956,43.67150100465978,43.67150100465978,43.67150100465978,0.0,1.6431676725154984,9269.747310471845,77.17512552629896,38.58756276314948,38.58756276314948,38.58756276314948,0.0,1.6733200530681511,7662.480786272811
0.0,60.94915914104148,30.47457957052074,30.47457957052074,30.47457957052074,0.0,0.8366600265340758,6153.031838045371,84.0761559539921,42.03807797699605,42.03807797699605,42.03807797699605,0.0,1.3038404810405297,7545.631683298622,70.78700445703294,35.39350222851647,35.39350222851647,35.39350222851647,0.0,2.408318915758459,7990.761365477009,75.18510490782067,37.592552453910336,37.592552453910336,37.592552453910336,0.0,1.4832396974191324,7658.7571903018315,12.52198067399882,6.26099033699941,6.26099033699941,6.26099033699941,0.0,0.44721359549995804,1516.7142117089825,48.71139497078687,24.355697485393435,24.355697485393435,24.355697485393435,0.0,1.9493588689617927,4263.943749628975,66.50413520977474,33.25206760488737,33.25206760488737,33.25206760488737,0.0,1.1401754250991378,7721.892274565866,79.96749339575426,39.98374669787713,39.98374669787713,39.98374669787713,0.0,2.3021728866442674,8908.712572532577,84.72307831990054,42.36153915995027,42.36153915995027,42.36153915995027,0.0,1.816590212458495,7670.128310530405,57.17691841993585,28.588459209967926,28.588459209967926,28.588459209967926,0.0,1.0,5619.889429517274,43.05810028322197,21.529050141610984,21.529050141610984,21.529050141610984,0.0,1.414213562373095,4270.523363710823,52.983016146686104,26.491508073343052,26.491508073343052,26.491508073343052,0.0,1.4832396974191326,5203.266349131091,39.512023486528754,19.756011743264377,19.756011743264377,19.756011743264377,0.0,0.7071067811865477,3720.901261791288,76.249590162833,38.1247950814165,38.1247950814165,38.1247950814165,0.0,1.0954451150103321,7824.376332973766,80.58535847162312,40.29267923581156,40.29267923581156,40.29267923581156,0.0,2.588435821108957,8492.697745710724,61.01475231450178,30.50737615725089,30.50737615725089,30.50737615725089,0.0,1.9235384061671346,6435.287926736457,111.73719165971552,55.86859582985776,55.86859582985776,55.86859582985776,0.0,3.7682887362833544,11228.419955630445,65.33605436510534,32.66802718255267,32.66802718255267,32.66802718255267,0.0,2.16794833886788,8285.545950629928,88.19977324233889,44.099886621169446,44.099886621169446,44.099886621169446,0.0,1.6431676725154984,9270.87958610185,76.80364574680033,38.401822873400164,38.401822873400164,38.401822873400164,0.0,1.6733200530681511,7664.7006660403895
0.0,60.093260853443454,30.046630426721727,30.046630426721727,30.046630426721727,0.0,0.8366600265340758,6151.323215374071,84.20926314842092,42.10463157421046,42.10463157421046,42.10463157421046,0.0,1.3038404810405297,7541.944258611304,70.84631253636282,35.42315626818141,35.42315626818141,35.42315626818141,0.0,2.408318915758459,7988.293791542722,75.06530490179867,37.532652450899334,37.532652450899334,37.532652450899334,0.0,1.4832396974191324,7658.1481573550145,12.52198067399882,6.26099033699941,6.26099033699941,6.26099033699941,0.0,0.44721359549995804,1518.0812560597672,49.27473997901968,24.63736998950984,24.63736998950984,24.63736998950984,0.0,1.9493588689617927,4268.612163221203,65.5530319664926,32.7765159832463,32.7765159832463,32.7765159832463,0.0,1.1401754250991378,7723.693565904851,79.96749339575426,39.98374669787713,39.98374669787713,39.98374669787713,0.0,2.3021728866442674,8904.966069559165,84.72307831990054,42.36153915995027,42.36153915995027,42.36153915995027,0.0,1.816590212458495,7667.384736662169,57.758116312774604,28.879058156387302,28.879058156387302,28.879058156387302,0.0,1.0,5616.224238756854,42.90454521376494,21.45227260688247,21.45227260688247,21.45227260688247,0.0,1.414213562373095,4269.035898185913,53.769880044500745,26.884940022250372,26.884940022250372,26.884940022250372,0.0,1.4832396974191326,5202.530220959798,39.512023486528754,19.756011743264377,19.756011743264377,19.756011743264377,0.0,0.7071067811865477,3721.183978252083,84.96352158426579,42.481760792132896,42.481760792132896,42.481760792132896,0.0,1.0954451150103321,9047.01860835933,80.70439888878425,40.35219944439213,40.35219944439213,40.35219944439213,0.0,2.588435821108957,8491.350540402864,60.56401571890688,30.28200785945344,30.28200785945344,30.28200785945344,0.0,1.9235384061671346,6433.554903783755,111.46838116703768,55.73419058351884,55.73419058351884,55.73419058351884,0.0,3.7682887362833544,11226.316038665578,65.33605436510534,32.66802718255267,32.66802718255267,32.66802718255267,0.0,2.16794833886788,8285.113740921122,88.19977324233889,44.099886621169446,44.099886621169446,44.099886621169446,0.0,1.6431676725154984,9272.068987016868,76.80364574680033,38.401822873400164,38.401822873400164,38.401822873400164,0.0,1.6733200530681511,7662.950626227472
0.0,59.575162609933344,29.787581304966672,29.787581304966672,29.787581304966672,0.0,0.8366600265340758,6149.126360711739,84.20926314842092,42.10463157421046,42.10463157421046,42.10463157421046,0.0,1.3038404810405297,7544.303758465721,79.91745741701246,39.95872870850623,39.95872870850623,39.95872870850623,0.0,3.9749213828703582,9148.74681582128,75.06530490179867,37.532652450899334,37.532652450899334,37.532652450899334,0.0,1.4832396974191324,7660.171734367318,12.52198067399882,6.26099033699941,6.26099033699941,6.26099033699941,0.0,0.44721359549995804,1514.5468959395082,49.262561849745495,24.631280924872748,24.631280924872748,24.631280924872748,0.0,1.9493588689617927,4264.812211575088,65.5530319664926,32.7765159832463,32.7765159832463,32.7765159832463,0.0,1.1401754250991378,7722.654582460619,79.96749339575426,39.98374669787713,39.98374669787713,39.98374669787713,0.0,2.3021728866442674,8903.882990021824,84.55057657993824,42.27528828996912,42.27528828996912,42.27528828996912,0.0,1.816590212458495,7672.205269673121,58.52520824396954,29.26260412198477,29.26260412198477,29.26260412198477,0.0,1.0,5626.95861011968,42.90454521376494,21.45227260688247,21.45227260688247,21.45227260688247,0.0,1.414213562373095,4270.2503673672345,53.59850744190551,26.799253720952755,26.799253720952755,26.799253720952755,0.0,1.4832396974191326,5202.54226316327,39.344631145812,19.672315572906,19.672315572906,19.672315572906,0.0,0.7071067811865477,3722.9386511195694,85.09524075998611,42.547620379993056,42.547620379993056,42.547620379993056,0.0,1.0954451150103321,9043.170423031957,81.27238153271996,40.63619076635998,40.63619076635998,40.63619076635998,0.0,2.588435821108957,8490.683258725414,60.123206833967195,30.061603416983598,30.061603416983598,30.061603416983598,0.0,1.9235384061671346,6435.642104716514,111.05314043285763,55.526570216428816,55.526570216428816,55.526570216428816,0.0,3.3911649915626345,11227.3269882016,64.61578754453124,32.30789377226562,32.30789377226562,32.30789377226562,0.0,2.16794833886788,8287.119179787389,89.01011178512248,44.50505589256124,44.50505589256124,44.50505589256124,0.0,1.6431676725154984,9273.038595843327,76.80364574680033,38.401822873400164,38.401822873400164,38.401822873400164,0.0,1.6733200530681511,7664.397223526453
0.0,60.25943909463479,30.129719547317396,30.129719547317396,30.129719547317396,0.0,1.0,6149.15117719511,83.51047838445186,41.75523919222593,41.75523919222593,41.75523919222593,0.0,1.3038404810405297,7548.147805919012,79.66178506661774,39.83089253330887,39.83089253330887,39.83089253330887,0.0,3.9749213828703582,9145.561830746103,75.4506461204939,37.72532306024695,37.72532306024695,37.72532306024695,0.0,1.4832396974191324,7660.9869990752495,11.610340218959996,5.805170109479998,5.805170109479998,5.805170109479998,0.0,0.44721359549995804,1511.7157470900406,48.25764188188229,24.128820940941146,24.128820940941146,24.128820940941146,0.0,1.9493588689617927,4265.460057250566,65.5530319664926,32.7765159832463,32.7765159832463,32.7765159832463,0.0,1.1401754250991378,7723.084972988449,79.96749339575426,39.98374669787713,39.98374669787713,39.98374669787713,0.0,2.3021728866442674,8905.383725589818,84.55057657993824,42.27528828996912,42.27528828996912,42.27528828996912,0.0,1.816590212458495,7671.620246075792,58.35409154463807,29.177045772319033,29.177045772319033,29.177045772319033,0.0,1.0,5631.032791593386,42.20426518730068,21.10213259365034,21.10213259365034,21.10213259365034,0.0,1.414213562373095,4267.299532491245,54.38749856354859,27.193749281774295,27.193749281774295,27.193749281774295,0.0,1.4832396974191326,5204.249580871387,39.43095230906806,19.71547615453403,19.71547615453403,19.71547615453403,0.0,0.7071067811865477,3724.165168195417,85.47046273421012,42.73523136710506,42.73523136710506,42.73523136710506,0.0,1.0954451150103321,9040.977784509814,80.58535847162312,40.29267923581156,40.29267923581156,40.29267923581156,0.0,2.588435821108957,8494.018719075206,60.17640733709516,30.08820366854758,30.08820366854758,30.08820366854758,0.0,1.9235384061671346,6436.5140643053055,110.78808600206071,55.394043001030354,55.394043001030354,55.394043001030354,0.0,3.3911649915626345,11227.254085483235,65.22882798272555,32.614413991362774,32.614413991362774,32.614413991362774,0.0,2.16794833886788,8285.603490392235,89.01011178512248,44.50505589256124,44.50505589256124,44.50505589256124,0.0,1.6431676725154984,9271.986426866682,76.80364574680033,38.401822873400164,38.401822873400164,38.401822873400164,0.0,1.6733200530681511,7665.384641360145
0.0,60.05663993265025,30.028319966325125,30.028319966325125,30.028319966325125,0.0,1.0,6146.770029861212,83.11919152638578,41.55959576319289,41.55959576319289,41.55959576319289,0.0,1.3038404810405297,7549.651270091884,79.66178506661774,39.83089253330887,39.83089253330887,39.83089253330887,0.0,3.9749213828703582,9145.98828448845,76.1656090371501,38.08280451857505,38.08280451857505,38.08280451857505,0.0,1.4832396974191324,7660.276411461926,11.610340218959996,5.805170109479998,5.805170109479998,5.805170109479998,0.0,0.44721359549995804,1513.1118597116342,48.84669896727925,24.423349483639626,24.423349483639626,24.423349483639626,0.0,1.9493588689617927,4265.030562610308,65.5530319664926,32.7765159832463,32.7765159832463,32.7765159832463,0.0,1.1401754250991378,7723.3732461923655,79.96749339575426,39.98374669787713,39.98374669787713,39.98374669787713,0.0,2.3021728866442674,8910.189375091868,84.55057657993824,42.27528828996912,42.27528828996912,42.27528828996912,0.0,1.816590212458495,7671.179290044002,58.50470066584394,29.25235033292197,29.25235033292197,29.25235033292197,0.0,1.0,5634.6921211367,42.20426518730068,21.10213259365034,21.10213259365034,21.10213259365034,0.0,1.414213562373095,4266.7463013401675,54.38749856354859,27.193749281774295,27.193749281774295,27.193749281774295,0.0,1.4832396974191326,5202.318973304116,38.600518131237564,19.300259065618782,19.300259065618782,19.300259065618782,0.0,0.7071067811865477,3724.9908322034835,86.37129152675674,43.18564576337837,43.18564576337837,43.18564576337837,0.0,1.0954451150103321,9041.558787067637,80.58535847162312,40.29267923581156,40.29267923581156,40.29267923581156,0.0,2.588435821108957,8490.861369731578,59.74278199079785,29.871390995398926,29.871390995398926,29.871390995398926,0.0,1.9235384061671346,6439.926125352681,110.78808600206071,55.394043001030354,55.394043001030354,55.394043001030354,0.0,3.3911649915626345,11227.338077211356,65.18281982240413,32.591409911202064,32.591409911202064,32.591409911202064,0.0,1.8708286933869707,8286.724443349132,38.141840542899864,19.070920271449932,19.070920271449932,19.070920271449932,0.0,1.224744871391589,3806.7140948592396,76.80364574680033,38.401822873400164,38.401822873400164,38.401822873400164,0.0,1.6733200530681511,7664.187726041162
0.0,60.05663993265025,30.028319966325125,30.028319966325125,30.028319966325125,0.0,1.0,6147.1102723149515,83.265839334027,41.6329196670135,41.6329196670135,41.6329196670135,0.0,1.3038404810405297,7549.89627743322,79.41536375286586,39.70768187643293,39.70768187643293,39.70768187643293,0.0,3.9749213828703582,9148.139663341393,76.1656090371501,38.08280451857505,38.08280451857505,38.08280451857505,0.0,1.4832396974191324,7657.3896531389855,12.13260071048248,6.06630035524124,6.06630035524124,6.06630035524124,0.0,0.44721359549995804,1516.4195659513234,48.84669896727925,24.423349483639626,24.423349483639626,24.423349483639626,0.0,1.9493588689617927,4263.114272453883,65.98484674529449,32.992423372647245,32.992423372647245,32.992423372647245,0.0,1.1401754250991378,7718.160953232318,79.6316519984359,39.81582599921795,39.81582599921795,39.81582599921795,0.0,2.1679483388678804,8908.607955230716,84.41089977011262,42.20544988505631,42.20544988505632,42.20544988505632,0.0,1.816590212458495,7671.313042758717,58.19965635637379,29.099828178186893,29.099828178186893,29.099828178186893,0.0,1.0,5635.196686895675,42.39339571206818,21.19669785603409,21.19669785603409,21.19669785603409,0.0,1.414213562373095,4262.817108438972,54.38749856354859,27.193749281774295,27.193749281774295,27.193749281774295,0.0,1.4832396974191326,5203.128145644694,39.13055072446592,19.56527536223296,19.56527536223296,19.56527536223296,0.0,0.7071067811865477,3726.587339644678,86.7571322716467,43.37856613582335,43.37856613582335,43.37856613582335,0.0,1.0954451150103321,9042.990008841101,80.86532013168562,40.43266006584281,40.43266006584281,40.43266006584281,0.0,2.588435821108957,8488.6066995709,59.74278199079785,29.871390995398926,29.871390995398926,29.871390995398926,0.0,1.9235384061671346,6438.761239555322,111.20611493978197,55.603057469890985,55.603057469890985,55.603057469890985,0.0,3.7682887362833544,11274.438314168914,64.69312173639482,32.34656086819741,32.34656086819741,32.34656086819741,0.0,1.8708286933869707,8286.889657766658,38.141840542899864,19.070920271449932,19.070920271449932,19.070920271449932,0.0,1.224744871391589,3802.775131400751,77.20880778771293,38.604403893856464,38.604403893856464,38.604403893856464,0.0,1.6733200530681511,7662.187853348416
0.0,59.38686723510511,29.693433617552554,29.693433617552554,29.693433617552554,0.0,1.0,6146.10776833599,82.87822391919363,41.439111959596815,41.439111959596815,41.439111959596815,0.0,1.3038404810405297,7550.391029608996,79.41536375286586,39.70768187643293,39.70768187643293,39.70768187643293,0.0,3.9749213828703582,9144.17877668629,77.19326395482963,38.596631977414816,38.596631977414816,38.596631977414816,0.0,1.4832396974191324,7657.673426047888,12.45792920191795,6.228964600958975,6.228964600958975,6.228964600958975,0.0,0.44721359549995804,1516.336802956388,48.070781146139076,24.035390573069538,24.035390573069538,24.035390573069538,0.0,1.9493588689617927,4268.947200423074,65.5530319664926,32.7765159832463,32.7765159832463,32.7765159832463,0.0,1.0954451150103321,7716.308845555626,80.05498110673689,40.027490553368445,40.027490553368445,40.027490553368445,0.0,2.1679483388678804,8904.144776451021,84.18313370266043,42.091566851330214,42.091566851330214,42.091566851330214,0.0,1.816590212458495,7667.758081734191,58.19965635637379,29.099828178186893,29.099828178186893,29.099828178186893,0.0,1.0,5634.419340091754,42.39339571206818,21.19669785603409,21.19669785603409,21.19669785603409,0.0,1.414213562373095,4264.3817840338825,55.17970641458688,27.58985320729344,27.58985320729344,27.58985320729344,0.0,1.4832396974191326,5201.511655278684,38.61087929586686,19.30543964793343,19.30543964793343,19.30543964793343,0.0,0.7071067811865477,3729.967721039956,86.88613238025962,43.44306619012981,43.44306619012981,43.44306619012981,0.0,1.0954451150103321,9041.894408806154,80.82821289624063,40.414106448120314,40.414106448120314,40.414106448120314,0.0,2.588435821108957,8486.199756074564,61.796440026914176,30.898220013457088,30.898220013457088,30.898220013457088,0.0,1.6733200530681511,6742.906480146376,111.98214143335535,55.991070716677676,55.991070716677676,55.991070716677676,0.0,3.7682887362833544,11274.168341833467,63.99062431325389,31.995312156626944,31.995312156626944,31.995312156626944,0.0,1.8708286933869707,8286.572856132987,38.141840542899864,19.070920271449932,19.070920271449932,19.070920271449932,0.0,1.224744871391589,3808.5551722405175,77.66080092298817,38.83040046149409,38.83040046149409,38.83040046149409,0.0,1.6733200530681511,7659.950306627322
0.0,62.177166226839255,31.088583113419627,31.088583113419627,31.088583113419627,0.0,1.8708286933869704,6801.552668325079,82.49848483457136,41.24924241728568,41.24924241728568,41.24924241728568,0.0,1.3038404810405297,7549.143474593658,79.59396962081989,39.796984810409946,39.796984810409946,39.796984810409946,0.0,3.9749213828703582,9141.943338262385,77.19326395482963,38.596631977414816,38.596631977414816,38.596631977414816,0.0,1.4832396974191324,7660.998903537319,13.740451229854136,6.870225614927068,6.870225614927068,6.870225614927068,0.0,0.5477225575051662,1519.3639129583144,47.29904861622483,23.649524308112415,23.649524308112415,23.649524308112415,0.0,1.9493588689617927,4265.591717452574,65.15519933205638,32.57759966602819,32.57759966602819,32.57759966602819,0.0,1.0954451150103321,7715.203833989093,79.42795477664019,39.713977388320096,39.713977388320096,39.713977388320096,0.0,2.1679483388678804,8904.691757719635,99.68951800465283,49.84475900232641,49.84475900232641,49.84475900232641,0.0,3.0495901363953815,9563.742442161438,58.19965635637379,29.099828178186893,29.099828178186893,29.099828178186893,0.0,1.0,5634.152775706389,41.69892084934573,20.849460424672866,20.849460424672866,20.849460424672866,0.0,1.414213562373095,4264.738268639706,55.939252765835185,27.969626382917593,27.969626382917593,27.969626382917593,0.0,1.4832396974191326,5198.492348748818,38.704004960727254,19.352002480363627,19.352002480363627,19.352002480363627,0.0,0.7071067811865477,3730.8362065360093,86.64179130188849,43.320895650944244,43.320895650944244,43.320895650944244,0.0,1.0954451150103321,9041.698347102716,80.82821289624063,40.414106448120314,40.414106448120314,40.414106448120314,0.0,2.588435821108957,8485.71942736737,61.49146282208613,30.745731411043064,30.745731411043064,30.745731411043064,0.0,1.6733200530681511,6742.495072300758,111.5652275576938,55.7826137788469,55.7826137788469,55.7826137788469,0.0,3.3911649915626345,11274.11299393438,63.7808748764079,31.89043743820395,31.89043743820395,31.89043743820395,0.0,1.8708286933869707,8287.011264623694,38.0,19.0,19.0,19.0,0.0,1.224744871391589,3808.9355205883967,77.48548251124207,38.742741255621034,38.742741255621034,38.742741255621034,0.0,1.6733200530681511,7663.955851908334
0.0,62.177166226839255,31.088583113419627,31.088583113419627,31.088583113419627,0.0,1.8708286933869704,6800.834015030803,82.98674592969651,41.493372964848255,41.493372964848255,41.493372964848255,0.0,1.4142135623730951,7548.674102118862,79.67935742712788,39.83967871356394,39.83967871356394,39.83967871356394,0.0,3.9749213828703582,9199.111462527237,76.70723564306043,38.353617821530214,38.353617821530214,38.353617821530214,0.0,1.4832396974191324,7658.746679450888,13.827508813954884,6.913754406977442,6.913754406977442,6.913754406977442,0.0,0.5477225575051662,1519.6923043826998,46.48440598738463,23.242202993692317,23.242202993692317,23.242202993692317,0.0,1.9493588689617927,4265.476972156807,65.15519933205638,32.57759966602819,32.57759966602819,32.57759966602819,0.0,1.0954451150103321,7714.239839413862,79.21615996752178,39.60807998376089,39.60807998376089,39.60807998376089,0.0,2.1679483388678804,8900.73404276299,99.66343361534359,49.831716807671796,49.831716807671796,49.831716807671796,0.0,3.0495901363953815,9562.166794194714,58.04481027619954,29.02240513809977,29.02240513809977,29.02240513809977,0.0,1.0,5633.343279083922,41.01219330881976,20.50609665440988,20.50609665440988,20.50609665440988,0.0,1.414213562373095,4267.713345575122,55.91779680924491,27.958898404622456,27.958898404622456,27.958898404622456,0.0,1.4832396974191326,5202.274771674407,38.27793097856779,19.138965489283894,19.138965489283894,19.138965489283894,0.0,0.7071067811865477,3732.758899259367,86.77096288505736,43.38548144252868,43.38548144252868,43.38548144252868,0.0,1.0954451150103321,9043.43938996663,81.23299822116626,40.61649911058313,40.61649911058313,40.61649911058313,0.0,2.588435821108957,8485.319923255693,61.49146282208613,30.745731411043064,30.745731411043064,30.745731411043064,0.0,1.6733200530681511,6744.867181790906,111.24387623595287,55.621938117976434,55.621938117976434,55.621938117976434,0.0,3.3911649915626345,11267.76310098859,63.01745789858553,31.508728949292767,31.508728949292767,31.508728949292767,0.0,1.8708286933869707,8285.417478920419,37.67227096950753,18.836135484753765,18.836135484753765,18.836135484753765,0.0,1.224744871391589,3815.0054652647614,77.48548251124207,38.742741255621034,38.742741255621034,38.742741255621034,0.0,1.6733200530681511,7663.363112889797
0.0,62.038697600771734,31.019348800385867,31.019348800385867,31.019348800385867,0.0,1.8708286933869704,6802.058754524251,82.98674592969651,41.493372964848255,41.493372964848255,41.493372964848255,0.0,1.4142135623730951,7549.420474447029,79.44809626416482,39.72404813208241,39.72404813208241,39.72404813208241,0.0,3.9749213828703582,9194.718609071188,76.80624974570755,38.40312487285377,38.40312487285377,38.40312487285377,0.0,1.4832396974191324,7657.3206280003715,14.872793954062566,7.436396977031283,7.436396977031283,7.436396977031283,0.0,0.5477225575051662,1517.852693774992,46.48870830642642,23.24435415321321,23.24435415321321,23.24435415321321,0.0,1.9493588689617927,4265.252020689985,65.12449615927943,32.562248079639716,32.562248079639716,32.562248079639716,0.0,1.0,7712.345959563796,78.91260989220925,39.45630494610462,39.45630494610462,39.45630494610462,0.0,2.1679483388678804,8901.656576166033,99.65540627582631,49.827703137913154,49.827703137913154,49.827703137913154,0.0,3.0495901363953815,9560.54117192118,58.04481027619954,29.02240513809977,29.02240513809977,29.02240513809977,0.0,1.0,5635.1380018594045,41.01219330881976,20.50609665440988,20.50609665440988,20.50609665440988,0.0,1.414213562373095,4269.439565095166,55.33534132902769,27.667670664513846,27.667670664513846,27.667670664513846,0.0,1.4832396974191326,5202.418831658982,37.78888725538236,18.89444362769118,18.89444362769118,18.89444362769118,0.0,0.8366600265340755,3729.9935656780963,86.90914796498697,43.454573982493486,43.454573982493486,43.454573982493486,0.0,1.0954451150103321,9044.612136515307,81.6455755078008,40.8227877539004,40.8227877539004,40.8227877539004,0.0,2.588435821108957,8487.91232871782,61.68306088384396,30.84153044192198,30.84153044192198,30.84153044192198,0.0,1.6733200530681511,6747.749906450297,111.66378105724344,55.83189052862172,55.83189052862172,55.83189052862172,0.0,3.7682887362833544,11301.535625745733,62.648224236605465,31.324112118302732,31.324112118302732,31.324112118302732,0.0,1.6431676725154982,8283.229370239605,37.67227096950753,18.836135484753765,18.836135484753765,18.836135484753765,0.0,1.224744871391589,3819.6187244278713,77.88966555326836,38.94483277663418,38.94483277663418,38.94483277663418,0.0,1.6733200530681511,7661.906224954727
0.0,62.038697600771734,31.019348800385867,31.019348800385867,31.019348800385867,0.0,1.8708286933869704,6803.08095644907,83.10956623638461,41.554783118192304,41.554783118192304,41.554783118192304,0.0,1.4142135623730951,7555.703838822695,79.12774481811041,39.56387240905521,39.56387240905521,39.56387240905521,0.0,3.5637059362410923,9199.245186426982,77.51902992169084,38.75951496084542,38.75951496084542,38.75951496084542,0.0,1.4832396974191324,7658.0713825349,14.872793954062566,7.436396977031283,7.436396977031283,7.436396977031283,0.0,0.5477225575051662,1517.2294816539784,46.48870830642642,23.24435415321321,23.24435415321321,23.24435415321321,0.0,1.9493588689617927,4265.193465717587,64.82900585386143,32.414502926930716,32.414502926930716,32.414502926930716,0.0,1.0,7710.374128406481,78.91260989220925,39.45630494610462,39.45630494610462,39.45630494610462,0.0,2.1679483388678804,8898.52359664231,98.86758821777741,49.433794108888705,49.433794108888705,49.433794108888705,0.0,2.701851217221259,9559.168567401664,58.19621980850646,29.09810990425323,29.09810990425323,29.09810990425323,0.0,1.0,5632.34684656405,41.01219330881976,20.50609665440988,20.50609665440988,20.50609665440988,0.0,1.414213562373095,4274.884173869509,55.328112203472124,27.664056101736062,27.664056101736062,27.664056101736062,0.0,1.5165750888103098,5204.743125265645,37.35237609577201,18.676188047886004,18.676188047886004,18.676188047886004,0.0,0.8366600265340755,3733.027417525888,86.90914796498697,43.454573982493486,43.454573982493486,43.454573982493486,0.0,1.0954451150103321,9043.475742213279,82.21192127666157,41.105960638330785,41.105960638330785,41.105960638330785,0.0,2.588435821108957,8489.506128156101,61.82232606429493,30.911163032147464,30.911163032147464,30.911163032147464,0.0,1.6733200530681511,6746.2120111956165,110.6652610352499,55.33263051762495,55.33263051762495,55.33263051762495,0.0,3.3911649915626345,11300.42324428603,62.289646009589745,31.144823004794873,31.144823004794873,31.144823004794873,0.0,1.6431676725154982,8282.774734350802,37.002702603999076,18.501351301999538,18.501351301999538,18.501351301999538,0.0,1.224744871391589,3821.0675864213654,78.74769837906376,39.37384918953188,39.37384918953188,39.37384918953188,0.0,1.6733200530681511,7663.987884906916
0.0,62.038697600771734,31.019348800385867,31.019348800385867,31.019348800385867,0.0,1.8708286933869704,6804.852555346074,83.10956623638461,41.554783118192304,41.554783118192304,41.554783118192304,0.0,1.4142135623730951,7559.0583275961035,78.39132605078191,39.19566302539096,39.19566302539096,39.19566302539096,0.0,3.5637059362410923,9195.737398381927,77.19326395482963,38.596631977414816,38.596631977414816,38.596631977414816,0.0,1.2247448713915892,7656.897315492744,15.836666315863324,7.918333157931662,7.918333157931662,7.918333157931662,0.0,0.5477225575051662,1514.2852109163584,47.273671319244926,23.636835659622463,23.636835659622463,23.636835659622463,0.0,1.9493588689617927,4263.709499954236,64.82900585386143,32.414502926930716,32.414502926930716,32.414502926930716,0.0,1.0,7712.8316914088045,78.86697661252141,39.433488306260706,39.433488306260706,39.433488306260706,0.0,2.23606797749979,8893.043584735206,98.38699100999075,49.193495504995376,49.193495504995376,49.193495504995376,0.0,2.701851217221259,9554.01584675261,57.92063535563125,28.960317677815624,28.960317677815624,28.960317677815624,0.0,1.0,5630.967483479193,41.01219330881976,20.50609665440988,20.50609665440988,20.50609665440988,0.0,1.414213562373095,4271.500942291831,55.12531179050147,27.562655895250735,27.562655895250735,27.562655895250735,0.0,1.5165750888103098,5206.022502832657,38.24656847352452,19.12328423676226,19.12328423676226,19.12328423676226,0.0,0.8366600265340755,3739.377381329678,87.33155214468594,43.66577607234297,43.66577607234297,43.66577607234297,0.0,1.0954451150103321,9044.186768305926,81.56715025057575,40.783575125287875,40.783575125287875,40.783575125287875,0.0,2.1908902300206643,8489.84005738624,61.30905316509136,30.65452658254568,30.65452658254568,30.65452658254568,0.0,1.6733200530681511,6747.7334490923695,111.44505372604026,55.72252686302013,55.72252686302013,55.72252686302013,0.0,3.3911649915626345,11307.264426022768,62.289646009589745,31.144823004794873,31.144823004794873,31.144823004794873,0.0,1.6431676725154982,8280.422090690789,38.0,19.0,19.0,19.0,0.0,1.224744871391589,3823.382834611256,78.74769837906376,39.37384918953188,39.37384918953188,39.37384918953188,0.0,1.6733200530681511,7667.564391643542
0.0,62.02257653467808,31.01128826733904,31.01128826733904,31.01128826733904,0.0,1.8708286933869704,6802.680339395642,83.70663056174224,41.85331528087112,41.85331528087112,41.85331528087112,0.0,1.4142135623730951,7554.910277428846,78.90500617831546,39.45250308915773,39.45250308915773,39.45250308915773,0.0,3.5637059362410923,9196.217793201726,77.19326395482963,38.596631977414816,38.596631977414816,38.596631977414816,0.0,1.2247448713915892,7655.905250197393,16.284962388657824,8.142481194328912,8.142481194328912,8.142481194328912,0.0,0.5477225575051662,1515.3000362964426,48.46854650182941,24.234273250914704,24.234273250914704,24.234273250914704,0.0,1.9493588689617927,4265.313212414769,64.82900585386143,32.414502926930716,32.414502926930716,32.414502926930716,0.0,1.0,7711.814462239091,79.1252172192911,39.56260860964555,39.56260860964555,39.56260860964555,0.0,2.23606797749979,8891.863145595527,98.38089245376868,49.19044622688434,49.19044622688434,49.19044622688434,0.0,2.701851217221259,9554.980130800901,57.92063535563125,28.960317677815624,28.960317677815624,28.960317677815624,0.0,1.0,5629.091649635845,40.99756090305861,20.498780451529306,20.498780451529306,20.498780451529306,0.0,1.414213562373095,4268.291426320372,55.136195008360886,27.568097504180443,27.568097504180443,27.568097504180443,0.0,1.5165750888103098,5204.515107096913,38.24656847352452,19.12328423676226,19.12328423676226,19.12328423676226,0.0,0.8366600265340755,3739.23739551262,87.47113809708893,43.73556904854446,43.73556904854446,43.73556904854446,0.0,1.0954451150103321,9041.344606860199,82.1413416009259,41.07067080046295,41.07067080046295,41.07067080046295,0.0,2.1908902300206643,8489.77109232045,61.30905316509136,30.65452658254568,30.65452658254568,30.65452658254568,0.0,1.6733200530681511,6748.699259857413,110.87470405822963,55.43735202911481,55.43735202911481,55.43735202911481,0.0,3.3911649915626345,11303.659354386084,61.880530055906924,30.940265027953462,30.940265027953462,30.940265027953462,0.0,1.816590212458495,8282.42865951769,37.87875393937874,18.93937696968937,18.93937696968937,18.93937696968937,0.0,1.224744871391589,3822.6795968273354,78.93541663917408,39.46770831958704,39.46770831958704,39.46770831958704,0.0,1.6733200530681511,7668.673920568014
0.0,62.0,31.0,31.0,31.0,0.0,1.8708286933869704,6801.441920651826,83.70663056174224,41.85331528087112,41.85331528087112,41.85331528087112,0.0,1.4142135623730951,7557.231007452398,79.33977564878792,39.66988782439396,39.66988782439396,39.66988782439396,0.0,3.5637059362410923,9196.675774430672,76.70723564306043,38.353617821530214,38.353617821530214,38.353617821530214,0.0,1.2247448713915892,7657.25762267406,16.63730747446834,8.31865373723417,8.31865373723417,8.31865373723417,0.0,0.5477225575051662,1516.2912648960291,57.619441163551734,28.809720581775867,28.809720581775867,28.809720581775867,0.0,2.16794833886788,4842.228175127645,65.34523701081817,32.67261850540908,32.67261850540908,32.67261850540908,0.0,1.0,7712.422433969758,79.1252172192911,39.56260860964555,39.56260860964555,39.56260860964555,0.0,2.23606797749979,8887.485679313357,97.90403464617789,48.952017323088945,48.952017323088945,48.952017323088945,0.0,2.701851217221259,9554.964636250625,57.76850352917237,28.884251764586185,28.884251764586185,28.884251764586185,0.0,1.0,5630.927321498653,41.19708727568006,20.59854363784003,20.59854363784003,20.59854363784003,0.0,1.414213562373095,4265.2503795205275,55.136195008360886,27.568097504180443,27.568097504180443,27.568097504180443,0.0,1.5165750888103098,5201.617700292862,38.24656847352452,19.12328423676226,19.12328423676226,19.12328423676226,0.0,0.8366600265340755,3740.551389835461,87.07008671179787,43.535043355898935,43.535043355898935,43.535043355898935,0.0,1.0954451150103321,9044.098445948053,82.1413416009259,41.07067080046295,41.07067080046295,41.07067080046295,0.0,2.1908902300206643,8493.886377860255,62.04192131131982,31.02096065565991,31.02096065565991,31.02096065565991,0.0,1.6733200530681511,6744.414451974315,110.19437372207348,55.09718686103674,55.09718686103674,55.09718686103674,0.0,3.03315017762062,11302.932022267496,60.876925020897694,30.438462510448847,30.438462510448847,30.438462510448847,0.0,1.816590212458495,8281.987593567139,38.33014479492609,19.165072397463046,19.165072397463046,19.165072397463046,0.0,1.224744871391589,3824.847774748689,78.93541663917408,39.46770831958704,39.46770831958704,39.46770831958704,0.0,1.6733200530681511,7670.663595804473
0.0,62.0,31.0,31.0,31.0,0.0,1.8708286933869704,6800.7993500764305,83.8379389059631,41.91896945298155,41.91896945298155,41.91896945298155,0.0,1.4142135623730951,7558.348344711297,79.43047274188918,39.71523637094459,39.71523637094459,39.71523637094459,0.0,3.5637059362410923,9195.618646942685,76.38586256631524,38.19293128315762,38.19293128315762,38.19293128315762,0.0,1.2247448713915892,7657.121828729121,16.40731544159495,8.203657720797475,8.203657720797475,8.203657720797475,0.0,0.5477225575051662,1509.887975977026,57.619441163551734,28.809720581775867,28.809720581775867,28.809720581775867,0.0,2.16794833886788,4846.978852852569,65.80881399934206,32.90440699967103,32.90440699967103,32.90440699967103,0.0,1.0,7711.176447209596,86.52860798602968,43.26430399301484,43.26430399301484,43.26430399301484,0.0,2.701851217221259,9689.770136592508,97.87134412073843,48.935672060369214,48.935672060369214,48.935672060369214,0.0,2.701851217221259,9551.637362253658,57.92063535563125,28.960317677815624,28.960317677815624,28.960317677815624,0.0,1.0,5630.1454688133945,41.02194534636309,20.510972673181545,20.510972673181545,20.510972673181545,0.0,1.414213562373095,4265.709237629775,54.9836339286519,27.49181696432595,27.49181696432595,27.49181696432595,0.0,1.5165750888103098,5199.371385081085,37.43260610751007,18.716303053755034,18.716303053755034,18.716303053755034,0.0,0.8366600265340755,3740.835695402833,87.07008671179787,43.535043355898935,43.535043355898935,43.535043355898935,0.0,1.0954451150103321,9042.076077981206,80.24213357083671,40.12106678541836,40.12106678541836,40.12106678541836,0.0,2.1908902300206643,8495.436992880355,61.68306088384396,30.84153044192198,30.84153044192198,30.84153044192198,0.0,1.5165750888103102,6743.343547528926,110.8115517443917,55.40577587219585,55.40577587219585,55.40577587219585,0.0,3.7682887362833544,11350.107774818704,61.13264267148934,30.56632133574467,30.56632133574467,30.56632133574467,0.0,1.816590212458495,8284.552329486489,38.02630668366309,19.013153341831543,19.013153341831543,19.013153341831543,0.0,0.8366600265340753,3825.11250814927,78.2559901860554,39.1279950930277,39.1279950930277,39.1279950930277,0.0,1.6733200530681511,7671.292537767023
0.0,62.0,31.0,31.0,31.0,0.0,1.8708286933869704,6799.886006397461,83.8379389059631,41.91896945298155,41.91896945298155,41.91896945298155,0.0,1.4142135623730951,7558.787521818562,79.1504895752389,39.57524478761945,39.57524478761945,39.57524478761945,0.0,3.1622776601683795,9194.138279360388,76.1656090371501,38.08280451857505,38.08280451857505,38.08280451857505,0.0,1.2247448713915892,7654.356158423777,16.14930339054908,8.07465169527454,8.07465169527454,8.07465169527454,0.0,0.5477225575051662,1511.4210862628588,57.619441163551734,28.809720581775867,28.809720581775867,28.809720581775867,0.0,2.16794833886788,4847.468597113343,65.80881399934206,32.90440699967103,32.90440699967103,32.90440699967103,0.0,1.0,7712.626154559807,86.0976190146975,43.04880950734875,43.04880950734875,43.04880950734875,0.0,2.701851217221259,9689.311079741428,97.39609848448757,48.69804924224378,48.69804924224378,48.69804924224378,0.0,2.701851217221259,9552.897167875304,57.92063535563125,28.960317677815624,28.960317677815624,28.960317677815624,0.0,1.0,5628.504890288362,41.02194534636309,20.510972673181545,20.510972673181545,20.510972673181545,0.0,1.414213562373095,4265.5227346715665,55.76020086047037,27.880100430235185,27.880100430235185,27.880100430235185,0.0,1.5165750888103098,5196.522471807468,36.97025831665232,18.48512915832616,18.48512915832616,18.48512915832616,0.0,0.8366600265340755,3737.347883192037,87.60593587194877,43.80296793597439,43.80296793597439,43.80296793597439,0.0,1.0954451150103321,9043.559824538122,80.24213357083671,40.12106678541836,40.12106678541836,40.12106678541836,0.0,2.1908902300206643,8489.77720555728,61.68306088384396,30.84153044192198,30.84153044192198,30.84153044192198,0.0,1.5165750888103102,6743.070999181307,110.3757219681937,55.18786098409685,55.18786098409685,55.18786098409685,0.0,3.3911649915626345,11351.231664449457,59.799665550904216,29.899832775452108,29.899832775452108,29.899832775452108,0.0,1.816590212458495,8282.638245148704,37.373787605753854,18.686893802876927,18.686893802876927,18.686893802876927,0.0,0.8366600265340753,3821.9757717704074,78.45253341989665,39.22626670994833,39.22626670994833,39.22626670994833,0.0,1.6733200530681511,7671.289383148051
0.0,62.00967666421104,31.00483833210552,31.00483833210552,31.00483833210552,0.0,1.8708286933869704,6796.443680337534,84.09042751704857,42.045213758524284,42.045213758524284,42.045213758524284,0.0,1.4142135623730951,7561.611580873485,79.1504895752389,39.57524478761945,39.57524478761945,39.57524478761945,0.0,3.1622776601683795,9195.152788290143,76.39895287240526,38.19947643620263,38.19947643620263,38.19947643620263,0.0,1.2247448713915892,7650.641652828866,16.14930339054908,8.07465169527454,8.07465169527454,8.07465169527454,0.0,0.5477225575051662,1512.3452648122386,57.619441163551734,28.809720581775867,28.809720581775867,28.809720581775867,0.0,2.16794833886788,4848.303125836915,66.29630457272864,33.14815228636432,33.14815228636432,33.14815228636432,0.0,1.0,7712.586984922763,86.37823800008888,43.18911900004444,43.18911900004444,43.18911900004444,0.0,2.701851217221259,9688.477460364968,97.40020533859258,48.70010266929629,48.70010266929629,48.70010266929629,0.0,2.701851217221259,9552.2108697411,55.670458952661775,27.835229476330888,27.835229476330888,27.835229476330888,0.0,1.0,5627.568018247314,41.02194534636309,20.510972673181545,20.510972673181545,20.510972673181545,0.0,1.414213562373095,4265.250402965809,55.62373594069352,27.81186797034676,27.81186797034676,27.81186797034676,0.0,1.5165750888103098,5195.764929247665,36.97025831665232,18.48512915832616,18.48512915832616,18.48512915832616,0.0,0.8366600265340755,3735.108525866417,87.60593587194877,43.80296793597439,43.80296793597439,43.80296793597439,0.0,1.0954451150103321,9042.551548097472,80.24213357083671,40.12106678541836,40.12106678541836,40.12106678541836,0.0,2.1908902300206643,8491.948904697909,62.41794613730894,31.20897306865447,31.20897306865447,31.20897306865447,0.0,1.5165750888103102,6744.409892644426,110.58933040759402,55.29466520379701,55.29466520379701,55.29466520379701,0.0,3.3911649915626345,11352.155486954889,59.799665550904216,29.899832775452108,29.899832775452108,29.899832775452108,0.0,1.816590212458495,8285.039197251876,37.02971779530598,18.51485889765299,18.51485889765299,18.51485889765299,0.0,0.894427190999916,3823.063562118736,79.10246519546658,39.55123259773329,39.55123259773329,39.55123259773329,0.0,1.7888543819998317,7668.583265506087
0.0,62.00967666421104,31.00483833210552,31.00483833210552,31.00483833210552,0.0,1.8708286933869704,6796.924061662011,83.75440286934175,41.87720143467087,41.87720143467087,41.87720143467087,0.0,1.4142135623730951,7561.612678523014,79.61155694998057,39.805778474990284,39.805778474990284,39.805778474990284,0.0,3.3466401061363023,9195.064752354929,76.49052228871234,38.24526114435617,38.24526114435617,38.24526114435617,0.0,1.2247448713915892,7649.793833823236,16.34625339336204,8.17312669668102,8.17312669668102,8.17312669668102,0.0,0.5477225575051662,1516.4351947907303,57.155927076725824,28.577963538362912,28.577963538362912,28.577963538362912,0.0,2.16794833886788,4847.847439843791,66.27820154470096,33.13910077235048,33.13910077235048,33.13910077235048,0.0,1.0,7715.9509653703735,86.37823800008888,43.18911900004444,43.18911900004444,43.18911900004444,0.0,2.701851217221259,9692.123848775354,97.08346924167884,48.54173462083942,48.54173462083942,48.54173462083942,0.0,2.701851217221259,9551.296022006649,54.92904514007139,27.464522570035694,27.464522570035694,27.464522570035694,0.0,1.0,5626.994553045169,40.32369030731191,20.161845153655953,20.161845153655953,20.161845153655953,0.0,1.414213562373095,4265.900045711339,55.62373594069352,27.81186797034676,27.81186797034676,27.81186797034676,0.0,1.5165750888103098,5198.553981637586,36.97025831665232,18.48512915832616,18.48512915832616,18.48512915832616,0.0,0.8366600265340755,3735.751423743288,88.6408483713914,44.3204241856957,44.3204241856957,44.3204241856957,0.0,1.0954451150103321,9043.079746413829,80.1947629212781,40.09738146063905,40.09738146063905,40.09738146063905,0.0,2.1908902300206643,8490.897225853108,62.56836261242578,31.28418130621289,31.28418130621289,31.28418130621289,0.0,1.5165750888103102,6744.47839347121,110.15806824740528,55.07903412370264,55.07903412370264,55.07903412370264,0.0,3.03315017762062,11346.54527598599,59.799665550904216,29.899832775452108,29.899832775452108,29.899832775452108,0.0,1.816590212458495,8287.868857553189,37.02971779530598,18.51485889765299,18.51485889765299,18.51485889765299,0.0,0.894427190999916,3821.7226874800845,78.73245836375237,39.366229181876186,39.366229181876186,39.366229181876186,0.0,1.7888543819998317,7669.578326088078
0.0,62.00967666421104,31.00483833210552,31.00483833210552,31.00483833210552,0.0,1.8708286933869704,6794.72306278924,83.75440286934175,41.87720143467087,41.87720143467087,41.87720143467087,0.0,1.4142135623730951,7559.800460329624,80.16981975781161,40.084909878905805,40.084909878905805,40.084909878905805,0.0,3.3466401061363023,9191.320052092626,76.2286035553584,38.1143017776792,38.1143017776792,38.1143017776792,0.0,1.2247448713915892,7650.269197877941,16.34625339336204,8.17312669668102,8.17312669668102,8.17312669668102,0.0,0.5477225575051662,1516.3198211459217,57.452589149663225,28.726294574831613,28.726294574831613,28.726294574831613,0.0,2.16794833886788,4853.574332386391,66.27216610312357,33.13608305156178,33.13608305156178,33.13608305156178,0.0,1.0,7720.338898001823,85.94649498379792,42.97324749189896,42.97324749189896,42.97324749189896,0.0,2.701851217221259,9695.347507954524,97.6012295004525,48.80061475022625,48.80061475022625,48.80061475022625,0.0,2.701851217221259,9553.90154858213,55.08901886946254,27.54450943473127,27.54450943473127,27.54450943473127,0.0,1.0,5628.865942621124,40.99756090305861,20.498780451529306,20.498780451529306,20.498780451529306,0.0,1.414213562373095,4263.04935462868,55.46891021103624,27.73445510551812,27.73445510551812,27.73445510551812,0.0,1.5165750888103098,5198.244049676775,36.851051545376556,18.425525772688278,18.425525772688278,18.425525772688278,0.0,0.8366600265340755,3735.1000388209154,88.24511317914437,44.122556589572184,44.122556589572184,44.122556589572184,0.0,1.0954451150103321,9044.150828021391,80.73908594974309,40.36954297487154,40.36954297487154,40.36954297487154,0.0,2.1908902300206643,8490.040418042778,62.56836261242578,31.28418130621289,31.28418130621289,31.28418130621289,0.0,1.5165750888103102,6744.060090183064,110.15806824740528,55.07903412370264,55.07903412370264,55.07903412370264,0.0,3.03315017762062,11340.541689002337,59.22161767462959,29.610808837314796,29.610808837314796,29.610808837314796,0.0,1.816590212458495,8286.795327507492,36.370317568038914,18.185158784019457,18.185158784019457,18.185158784019457,0.0,0.894427190999916,3818.70394243911,78.05126520435142,39.02563260217571,39.02563260217571,39.02563260217571,0.0,1.4142135623730951,7667.52019886482
0.0,62.00967666421104,31.00483833210552,31.00483833210552,31.00483833210552,0.0,1.8708286933869704,6798.294072780318,83.31386439242871,41.656932196214356,41.656932196214356,41.656932196214356,0.0,1.7888543819998317,7557.035814391777,80.39154184365418,40.19577092182709,40.19577092182709,40.19577092182709,0.0,3.3466401061363023,9186.36123282772,76.03420283004222,38.01710141502111,38.01710141502111,38.01710141502111,0.0,1.2247448713915892,7648.856927672265,16.34625339336204,8.17312669668102,8.17312669668102,8.17312669668102,0.0,0.5477225575051662,1519.18211548188,57.260806840281255,28.630403420140627,28.630403420140627,28.630403420140627,0.0,2.16794833886788,4853.1509867301675,67.23986912539316,33.61993456269658,33.61993456269658,33.61993456269658,0.0,1.0,7722.76998233147,85.94649498379792,42.97324749189896,42.97324749189896,42.97324749189896,0.0,2.701851217221259,9695.655351754207,98.38292534784682,49.19146267392341,49.19146267392341,49.19146267392341,0.0,2.701851217221259,9555.286610039493,55.08901886946254,27.54450943473127,27.54450943473127,27.54450943473127,0.0,1.0,5627.767363706499,40.99756090305861,20.498780451529306,20.498780451529306,20.498780451529306,0.0,1.414213562373095,4263.747037524623,55.63452165697122,27.81726082848561,27.81726082848561,27.81726082848561,0.0,1.5165750888103098,5197.9756444215855,36.5349148076193,18.26745740380965,18.26745740380965,18.26745740380965,0.0,0.8366600265340755,3734.0035886431606,88.10675343014292,44.05337671507146,44.05337671507146,44.05337671507146,0.0,1.0954451150103321,9041.09840118998,80.11242100947892,40.05621050473946,40.05621050473946,40.05621050473946,0.0,2.1908902300206643,8489.099080585642,62.77897737300282,31.38948868650141,31.38948868650141,31.38948868650141,0.0,1.5165750888103102,6746.091349811385,111.02612305218983,55.513061526094916,55.513061526094916,55.513061526094916,0.0,3.7682887362833544,11372.974470207871,58.72989017527617,29.364945087638084,29.364945087638084,29.364945087638084,0.0,1.816590212458495,8284.38105714603,35.96109008358896,17.98054504179448,17.98054504179448,17.98054504179448,0.0,0.894427190999916,3819.4260301778327,78.45253341989665,39.22626670994833,39.22626670994833,39.22626670994833,0.0,1.4142135623730951,7668.3397029604785
0.0,61.62142484558434,30.81071242279217,30.81071242279217,30.81071242279217,0.0,1.8708286933869704,6795.594396371815,83.5344240418284,41.7672120209142,41.7672120209142,41.7672120209142,0.0,1.7888543819998317,7552.693572494518,80.87026647662292,40.43513323831146,40.43513323831146,40.43513323831146,0.0,3.3466401061363023,9186.004120399686,76.03420283004222,38.01710141502111,38.01710141502111,38.01710141502111,0.0,1.2247448713915892,7645.6236305483935,16.34625339336204,8.17312669668102,8.17312669668102,8.17312669668102,0.0,0.5477225575051662,1520.5570360890774,57.9068217052188,28.9534108526094,28.9534108526094,28.9534108526094,0.0,2.16794833886788,4853.460981608897,66.94176573709422,33.47088286854711,33.47088286854711,33.47088286854711,0.0,1.0,7724.204217911383,86.09994192797113,43.049970963985565,43.049970963985565,43.049970963985565,0.0,2.701851217221259,9693.469425339928,98.69143833180262,49.34571916590131,49.34571916590131,49.34571916590131,0.0,2.701851217221259,9551.6172086197,54.468339427597755,27.234169713798877,27.234169713798877,27.234169713798877,0.0,1.0,5627.682355997004,41.19708727568006,20.59854363784003,20.59854363784003,20.59854363784003,0.0,1.414213562373095,4262.831066322005,55.034534612368624,27.517267306184312,27.517267306184312,27.517267306184312,0.0,1.5165750888103098,5196.4030155483515,36.5349148076193,18.26745740380965,18.26745740380965,18.26745740380965,0.0,0.8366600265340755,3737.6387332111167,88.25644452389865,44.128222261949325,44.128222261949325,44.128222261949325,0.0,1.0954451150103321,9041.341144985074,80.11242100947892,40.05621050473946,40.05621050473946,40.05621050473946,0.0,2.1908902300206643,8489.449882059496,62.77897737300282,31.38948868650141,31.38948868650141,31.38948868650141,0.0,1.5165750888103102,6746.580971129006,111.05494135787025,55.527470678935124,55.527470678935124,55.527470678935124,0.0,3.3911649915626345,11372.119019778153,59.12698199637793,29.563490998188964,29.563490998188964,29.563490998188964,0.0,1.816590212458495,8287.150113277785,35.52463933666322,17.76231966833161,17.76231966833161,17.76231966833161,0.0,0.894427190999916,3819.664186810144,77.10512304639687,38.552561523198435,38.552561523198435,38.552561523198435,0.0,1.4142135623730951,7671.757165082847
0.0,61.520728214155596,30.760364107077798,30.760364107077798,30.760364107077798,0.0,1.8708286933869704,6797.076334719215,83.5344240418284,41.7672120209142,41.7672120209142,41.7672120209142,0.0,1.7888543819998317,7555.033732552092,80.87026647662292,40.43513323831146,40.43513323831146,40.43513323831146,0.0,3.3466401061363023,9187.23128586627,75.35781313175164,37.67890656587582,37.67890656587582,37.67890656587582,0.0,1.2247448713915892,7642.916445964852,16.34625339336204,8.17312669668102,8.17312669668102,8.17312669668102,0.0,0.5477225575051662,1519.5258470983638,58.16528174091483,29.082640870457414,29.082640870457414,29.082640870457414,0.0,2.16794833886788,4854.317902651205,66.27820154470096,33.13910077235048,33.13910077235048,33.13910077235048,0.0,1.0,7725.067818472534,85.88829955238374,42.94414977619187,42.94414977619187,42.94414977619187,0.0,2.701851217221259,9693.342545273019,98.69143833180262,49.34571916590131,49.34571916590131,49.34571916590131,0.0,2.701851217221259,9553.555531842581,54.468339427597755,27.234169713798877,27.234169713798877,27.234169713798877,0.0,1.0,5634.056291873556,40.511726697340364,20.255863348670182,20.255863348670182,20.255863348670182,0.0,1.414213562373095,4262.577799876502,54.99090833947008,27.49545416973504,27.49545416973504,27.49545416973504,0.0,1.5165750888103098,5186.650971484393,36.2381014955254,18.1190507477627,18.1190507477627,18.1190507477627,0.0,0.8366600265340755,3738.9905723336615,87.46885159872627,43.73442579936314,43.73442579936314,43.73442579936314,0.0,1.0954451150103321,9041.225425792678,80.11242100947892,40.05621050473946,40.05621050473946,40.05621050473946,0.0,2.1908902300206643,8492.925332298642,62.34420582540129,31.172102912700645,31.172102912700645,31.172102912700645,0.0,1.5165750888103102,6745.381731229153,110.8115517443917,55.40577587219585,55.40577587219585,55.40577587219585,0.0,3.3911649915626345,11373.16531577731,58.777546733425346,29.388773366712673,29.388773366712673,29.388773366712673,0.0,1.816590212458495,8289.475315120975,35.3100552251055,17.65502761255275,17.65502761255275,17.65502761255275,0.0,0.894427190999916,3815.6845650551354,77.7174369109018,38.8587184554509,38.8587184554509,38.8587184554509,0.0,1.4142135623730951,7673.468707175393
0.0,61.65062854505216,30.82531427252608,30.82531427252608,30.82531427252608,0.0,1.8708286933869704,6799.948367451035,84.14748956445463,42.073744782227315,42.073744782227315,42.073744782227315,0.0,1.7888543819998317,7552.2076044028345,81.37075641776964,40.68537820888482,40.68537820888482,40.68537820888482,0.0,3.3466401061363023,9181.142864589354,75.35781313175164,37.67890656587582,37.67890656587582,37.67890656587582,0.0,1.2247448713915892,7644.976991463088,16.34625339336204,8.17312669668102,8.17312669668102,8.17312669668102,0.0,0.5477225575051662,1517.8496961161866,58.16528174091483,29.082640870457414,29.082640870457414,29.082640870457414,0.0,2.16794833886788,4853.8515943526745,65.98484674529449,32.992423372647245,32.992423372647245,32.992423372647245,0.0,1.0,7726.447210717226,86.34813257969161,43.174066289845804,43.174066289845804,43.174066289845804,0.0,2.4083189157584592,9694.035315594843,99.20282254049025,49.60141127024512,49.60141127024512,49.60141127024512,0.0,2.701851217221259,9554.204111280018,54.63698381133424,27.31849190566712,27.31849190566712,27.31849190566712,0.0,1.0,5635.7994730117925,40.511726697340364,20.255863348670182,20.255863348670182,20.255863348670182,0.0,1.414213562373095,4263.101652552987,54.9836339286519,27.49181696432595,27.49181696432595,27.49181696432595,0.0,1.5165750888103098,5185.597766892453,37.05671329192593,18.528356645962965,18.528356645962965,18.528356645962965,0.0,0.8366600265340755,3734.649340968975,87.50542840304252,43.75271420152126,43.75271420152126,43.75271420152126,0.0,1.0954451150103321,9042.610944854368,79.49087998003293,39.745439990016465,39.745439990016465,39.745439990016465,0.0,2.1908902300206643,8491.446225467133,63.8529560787909,31.92647803939545,31.92647803939545,31.92647803939545,0.0,1.9235384061671343,6744.838826836412,111.59211441674542,55.79605720837271,55.79605720837271,55.79605720837271,0.0,3.3911649915626345,11370.64714517164,58.777546733425346,29.388773366712673,29.388773366712673,29.388773366712673,0.0,1.816590212458495,8291.869891646877,35.3100552251055,17.65502761255275,17.65502761255275,17.65502761255275,0.0,0.894427190999916,3818.9119916541677,77.7174369109018,38.8587184554509,38.8587184554509,38.8587184554509,0.0,1.4142135623730951,7677.5575413017905
0.0,62.47239390322737,31.236196951613685,31.236196951613685,31.236196951613685,0.0,1.8708286933869704,6802.006556891871,84.76555904375314,42.38277952187657,42.38277952187657,42.38277952187657,0.0,1.7888543819998317,7551.054250897685,81.06293851076458,40.53146925538229,40.53146925538229,40.53146925538229,0.0,2.9664793948382653,9182.17842889148,75.35781313175164,37.67890656587582,37.67890656587582,37.67890656587582,0.0,1.2247448713915892,7647.1933413507995,15.658863304850707,7.829431652425353,7.829431652425353,7.829431652425353,0.0,0.5477225575051662,1515.9516812880283,57.609027070416666,28.804513535208333,28.804513535208333,28.804513535208333,0.0,2.16794833886788,4852.77738001652,66.50413520977474,33.25206760488737,33.25206760488737,33.25206760488737,0.0,1.0,7725.636012652939,86.62101361678931,43.310506808394656,43.310506808394656,43.310506808394656,0.0,2.4083189157584592,9695.250089605734,98.72790892143924,49.36395446071962,49.36395446071962,49.36395446071962,0.0,2.701851217221259,9554.802075396434,54.63698381133424,27.31849190566712,27.31849190566712,27.31849190566712,0.0,1.0,5636.813355079269,40.50678955434508,20.25339477717254,20.25339477717254,20.25339477717254,0.0,1.414213562373095,4261.2138294152755,54.9836339286519,27.49181696432595,27.49181696432595,27.49181696432595,0.0,1.5165750888103098,5182.817448068184,37.13219627223793,18.566098136118963,18.566098136118963,18.566098136118963,0.0,0.8366600265340755,3733.4870027897514,87.50542840304252,43.75271420152126,43.75271420152126,43.75271420152126,0.0,1.0954451150103321,9047.085923102533,79.49087998003293,39.745439990016465,39.745439990016465,39.745439990016465,0.0,2.1908902300206643,8492.041762732917,63.8529560787909,31.92647803939545,31.92647803939545,31.92647803939545,0.0,1.9235384061671343,6750.228640572111,111.12515466805884,55.56257733402942,55.56257733402942,55.56257733402942,0.0,3.3911649915626345,11411.952120474394,58.21683605281208,29.10841802640604,29.10841802640604,29.10841802640604,0.0,1.816590212458495,8295.10269978618,35.70994259306503,17.854971296532515,17.854971296532515,17.854971296532515,0.0,0.894427190999916,3816.194544307195,77.7174369109018,38.8587184554509,38.8587184554509,38.8587184554509,0.0,1.4142135623730951,7678.963816817995
0.0,62.47239390322737,31.236196951613685,31.236196951613685,31.236196951613685,0.0,1.8708286933869704,6799.39500985198,84.76555904375314,42.38277952187657,42.38277952187657,42.38277952187657,0.0,1.7888543819998317,7555.406296156415,81.94388323724962,40.97194161862481,40.97194161862481,40.97194161862481,0.0,2.9664793948382653,9185.091278806107,75.17978451685,37.589892258425,37.589892258425,37.589892258425,0.0,1.2247448713915892,7643.40711332322,15.658863304850707,7.829431652425353,7.829431652425353,7.829431652425353,0.0,0.5477225575051662,1516.534635278733,57.609027070416666,28.804513535208333,28.804513535208333,28.804513535208333,0.0,2.16794833886788,4857.422238183541,66.50413520977474,33.25206760488737,33.25206760488737,33.25206760488737,0.0,1.0,7722.74044624057,86.2392022226551,43.11960111132755,43.11960111132755,43.11960111132755,0.0,2.4083189157584592,9694.29420845066,98.72790892143924,49.36395446071962,49.36395446071962,49.36395446071962,0.0,2.701851217221259,9558.1044825844,54.63698381133424,27.31849190566712,27.31849190566712,27.31849190566712,0.0,1.0,5637.104646890991,77.00129869034679,38.50064934517339,38.50064934517339,38.50064934517339,0.0,2.3021728866442674,7855.217228059323,54.9836339286519,27.49181696432595,27.49181696432595,27.49181696432595,0.0,1.5165750888103098,5182.17901080231,37.48066168039193,18.740330840195966,18.740330840195966,18.740330840195966,0.0,0.8366600265340755,3736.9536791349183,87.85897791347222,43.92948895673611,43.92948895673611,43.92948895673611,0.0,1.0954451150103321,9044.533829888636,78.81624198095213,39.408120990476064,39.408120990476064,39.408120990476064,0.0,2.1908902300206643,8489.730749558552,63.8529560787909,31.92647803939545,31.92647803939545,31.92647803939545,0.0,1.9235384061671343,6753.855025094927,110.71043311269268,55.35521655634634,55.35521655634634,55.35521655634634,0.0,3.3466401061363023,11409.566810356999,58.21683605281208,29.10841802640604,29.10841802640604,29.10841802640604,0.0,1.816590212458495,8295.751774251687,36.68787265568828,18.34393632784414,18.34393632784414,18.34393632784414,0.0,1.1401754250991378,3816.9492137045786,78.14857644256868,39.07428822128434,39.07428822128434,39.07428822128434,0.0,1.4142135623730951,7680.181260881803
0.0,62.60990336999411,31.304951684997054,31.304951684997054,31.304951684997054,0.0,1.8708286933869704,6801.791359634608,85.85336335869434,42.92668167934717,42.92668167934717,42.92668167934717,0.0,1.7888543819998317,7554.523677903194,81.94388323724962,40.97194161862481,40.97194161862481,40.97194161862481,0.0,2.9664793948382653,9186.754187415705,74.85452558129,37.427262790645,37.427262790645,37.427262790645,0.0,1.2247448713915892,7642.257925508665,16.08726204175216,8.04363102087608,8.04363102087608,8.04363102087608,0.0,0.5477225575051662,1520.665643723169,57.706152185014034,28.853076092507017,28.853076092507017,28.853076092507017,0.0,2.16794833886788,4856.688449962588,66.08176753084015,33.04088376542008,33.04088376542008,33.04088376542008,0.0,1.0,7723.662453784474,86.95286079250067,43.476430396250336,43.476430396250336,43.476430396250336,0.0,2.4083189157584592,9699.550427726019,99.08582138732059,49.542910693660296,49.542910693660296,49.542910693660296,0.0,2.3874672772626644,9554.693176654078,53.72894936624017,26.864474683120086,26.864474683120086,26.864474683120086,0.0,1.0,5637.377067395793,77.16994233508277,38.58497116754138,38.58497116754138,38.58497116754138,0.0,2.3021728866442674,7856.404024743127,54.9836339286519,27.49181696432595,27.49181696432595,27.49181696432595,0.0,1.5165750888103098,5183.949961178252,37.11064537299237,18.555322686496186,18.555322686496186,18.555322686496186,0.0,0.8366600265340755,3739.0221716379274,87.2169708256369,43.60848541281845,43.60848541281845,43.60848541281845,0.0,1.0954451150103321,9042.801656566398,78.81624198095213,39.408120990476064,39.408120990476064,39.408120990476064,0.0,2.1908902300206643,8489.91090648188,64.00937431345506,32.00468715672753,32.00468715672753,32.00468715672753,0.0,1.9235384061671343,6752.294239738076,110.73933357213235,55.369666786066176,55.369666786066176,55.369666786066176,0.0,2.9664793948382653,11406.116933470392,58.00689614175197,29.003448070875987,29.003448070875987,29.003448070875987,0.0,1.816590212458495,8298.517295276308,36.48013157871008,18.24006578935504,18.24006578935504,18.24006578935504,0.0,1.1401754250991378,3815.6261216214566,78.11529939774923,39.05764969887461,39.05764969887461,39.05764969887461,0.0,1.4142135623730951,7674.390966063692
0.0,62.75985978314483,31.379929891572417,31.379929891572417,31.379929891572417,0.0,1.8708286933869704,6803.204046623914,85.85336335869434,42.92668167934717,42.92668167934717,42.92668167934717,0.0,1.7888543819998317,7558.40071046779,81.21576201698781,40.607881008493905,40.607881008493905,40.607881008493905,0.0,2.9664793948382653,9188.196324633034,76.57675887630658,38.28837943815329,38.28837943815329,38.28837943815329,0.0,1.2247448713915892,7639.602522382955,16.08726204175216,8.04363102087608,8.04363102087608,8.04363102087608,0.0,0.5477225575051662,1520.9254419595986,58.350664092193504,29.175332046096752,29.175332046096752,29.175332046096752,0.0,2.16794833886788,4859.585013146699,67.05818369147795,33.529091845738975,33.529091845738975,33.529091845738975,0.0,1.0,7722.789865068193,86.95286079250067,43.476430396250336,43.476430396250336,43.476430396250336,0.0,2.4083189157584592,9700.87675419083,98.76841600430778,49.38420800215389,49.38420800215389,49.38420800215389,0.0,2.3874672772626644,9555.450041730111,53.5723809439155,26.78619047195775,26.78619047195775,26.78619047195775,0.0,1.0,5634.140724192111,77.16994233508277,38.58497116754138,38.58497116754138,38.58497116754138,0.0,2.3021728866442674,7860.34561581105,55.594963800689726,27.797481900344863,27.797481900344863,27.797481900344863,0.0,1.5165750888103098,5183.006154732984,36.80760790923529,18.403803954617644,18.403803954617644,18.403803954617644,0.0,0.8366600265340755,3736.504824030072,87.2169708256369,43.60848541281845,43.60848541281845,43.60848541281845,0.0,1.0954451150103321,9041.01299634062,78.81624198095213,39.408120990476064,39.408120990476064,39.408120990476064,0.0,2.1908902300206643,8486.87269846791,64.1404708432983,32.07023542164915,32.07023542164915,32.07023542164915,0.0,1.9235384061671343,6752.29298090656,110.94683411436309,55.47341705718154,55.47341705718154,55.47341705718154,0.0,2.9664793948382653,11407.210526680044,58.00689614175197,29.003448070875987,29.003448070875987,29.003448070875987,0.0,1.816590212458495,8301.031490122175,36.48013157871008,18.24006578935504,18.24006578935504,18.24006578935504,0.0,1.1401754250991378,3818.7301554312526,104.10955767843795,52.054778839218976,52.054778839218976,52.054778839218976,0.0,3.0822070014844885,10120.71502908762
0.0,63.31824381645467,31.659121908227334,31.659121908227334,31.659121908227334,0.0,1.8708286933869704,6807.419430298092,85.85336335869434,42.92668167934717,42.92668167934717,42.92668167934717,0.0,1.7888543819998317,7559.628740884039,80.961719349332,40.480859674666,40.480859674666,40.480859674666,0.0,2.9664793948382653,9187.456813503943,76.42512675815462,38.21256337907731,38.21256337907731,38.21256337907731,0.0,1.2247448713915892,7636.270575352866,16.1245154965971,8.06225774829855,8.06225774829855,8.06225774829855,0.0,0.5477225575051662,1518.5867443119607,57.9068217052188,28.9534108526094,28.9534108526094,28.9534108526094,0.0,2.16794833886788,4856.156422521828,66.40180720432238,33.20090360216119,33.20090360216119,33.20090360216119,0.0,1.0,7719.080366209436,87.0563036201285,43.52815181006425,43.52815181006425,43.52815181006425,0.0,2.4083189157584592,9699.552994854968,97.52333054197851,48.761665270989255,48.761665270989255,48.761665270989255,0.0,2.23606797749979,9555.74043703574,53.691712582110846,26.845856291055423,26.845856291055423,26.845856291055423,0.0,1.0,5636.143832444307,77.34856171901323,38.67428085950662,38.67428085950662,38.67428085950662,0.0,2.3021728866442674,7857.130850380437,55.594963800689726,27.797481900344863,27.797481900344863,27.797481900344863,0.0,1.5165750888103098,5182.308722953506,36.45270908999769,18.226354544998845,18.226354544998845,18.226354544998845,0.0,0.8366600265340755,3735.006465857857,87.2169708256369,43.60848541281845,43.60848541281845,43.60848541281845,0.0,1.0954451150103321,9040.881444859233,78.19718665016025,39.098593325080124,39.098593325080124,39.098593325080124,0.0,2.1908902300206643,8491.707083973162,63.88427036446452,31.94213518223226,31.94213518223226,31.94213518223226,0.0,1.9235384061671343,6751.439350242287,111.16114429061982,55.58057214530991,55.58057214530991,55.58057214530991,0.0,2.9664793948382653,11408.912012107026,58.00689614175197,29.003448070875987,29.003448070875987,29.003448070875987,0.0,1.816590212458495,8295.0393187736,36.48013157871008,18.24006578935504,18.24006578935504,18.24006578935504,0.0,1.1401754250991378,3823.7152482892866,104.10955767843795,52.054778839218976,52.054778839218976,52.054778839218976,0.0,3.0822070014844885,10122.975797659501
0.0,63.31824381645467,31.659121908227334,31.659121908227334,31.659121908227334,0.0,1.8708286933869704,6808.192109510424,85.85336335869434,42.92668167934717,42.92668167934717,42.92668167934717,0.0,1.7888543819998317,7558.494492952946,81.12459553057876,40.56229776528938,40.56229776528938,40.56229776528938,0.0,2.9664793948382653,9186.776654518166,76.7411232651699,38.37056163258495,38.37056163258495,38.37056163258495,0.0,1.2247448713915892,7631.533364927392,23.15167380558045,11.575836902790225,11.575836902790225,11.575836902790225,0.0,0.5477225575051662,2213.9815265715297,57.9068217052188,28.9534108526094,28.9534108526094,28.9534108526094,0.0,2.16794833886788,4853.513335718776,66.20271897739548,33.10135948869774,33.10135948869774,33.10135948869774,0.0,1.0,7714.061167763709,87.0563036201285,43.52815181006425,43.52815181006425,43.52815181006425,0.0,2.4083189157584592,9699.292886597455,97.06286622596718,48.53143311298359,48.53143311298359,48.53143311298359,0.0,2.23606797749979,9555.06519077709,53.71405775027614,26.85702887513807,26.85702887513807,26.85702887513807,0.0,1.0,5636.741771626584,77.07918006829081,38.539590034145405,38.539590034145405,38.539590034145405,0.0,2.3021728866442674,7862.248997583325,56.2209925205879,28.11049626029395,28.11049626029395,28.11049626029395,0.0,1.5165750888103098,5176.997102568244,36.45270908999769,18.226354544998845,18.226354544998845,18.226354544998845,0.0,0.8366600265340755,3733.31083624174,87.2169708256369,43.60848541281845,43.60848541281845,43.60848541281845,0.0,1.0954451150103321,9041.890067900627,77.82801552140462,38.91400776070231,38.91400776070231,38.91400776070231,0.0,2.1908902300206643,8492.546661632186,63.45707210390344,31.72853605195172,31.72853605195172,31.72853605195172,0.0,1.7320508075688772,6751.626707690525,110.69417328838949,55.347086644194746,55.347086644194746,55.347086644194746,0.0,2.9664793948382653,11408.775907169007,58.63446085707619,29.317230428538096,29.317230428538096,29.317230428538096,0.0,1.816590212458495,8297.795442164143,37.282703764614496,18.641351882307248,18.641351882307248,18.641351882307248,0.0,0.8366600265340757,3821.549031479251,104.93235916532134,52.46617958266067,52.46617958266067,52.46617958266067,0.0,3.0822070014844885,10128.267102520549
0.0,61.886993787063204,30.943496893531602,30.943496893531602,30.943496893531602,0.0,1.4832396974191326,6804.853914670028,85.85336335869434,42.92668167934717,42.92668167934717,42.92668167934717,0.0,1.7888543819998317,7555.6554513820965,80.88757630192661,40.44378815096331,40.44378815096331,40.44378815096331,0.0,2.9664793948382653,9181.217631665204,75.6042326857432,37.8021163428716,37.8021163428716,37.8021163428716,0.0,1.2247448713915892,7631.693697993913,31.874754901018456,15.937377450509228,15.937377450509228,15.937377450509228,0.0,1.0954451150103324,2866.075661946139,58.65833274139319,29.329166370696594,29.329166370696594,29.329166370696594,0.0,2.16794833886788,4855.6942140130695,66.20271897739548,33.10135948869774,33.10135948869774,33.10135948869774,0.0,1.0,7714.342389342075,87.0563036201285,43.52815181006425,43.52815181006425,43.52815181006425,0.0,2.4083189157584592,9698.262127824757,96.45102384111844,48.22551192055922,48.22551192055922,48.22551192055922,0.0,2.23606797749979,9551.568913011099,53.70288632839021,26.851443164195103,26.851443164195103,26.851443164195103,0.0,1.0,5637.907528507363,77.07918006829081,38.539590034145405,38.539590034145405,38.539590034145405,0.0,2.3021728866442674,7864.096979310467,56.09991087336949,28.049955436684744,28.049955436684744,28.049955436684744,0.0,1.5165750888103098,5180.17419591272,36.26568626125804,18.13284313062902,18.13284313062902,18.13284313062902,0.0,0.8366600265340755,3731.5343091012846,87.2169708256369,43.60848541281845,43.60848541281845,43.60848541281845,0.0,1.0954451150103321,9040.816240804808,78.62569554541314,39.31284777270657,39.31284777270657,39.31284777270657,0.0,2.1908902300206643,8498.976391307368,63.56099432828282,31.78049716414141,31.78049716414141,31.78049716414141,0.0,1.7320508075688772,6750.206589431171,110.37209792334292,55.18604896167146,55.18604896167146,55.18604896167146,0.0,2.9664793948382653,11411.16339379995,58.63446085707619,29.317230428538096,29.317230428538096,29.317230428538096,0.0,1.816590212458495,8299.607550962877,37.282703764614496,18.641351882307248,18.641351882307248,18.641351882307248,0.0,0.8366600265340757,3824.129338816876,105.20076045352525,52.600380226762624,52.600380226762624,52.600380226762624,0.0,3.0822070014844885,10130.219163473217
0.0,61.7834929410761,30.89174647053805,30.89174647053805,30.89174647053805,0.0,1.4832396974191326,6807.822030576299,85.53361912137238,42.76680956068619,42.76680956068619,42.76680956068619,0.0,1.7888543819998317,7557.265609994133,80.88757630192661,40.44378815096331,40.44378815096331,40.44378815096331,0.0,2.9664793948382653,9182.61516127078,74.97466238670235,37.487331193351174,37.487331193351174,37.487331193351174,0.0,1.2247448713915892,7632.098158435857,31.578473680657844,15.789236840328922,15.789236840328922,15.789236840328922,0.0,1.0954451150103324,2868.2087092818056,58.770741019660456,29.385370509830228,29.385370509830228,29.385370509830228,0.0,2.16794833886788,4855.179471451082,66.20271897739548,33.10135948869774,33.10135948869774,33.10135948869774,0.0,1.0,7713.208651397938,85.58037158133867,42.790185790669334,42.790185790669334,42.790185790669334,0.0,2.4083189157584592,9695.204675508403,96.98041039302731,48.49020519651366,48.49020519651366,48.49020519651366,0.0,2.23606797749979,9555.88302042255,52.94147712332931,26.470738561664653,26.470738561664653,26.470738561664653,0.0,1.0,5633.817205057331,77.85884663928692,38.92942331964346,38.92942331964346,38.92942331964346,0.0,2.3021728866442674,7862.5601873689975,56.0357029044876,28.0178514522438,28.0178514522438,28.0178514522438,0.0,1.5165750888103098,5180.504869218829,37.20215047547655,18.601075237738275,18.601075237738275,18.601075237738275,0.0,0.8366600265340755,3734.9838955476102,87.3544503731779,43.67722518658895,43.67722518658895,43.67722518658895,0.0,1.0954451150103321,9040.281262217455,78.00512803655924,39.00256401827962,39.00256401827962,39.00256401827962,0.0,2.1908902300206643,8499.47505437836,64.98615237110134,32.49307618555067,32.49307618555067,32.49307618555067,0.0,1.7320508075688772,6751.083298256659,110.37209792334292,55.18604896167146,55.18604896167146,55.18604896167146,0.0,2.9664793948382653,11405.641082376738,58.63446085707619,29.317230428538096,29.317230428538096,29.317230428538096,0.0,1.816590212458495,8298.320655409743,37.078295537955896,18.539147768977948,18.539147768977948,18.539147768977948,0.0,0.8366600265340757,3826.4696915041677,104.38773874358999,52.193869371794996,52.193869371794996,52.193869371794996,0.0,3.0822070014844885,10127.825743959065
0.0,63.802821254236086,31.901410627118043,31.901410627118043,31.901410627118043,0.0,1.4832396974191326,7100.279973353164,85.6924734151139,42.84623670755695,42.84623670755695,42.84623670755695,0.0,1.7888543819998317,7561.148953697447,80.88757630192661,40.44378815096331,40.44378815096331,40.44378815096331,0.0,2.9664793948382653,9179.16010863739,75.67826636492144,37.83913318246072,37.83913318246072,37.83913318246072,0.0,1.2247448713915892,7632.312277416328,32.28002478313795,16.140012391568973,16.140012391568973,16.140012391568973,0.0,1.0954451150103324,2865.3320924458303,58.98474379023783,29.492371895118914,29.492371895118914,29.492371895118914,0.0,2.0,4854.886610416354,66.4439613509008,33.2219806754504,33.2219806754504,33.2219806754504,0.0,1.0,7710.496287529098,85.15162946180185,42.57581473090092,42.57581473090092,42.57581473090092,0.0,2.4083189157584592,9692.443876546307,96.9886591308489,48.49432956542445,48.49432956542445,48.49432956542445,0.0,2.23606797749979,9559.129264739546,52.94147712332931,26.470738561664653,26.470738561664653,26.470738561664653,0.0,1.0,5630.630843875311,77.67110144706331,38.835550723531654,38.835550723531654,38.835550723531654,0.0,2.3021728866442674,7861.913933642368,56.0357029044876,28.0178514522438,28.0178514522438,28.0178514522438,0.0,1.5165750888103098,5184.663026658531,36.91612113968638,18.45806056984319,18.45806056984319,18.45806056984319,0.0,0.8944271909999159,3731.85539644826,88.07496806698258,44.03748403349129,44.03748403349129,44.03748403349129,0.0,1.0954451150103321,9041.426917251501,78.00512803655924,39.00256401827962,39.00256401827962,39.00256401827962,0.0,2.1908902300206643,8498.559830936061,64.98615237110134,32.49307618555067,32.49307618555067,32.49307618555067,0.0,1.7320508075688772,6754.188233977493,110.06725216884448,55.03362608442224,55.03362608442224,55.03362608442224,0.0,2.9664793948382653,11404.429687625769,57.358521598799946,28.679260799399973,28.679260799399973,28.679260799399973,0.0,1.816590212458495,8300.38206951945,36.73145790735783,18.365728953678914,18.365728953678914,18.365728953678914,0.0,0.8366600265340757,3828.7856429943945,104.66135867644753,52.33067933822377,52.33067933822377,52.33067933822377,0.0,3.0822070014844885,10128.38860332679
0.0,63.85922016435841,31.929610082179206,31.929610082179206,31.929610082179206,0.0,1.4832396974191326,7098.666881887049,85.6924734151139,42.84623670755695,42.84623670755695,42.84623670755695,0.0,1.7888543819998317,7564.143983293814,80.88757630192661,40.44378815096331,40.44378815096331,40.44378815096331,0.0,2.9664793948382653,9181.407615393186,75.6042326857432,37.8021163428716,37.8021163428716,37.8021163428716,0.0,1.2247448713915892,7632.556013551423,32.28002478313795,16.140012391568973,16.140012391568973,16.140012391568973,0.0,1.0954451150103324,2864.3590033373957,58.98474379023783,29.492371895118914,29.492371895118914,29.492371895118914,0.0,2.0,4853.484397832139,66.61231117443683,33.30615558721841,33.30615558721841,33.30615558721841,0.0,1.0,7708.588891619529,84.54111425809339,42.27055712904669,42.27055712904669,42.27055712904669,0.0,2.4083189157584592,9690.293261816178,96.69539802906858,48.34769901453429,48.34769901453429,48.34769901453429,0.0,2.23606797749979,9562.073519901425,72.17478784173875,36.087393920869374,36.087393920869374,36.087393920869374,0.0,1.4832396974191326,6887.820939890932,76.89733415405244,38.44866707702622,38.44866707702622,38.44866707702622,0.0,2.3021728866442674,7864.728266125919,56.0357029044876,28.0178514522438,28.0178514522438,28.0178514522438,0.0,1.5165750888103098,5183.500680042397,37.5393127267935,18.76965636339675,18.76965636339675,18.76965636339675,0.0,0.8944271909999159,3727.1021853445336,88.58893836140041,44.294469180700204,44.294469180700204,44.294469180700204,0.0,1.0954451150103321,9043.90626333555,77.38992182448564,38.69496091224282,38.69496091224282,38.69496091224282,0.0,1.8165902124584947,8500.313535393856,65.09377850455449,32.546889252277246,32.546889252277246,32.546889252277246,0.0,1.7320508075688772,6757.4897854158835,110.06725216884448,55.03362608442224,55.03362608442224,55.03362608442224,0.0,2.9664793948382653,11405.64930199066,59.05251899792252,29.52625949896126,29.52625949896126,29.52625949896126,0.0,1.816590212458495,8294.6551585946,36.58961601328989,18.294808006644946,18.294808006644946,18.294808006644946,0.0,0.8366600265340757,3831.843355357836,103.99423060920255,51.99711530460127,51.99711530460127,51.99711530460127,0.0,2.6832815729997477,10127.37120382185
0.0,63.85922016435841,31.929610082179206,31.929610082179206,31.929610082179206,0.0,1.4832396974191326,7101.402910693069,84.9164295057205,42.45821475286025,42.45821475286025,42.45821475286025,0.0,1.7888543819998317,7560.647412755075,80.88757630192661,40.44378815096331,40.44378815096331,40.44378815096331,0.0,2.9664793948382653,9178.846343631643,76.24434405252629,38.122172026263144,38.122172026263144,38.122172026263144,0.0,1.6431676725154984,7631.879696378868,32.4530430006186,16.2265215003093,16.2265215003093,16.2265215003093,0.0,1.0954451150103324,2865.094535962121,59.329587896765304,29.664793948382652,29.664793948382652,29.664793948382652,0.0,2.0,4861.033871513343,66.61231117443683,33.30615558721841,33.30615558721841,33.30615558721841,0.0,1.0,7706.501852332224,84.54111425809339,42.27055712904669,42.27055712904669,42.27055712904669,0.0,2.4083189157584592,9691.474820686479,96.42198919333701,48.210994596668506,48.210994596668506,48.210994596668506,0.0,2.23606797749979,9564.876752995828,72.17478784173875,36.087393920869374,36.087393920869374,36.087393920869374,0.0,1.4832396974191326,6886.619911102978,76.12621099200985,38.06310549600492,38.06310549600492,38.06310549600492,0.0,2.3021728866442674,7865.014907805325,56.80492936356845,28.402464681784224,28.402464681784224,28.402464681784224,0.0,1.5165750888103098,5183.8995939350525,37.078295537955896,18.539147768977948,18.539147768977948,18.539147768977948,0.0,0.5477225575051661,3726.15763219969,89.1111665281069,44.55558326405345,44.55558326405345,44.55558326405345,0.0,1.0954451150103321,9040.52867370045,77.38992182448564,38.69496091224282,38.69496091224282,38.69496091224282,0.0,1.8165902124584947,8506.462208227342,65.09377850455449,32.546889252277246,32.546889252277246,32.546889252277246,0.0,1.7320508075688772,6759.865767898058,110.05998364528318,55.02999182264159,55.02999182264159,55.02999182264159,0.0,2.9664793948382653,11406.734515188824,58.794557571258245,29.397278785629123,29.397278785629123,29.397278785629123,0.0,1.51657508881031,8294.615964588114,36.97025831665232,18.48512915832616,18.48512915832616,18.48512915832616,0.0,0.8366600265340757,3831.9202105471873,104.79122100634194,52.39561050317097,52.39561050317097,52.39561050317097,0.0,2.6832815729997477,10131.259620599998
0.0,63.821626428664445,31.910813214332222,31.910813214332222,31.910813214332222,0.0,1.4832396974191326,7102.753620955748,84.9164295057205,42.45821475286025,42.45821475286025,42.45821475286025,0.0,1.7888543819998317,7562.567355071953,80.24213357083671,40.12106678541836,40.12106678541836,40.12106678541836,0.0,2.9664793948382653,9178.618452686656,75.6042326857432,37.8021163428716,37.8021163428716,37.8021163428716,0.0,1.6431676725154984,7629.257008385548,33.56784175367847,16.783920876839236,16.783920876839236,16.783920876839236,0.0,1.414213562373095,2863.6861385284524,59.329587896765304,29.664793948382652,29.664793948382652,29.664793948382652,0.0,2.0,4862.804098460065,65.96059429689821,32.980297148449104,32.980297148449104,32.980297148449104,0.0,1.0,7700.932495483907,84.54111425809339,42.27055712904669,42.27055712904669,42.27055712904669,0.0,2.4083189157584592,9687.84405840639,96.42198919333701,48.210994596668506,48.210994596668506,48.210994596668506,0.0,2.23606797749979,9563.324568370563,72.25787154352112,36.12893577176056,36.12893577176056,36.12893577176056,0.0,1.4832396974191326,6882.9409920469325,76.05787270230479,38.028936351152396,38.028936351152396,38.028936351152396,0.0,2.3021728866442674,7866.055472725831,57.57777348942906,28.78888674471453,28.78888674471453,28.78888674471453,0.0,1.5165750888103098,5181.751759781629,37.078295537955896,18.539147768977948,18.539147768977948,18.539147768977948,0.0,0.5477225575051661,3726.4084183030714,89.0011235884132,44.5005617942066,44.5005617942066,44.5005617942066,0.0,1.0954451150103321,9041.669165591053,77.38992182448564,38.69496091224282,38.69496091224282,38.69496091224282,0.0,1.8165902124584947,8502.406318213685,66.11505123646204,33.05752561823102,33.05752561823102,33.05752561823102,0.0,1.7320508075688772,6761.125298350859,109.60291966914019,54.801459834570096,54.801459834570096,54.801459834570096,0.0,2.6076809620810595,11406.275500793412,58.794557571258245,29.397278785629123,29.397278785629123,29.397278785629123,0.0,1.51657508881031,8295.336900934162,36.97025831665232,18.48512915832616,18.48512915832616,18.48512915832616,0.0,0.8366600265340757,3828.910001553967,104.79122100634194,52.39561050317097,52.39561050317097,52.39561050317097,0.0,2.6832815729997477,10133.839484617862
0.0,64.00624969485402,32.00312484742701,32.00312484742701,32.00312484742701,0.0,1.4832396974191326,7102.234507533527,84.53401682163222,42.26700841081611,42.26700841081611,42.26700841081611,0.0,1.7888543819998317,7560.039834551138,78.52897554406272,39.26448777203136,39.26448777203136,39.26448777203136,0.0,2.6076809620810595,9178.470259253445,75.1185729363917,37.55928646819585,37.55928646819585,37.55928646819585,0.0,1.6431676725154984,7632.706990314773,32.89376840679705,16.446884203398525,16.446884203398525,16.446884203398525,0.0,1.414213562373095,2865.5481674541784,59.42390091537243,29.711950457686214,29.711950457686214,29.711950457686214,0.0,1.6431676725154984,4864.549074683079,66.67233309252046,33.33616654626023,33.33616654626023,33.33616654626023,0.0,0.8366600265340757,7700.858640437442,84.54111425809339,42.27055712904669,42.27055712904669,42.27055712904669,0.0,2.4083189157584592,9689.889024132319,95.88534820294495,47.94267410147248,47.94267410147248,47.94267410147248,0.0,2.23606797749979,9563.378707339785,72.55894155788106,36.27947077894053,36.27947077894053,36.27947077894053,0.0,1.4832396974191326,6885.559940919838,76.35967522193897,38.179837610969486,38.179837610969486,38.179837610969486,0.0,2.3021728866442674,7864.662211436674,57.560403056267766,28.780201528133883,28.780201528133883,28.780201528133883,0.0,1.6733200530681507,5181.109369623459,36.91612113968638,18.45806056984319,18.45806056984319,18.45806056984319,0.0,0.5477225575051661,3726.924133920625,87.7382470761754,43.8691235380877,43.8691235380877,43.8691235380877,0.0,1.0954451150103321,9037.123391876421,77.0662053042707,38.53310265213535,38.53310265213535,38.53310265213535,0.0,1.8165902124584947,8500.40440214464,66.23594190467891,33.117970952339455,33.117970952339455,33.117970952339455,0.0,1.7320508075688772,6760.642683946549,109.2977584399607,54.64887921998035,54.64887921998035,54.64887921998035,0.0,2.6076809620810595,11406.570045372973,58.794557571258245,29.397278785629123,29.397278785629123,29.397278785629123,0.0,1.51657508881031,8294.853265730504,36.155220923125334,18.077610461562667,18.077610461562667,18.077610461562667,0.0,0.8366600265340757,3825.2880937257523,104.7893124321369,52.39465621606845,52.39465621606845,52.39465621606845,0.0,2.6832815729997477,10131.380276151913
0.0,63.99374969479441,31.996874847397205,31.996874847397205,31.996874847397205,0.0,1.4832396974191326,7100.4918702861705,84.63568987135392,42.31784493567696,42.31784493567696,42.31784493567696,0.0,1.7888543819998317,7560.127227765416,78.29431652425353,39.147158262126766,39.147158262126766,39.147158262126766,0.0,2.6076809620810595,9170.996963253232,74.73419565366312,37.36709782683156,37.36709782683156,37.36709782683156,0.0,1.6431676725154984,7633.730981636699,31.98749755763961,15.993748778819805,15.993748778819805,15.993748778819805,0.0,1.095445115010332,2863.7111062395943,59.0016948909097,29.50084744545485,29.50084744545485,29.50084744545485,0.0,1.6431676725154984,4864.149905173565,66.67233309252046,33.33616654626023,33.33616654626023,33.33616654626023,0.0,0.8366600265340757,7699.272998147293,84.54111425809339,42.27055712904669,42.27055712904669,42.27055712904669,0.0,2.4083189157584592,9691.655880188895,95.80605408845518,47.90302704422759,47.90302704422759,47.90302704422759,0.0,2.23606797749979,9562.529466621267,72.55894155788106,36.27947077894053,36.27947077894053,36.27947077894053,0.0,1.4832396974191326,6886.281710763799,76.41204093596768,38.20602046798384,38.20602046798384,38.20602046798384,0.0,2.3021728866442674,7863.466360327359,57.57429982205602,28.78714991102801,28.78714991102801,28.78714991102801,0.0,1.6733200530681507,5187.480959001198,36.64969304100649,18.324846520503247,18.324846520503247,18.324846520503247,0.0,0.5477225575051661,3722.3717573611584,88.02954049635838,44.01477024817919,44.01477024817919,44.01477024817919,0.0,1.0954451150103321,9037.01501049987,76.75154721567507,38.37577360783754,38.37577360783754,38.37577360783754,0.0,1.8165902124584947,8497.809500100599,66.23594190467891,33.117970952339455,33.117970952339455,33.117970952339455,0.0,1.7320508075688772,6761.017356877588,109.0632843811335,54.53164219056675,54.53164219056675,54.53164219056675,0.0,2.6076809620810595,11403.64219010751,58.59351499952874,29.29675749976437,29.29675749976437,29.29675749976437,0.0,1.51657508881031,8297.107224810343,36.066605052319524,18.033302526159762,18.033302526159762,18.033302526159762,0.0,0.8366600265340757,3824.0733779570705,105.61818025321209,52.809090126606044,52.809090126606044,52.809090126606044,0.0,2.6832815729997477,10134.813649002137
0.0,63.06187437747153,31.530937188735766,31.530937188735766,31.530937188735766,0.0,1.4832396974191326,7101.249523851418,84.42748367682174,42.21374183841087,42.21374183841087,42.21374183841087,0.0,1.7888543819998317,7558.550998703389,78.77055287351993,39.385276436759966,39.385276436759966,39.385276436759966,0.0,2.6076809620810595,9167.633647785016,74.73419565366312,37.36709782683156,37.36709782683156,37.36709782683156,0.0,1.6431676725154984,7637.984865132949,31.98749755763961,15.993748778819805,15.993748778819805,15.993748778819805,0.0,1.095445115010332,2864.3263256828823,58.43629009442677,29.218145047213383,29.218145047213383,29.218145047213383,0.0,1.6431676725154984,4864.055941290149,67.60769187008236,33.80384593504118,33.80384593504118,33.80384593504118,0.0,0.8366600265340757,7699.774555141209,84.11183032130498,42.05591516065249,42.05591516065249,42.05591516065249,0.0,2.4083189157584592,9689.93083050648,95.31631549740055,47.658157748700276,47.658157748700276,47.658157748700276,0.0,2.23606797749979,9560.314429975617,72.86974680894672,36.43487340447336,36.43487340447336,36.43487340447336,0.0,1.4832396974191326,6890.040870706066,77.74831187877972,38.87415593938986,38.87415593938986,38.87415593938986,0.0,2.3021728866442674,7864.358575243121,58.34380858325929,29.171904291629644,29.171904291629644,29.171904291629644,0.0,1.6733200530681507,5189.8966463697525,36.1828688746484,18.0914344373242,18.0914344373242,18.0914344373242,0.0,0.5477225575051661,3723.348063235561,88.92018893367242,44.46009446683621,44.46009446683621,44.46009446683621,0.0,1.0954451150103321,9040.997251409824,77.1621668954417,38.58108344772085,38.58108344772085,38.58108344772085,0.0,1.8165902124584947,8500.11501686889,66.23594190467891,33.117970952339455,33.117970952339455,33.117970952339455,0.0,1.7320508075688772,6761.062734511491,108.99174280650806,54.49587140325403,54.49587140325403,54.49587140325403,0.0,2.6076809620810595,11407.055360609065,58.743510279859855,29.371755139929927,29.371755139929927,29.371755139929927,0.0,1.51657508881031,8297.516423605319,35.35533905932738,17.67766952966369,17.67766952966369,17.67766952966369,0.0,0.8366600265340757,3825.357146724996,105.075211158484,52.537605579242,52.537605579242,52.537605579242,0.0,2.6832815729997477,10133.938163418998
0.0,63.928084595113596,31.964042297556798,31.964042297556798,31.964042297556798,0.0,1.4832396974191326,7101.826349608951,98.01428467320464,49.00714233660232,49.00714233660232,49.00714233660232,0.0,3.9749213828703582,8269.348202851299,79.2540219799601,39.62701098998005,39.62701098998005,39.62701098998005,0.0,2.6076809620810595,9168.859454697733,75.44004241780355,37.72002120890178,37.72002120890178,37.72002120890178,0.0,1.6431676725154984,7637.010573516315,32.95451410656816,16.47725705328408,16.47725705328408,16.47725705328408,0.0,1.095445115010332,2862.032878916663,57.452589149663225,28.726294574831613,28.726294574831613,28.726294574831613,0.0,1.6431676725154984,4866.84223085154,67.60769187008236,33.80384593504118,33.80384593504118,33.80384593504118,0.0,0.8366600265340757,7700.852141159445,85.64578214950225,42.822891074751126,42.822891074751126,42.822891074751126,0.0,2.4083189157584592,9687.954309347253,96.14156229227815,48.070781146139076,48.070781146139076,48.070781146139076,0.0,2.23606797749979,9560.301946068439,72.57547795226705,36.287738976133525,36.287738976133525,36.287738976133525,0.0,1.4832396974191326,6889.069842874291,76.99350621968063,38.49675310984031,38.49675310984031,38.49675310984031,0.0,2.3021728866442674,7860.700013357589,59.11683347406219,29.558416737031095,29.558416737031095,29.558416737031095,0.0,1.6733200530681507,5191.760847727868,36.1828688746484,18.0914344373242,18.0914344373242,18.0914344373242,0.0,0.5477225575051661,3720.6813623313674,89.07300376657341,44.536501883286704,44.536501883286704,44.536501883286704,0.0,1.0954451150103321,9041.151209884723,86.32033364161656,43.16016682080828,43.16016682080828,43.16016682080828,0.0,3.4205262752974135,9221.26131827962,66.95371535620708,33.47685767810354,33.47685767810354,33.47685767810354,0.0,1.7320508075688772,6758.680322370633,108.23123393919151,54.115616969595756,54.115616969595756,54.115616969595756,0.0,2.6076809620810595,11404.549741221703,58.743510279859855,29.371755139929927,29.371755139929927,29.371755139929927,0.0,1.51657508881031,8299.12389954506,35.35533905932738,17.67766952966369,17.67766952966369,17.67766952966369,0.0,0.8366600265340757,3820.8903805265077,104.38773874358999,52.193869371794996,52.193869371794996,52.193869371794996,0.0,2.6832815729997477,10135.920323285893
0.0,63.928084595113596,31.964042297556798,31.964042297556798,31.964042297556798,0.0,1.4832396974191326,7098.170031775796,98.0,49.0,49.0,49.0,0.0,3.9749213828703582,8269.857695269005,79.2540219799601,39.62701098998005,39.62701098998005,39.62701098998005,0.0,2.6076809620810595,9171.561846272421,76.0,38.0,38.0,38.0,0.0,1.6431676725154984,7638.21299126962,34.54272716506327,17.271363582531635,17.271363582531635,17.271363582531635,0.0,1.140175425099138,2865.891100513067,57.66454716721532,28.83227358360766,28.83227358360766,28.83227358360766,0.0,1.6431676725154984,4871.799256948094,67.60769187008236,33.80384593504118,33.80384593504118,33.80384593504118,0.0,0.8366600265340757,7700.206276457794,85.64578214950225,42.822891074751126,42.822891074751126,42.822891074751126,0.0,2.4083189157584592,9685.682180414553,96.14156229227815,48.070781146139076,48.070781146139076,48.070781146139076,0.0,2.23606797749979,9557.317787957038,71.83870822892071,35.919354114460354,35.919354114460354,35.919354114460354,0.0,1.4832396974191326,6890.331646590025,76.50620889836328,38.25310444918164,38.25310444918164,38.25310444918164,0.0,2.3021728866442674,7858.918583367561,58.48760552458957,29.243802762294784,29.243802762294784,29.243802762294784,0.0,1.6733200530681507,5194.4717440756185,36.31528603770043,18.157643018850216,18.157643018850216,18.157643018850216,0.0,0.5477225575051661,3719.705189931052,89.60357135739625,44.801785678698124,44.801785678698124,44.801785678698124,0.0,1.0954451150103321,9039.53409750746,86.30874810817268,43.15437405408634,43.15437405408634,43.15437405408634,0.0,3.4205262752974135,9221.115187438014,66.13017465575001,33.065087327875005,33.065087327875005,33.065087327875005,0.0,1.7320508075688772,6756.046499247915,108.76212576076288,54.38106288038144,54.38106288038144,54.38106288038144,0.0,2.6076809620810595,11404.205509372408,58.743510279859855,29.371755139929927,29.371755139929927,29.371755139929927,0.0,1.51657508881031,8296.121545638058,34.652561232901675,17.326280616450838,17.326280616450838,17.326280616450838,0.0,0.8366600265340757,3818.218602961334,103.59922779634991,51.799613898174954,51.799613898174954,51.799613898174954,0.0,2.6832815729997477,10134.379344587413
0.0,64.80123455614098,32.40061727807049,32.40061727807049,32.40061727807049,0.0,1.4832396974191326,7096.758274029065,97.91220557213488,48.95610278606744,48.95610278606744,48.95610278606744,0.0,3.9749213828703582,8271.486577393449,79.2540219799601,39.62701098998005,39.62701098998005,39.62701098998005,0.0,2.6076809620810595,9172.794868522898,76.0,38.0,38.0,38.0,0.0,1.6431676725154984,7640.192700449381,34.33365695640358,17.16682847820179,17.16682847820179,17.16682847820179,0.0,1.140175425099138,2864.251699833658,57.66454716721532,28.83227358360766,28.83227358360766,28.83227358360766,0.0,1.6431676725154984,4873.913961078919,67.3349834781297,33.66749173906485,33.66749173906485,33.66749173906485,0.0,0.8366600265340757,7699.360505912164,85.64578214950225,42.822891074751126,42.822891074751126,42.822891074751126,0.0,2.4083189157584592,9683.61496549713,96.22473694430138,48.11236847215069,48.11236847215069,48.11236847215069,0.0,1.9235384061671346,9555.676496198477,71.20393247567159,35.601966237835796,35.601966237835796,35.601966237835796,0.0,1.4832396974191326,6891.769127009407,76.99350621968063,38.49675310984031,38.49675310984031,38.49675310984031,0.0,2.3021728866442674,7858.292638989719,83.95951405290528,41.97975702645264,41.97975702645264,41.97975702645264,0.0,3.1622776601683795,7907.907845947625,35.86084215408221,17.930421077041107,17.930421077041107,17.930421077041107,0.0,0.5477225575051661,3717.7739038300865,89.96221429022299,44.981107145111494,44.981107145111494,44.981107145111494,0.0,1.0954451150103321,9041.712293586872,85.62009110016177,42.810045550080886,42.810045550080886,42.810045550080886,0.0,2.9999999999999996,9221.89951691082,65.6140228914521,32.80701144572605,32.80701144572605,32.80701144572605,0.0,1.7320508075688772,6757.366188094293,108.46750665521911,54.233753327609556,54.233753327609556,54.233753327609556,0.0,2.6076809620810595,11400.520755649717,58.360945845659494,29.180472922829747,29.180472922829747,29.180472922829747,0.0,1.51657508881031,8296.439850924009,34.42673379802388,17.21336689901194,17.21336689901194,17.21336689901194,0.0,0.8366600265340757,3815.954821535496,104.01538347763758,52.00769173881879,52.00769173881879,52.00769173881879,0.0,2.6832815729997477,10131.898178525089
0.0,65.47365882551547,32.736829412757736,32.736829412757736,32.736829412757736,0.0,1.4832396974191326,7091.524638609106,97.2378527117912,48.6189263558956,48.6189263558956,48.6189263558956,0.0,3.5777087639996634,8271.447956676026,79.11257801386579,39.55628900693289,39.55628900693289,39.55628900693289,0.0,2.6076809620810595,9175.71325293026,72.16647421067486,36.08323710533743,36.08323710533743,36.08323710533743,0.0,2.073644135332772,6702.570827675005,34.23448553724738,17.11724276862369,17.11724276862369,17.11724276862369,0.0,1.140175425099138,2862.715616333554,59.22837157984339,29.614185789921695,29.614185789921695,29.614185789921695,0.0,1.6431676725154984,4871.701581583174,66.94176573709422,33.47088286854711,33.47088286854711,33.47088286854711,0.0,0.8366600265340757,7698.20669376966,85.64578214950225,42.822891074751126,42.822891074751126,42.822891074751126,0.0,2.4083189157584592,9685.297630945577,96.24551937622863,48.122759688114314,48.122759688114314,48.122759688114314,0.0,1.9235384061671346,9552.57872514014,70.84348946798146,35.42174473399073,35.42174473399073,35.42174473399073,0.0,1.4832396974191326,6891.551254978809,76.99350621968063,38.49675310984031,38.49675310984031,38.49675310984031,0.0,2.3021728866442674,7857.70308041733,83.95951405290528,41.97975702645264,41.97975702645264,41.97975702645264,0.0,3.1622776601683795,7911.985951706436,35.86084215408221,17.930421077041107,17.930421077041107,17.930421077041107,0.0,0.5477225575051661,3713.735693341679,89.96221429022299,44.981107145111494,44.981107145111494,44.981107145111494,0.0,1.0954451150103321,9042.557271037878,86.02325267042627,43.01162633521314,43.01162633521314,43.01162633521314,0.0,2.9999999999999996,9222.274350722819,65.6140228914521,32.80701144572605,32.80701144572605,32.80701144572605,0.0,1.7320508075688772,6759.187843224953,108.46750665521911,54.233753327609556,54.233753327609556,54.233753327609556,0.0,2.6076809620810595,11399.52059079679,58.42259836741259,29.211299183706295,29.211299183706295,29.211299183706295,0.0,1.51657508881031,8298.989113139021,34.42673379802388,17.21336689901194,17.21336689901194,17.21336689901194,0.0,0.8366600265340757,3811.70574677532,103.63011145415217,51.815055727076086,51.815055727076086,51.815055727076086,0.0,2.6832815729997477,10132.26424349464
0.0,65.20736154760442,32.60368077380221,32.60368077380221,32.60368077380221,0.0,1.4832396974191326,7092.74162084028,97.15348681339233,48.57674340669617,48.57674340669617,48.57674340669617,0.0,3.5777087639996634,8275.293330148485,78.85936849861277,39.42968424930638,39.42968424930638,39.42968424930638,0.0,2.6076809620810595,9179.174162199995,72.39336986216348,36.19668493108174,36.19668493108174,36.19668493108174,0.0,2.073644135332772,6705.569528384595,33.87034100802648,16.93517050401324,16.93517050401324,16.93517050401324,0.0,1.140175425099138,2862.2606974208343,59.45418404115895,29.727092020579477,29.727092020579477,29.727092020579477,0.0,1.6431676725154984,4875.997282607938,66.63332499583073,33.31666249791537,33.31666249791537,33.31666249791537,0.0,0.8366600265340757,7698.72708309627,85.25725775557176,42.62862887778588,42.62862887778588,42.62862887778588,0.0,2.4083189157584592,9685.312452368276,96.24551937622863,48.122759688114314,48.122759688114314,48.122759688114314,0.0,1.9235384061671346,9552.199893218316,70.84348946798146,35.42174473399073,35.42174473399073,35.42174473399073,0.0,1.4832396974191326,6897.406592335992,76.24172086200574,38.12086043100287,38.12086043100287,38.12086043100287,0.0,2.3021728866442674,7856.304824788815,84.82216691407972,42.41108345703986,42.41108345703986,42.41108345703986,0.0,3.1622776601683795,7912.783309304003,35.59213396243614,17.79606698121807,17.79606698121807,17.79606698121807,0.0,0.5477225575051661,3711.4029961727415,89.65489389877163,44.827446949385816,44.827446949385816,44.827446949385816,0.0,1.0954451150103321,9044.234998052627,85.36978388165218,42.68489194082609,42.68489194082609,42.68489194082609,0.0,2.588435821108957,9222.089774015432,65.71757755730198,32.85878877865099,32.85878877865099,32.85878877865099,0.0,1.7320508075688772,6758.667198494093,107.93887158943251,53.969435794716254,53.969435794716254,53.969435794716254,0.0,2.6076809620810595,11397.88687871572,57.844619455918284,28.922309727959142,28.922309727959142,28.922309727959142,0.0,1.51657508881031,8300.077421325659,34.59479729670345,17.297398648351724,17.297398648351724,17.297398648351724,0.0,0.8366600265340757,3813.7228268451813,103.25115011465974,51.62557505732987,51.62557505732987,51.62557505732987,0.0,2.6832815729997477,10132.044793623842
0.0,65.41253702464077,32.706268512320385,32.706268512320385,32.706268512320385,0.0,1.4832396974191326,7095.070873500842,97.00927790680642,48.50463895340321,48.50463895340321,48.50463895340321,0.0,3.5777087639996634,8275.331244125518,79.35489902961253,39.67744951480626,39.67744951480626,39.67744951480626,0.0,2.6076809620810595,9174.49732682941,73.056142794429,36.5280713972145,36.5280713972145,36.5280713972145,0.0,2.280350850198276,6703.02657013979,34.438350715445125,17.219175357722563,17.219175357722563,17.219175357722563,0.0,1.140175425099138,2862.2403288333426,59.642266891861176,29.821133445930588,29.821133445930588,29.821133445930588,0.0,1.6431676725154984,4875.485432241594,66.38373294716108,33.19186647358054,33.19186647358054,33.19186647358054,0.0,0.8366600265340757,7697.089008190044,84.82924024179398,42.41462012089699,42.41462012089699,42.41462012089699,0.0,2.4083189157584592,9686.709002545704,97.64834868035405,48.824174340177024,48.824174340177024,48.824174340177024,0.0,1.9235384061671346,9552.249918212987,70.93095234099144,35.46547617049572,35.46547617049572,35.46547617049572,0.0,1.4832396974191326,6891.5594243973555,76.24172086200574,38.12086043100287,38.12086043100287,38.12086043100287,0.0,2.3021728866442674,7856.903894028486,84.82216691407972,42.41108345703986,42.41108345703986,42.41108345703986,0.0,3.1622776601683795,7909.236511825905,35.59213396243614,17.79606698121807,17.79606698121807,17.79606698121807,0.0,0.5477225575051661,3710.6561144897273,90.18425583215732,45.09212791607866,45.09212791607866,45.09212791607866,0.0,1.0954451150103321,9046.06558123475,85.92322154109446,42.96161077054723,42.96161077054723,42.96161077054723,0.0,2.9999999999999996,9267.106301321897,65.84831053261732,32.92415526630866,32.92415526630866,32.92415526630866,0.0,1.7320508075688772,6761.767838368898,107.69958217189146,53.84979108594573,53.84979108594573,53.84979108594573,0.0,2.6076809620810595,11399.247045309616,57.844619455918284,28.922309727959142,28.922309727959142,28.922309727959142,0.0,1.51657508881031,8298.681292832012,34.85398112124352,17.42699056062176,17.42699056062176,17.42699056062176,0.0,0.8366600265340757,3812.0489634840737,103.25115011465974,51.62557505732987,51.62557505732987,51.62557505732987,0.0,2.6832815729997477,10132.798344978548
0.0,64.75492259280371,32.377461296401854,32.377461296401854,32.377461296401854,0.0,1.4832396974191326,7097.8143325956335,97.00927790680642,48.50463895340321,48.50463895340321,48.50463895340321,0.0,3.5777087639996634,8272.750890725527,79.35489902961253,39.67744951480626,39.67744951480626,39.67744951480626,0.0,2.6076809620810595,9175.273320179624,73.056142794429,36.5280713972145,36.5280713972145,36.5280713972145,0.0,2.280350850198276,6703.792680266894,41.607691596626694,20.803845798313347,20.803845798313347,20.803845798313347,0.0,2.701851217221259,3517.3676236640376,59.312730505347666,29.656365252673833,29.656365252673833,29.656365252673833,0.0,1.6431676725154984,4879.716098299163,66.17552417623907,33.08776208811953,33.08776208811953,33.08776208811953,0.0,0.8366600265340757,7697.128445076125,84.6096921162109,42.30484605810545,42.30484605810545,42.30484605810545,0.0,2.3874672772626644,9688.273571694805,97.55613768492478,48.77806884246239,48.77806884246239,48.77806884246239,0.0,1.9235384061671346,9555.367889307037,70.93095234099144,35.46547617049572,35.46547617049572,35.46547617049572,0.0,1.4832396974191326,6887.928694462509,76.24172086200574,38.12086043100287,38.12086043100287,38.12086043100287,0.0,2.3021728866442674,7861.633246342645,84.21876275510108,42.10938137755054,42.10938137755054,42.10938137755054,0.0,2.7748873851023217,7910.07547372337,35.34402354005554,17.67201177002777,17.67201177002777,17.67201177002777,0.0,0.5477225575051661,3710.240383047977,90.36149622488551,45.18074811244276,45.18074811244276,45.18074811244276,0.0,1.0954451150103321,9042.41353290149,86.4708043214587,43.23540216072935,43.23540216072935,43.23540216072935,0.0,2.9999999999999996,9264.115699838814,65.84831053261732,32.92415526630866,32.92415526630866,32.92415526630866,0.0,1.7320508075688772,6762.32047451169,108.46750665521911,54.233753327609556,54.233753327609556,54.233753327609556,0.0,2.6076809620810595,11400.041964835042,77.64534757472595,38.82267378736297,38.82267378736297,38.82267378736297,0.0,4.08656334834051,9906.736056845362,34.14674215792775,17.073371078963874,17.073371078963874,17.073371078963874,0.0,0.8366600265340757,3813.7570976662896,102.19001908210018,51.09500954105009,51.09500954105009,51.09500954105009,0.0,2.3021728866442674,10132.314163111998
0.0,64.75492259280371,32.377461296401854,32.377461296401854,32.377461296401854,0.0,1.4832396974191326,7095.092973316136,97.00927790680642,48.50463895340321,48.50463895340321,48.50463895340321,0.0,3.5777087639996634,8276.414531667684,79.35489902961253,39.67744951480626,39.67744951480626,39.67744951480626,0.0,2.6076809620810595,9174.96952038534,72.89170048777844,36.44585024388922,36.44585024388922,36.44585024388922,0.0,2.280350850198276,6701.18801407631,40.93897898091744,20.46948949045872,20.46948949045872,20.46948949045872,0.0,2.701851217221259,3517.160758339033,59.312730505347666,29.656365252673833,29.656365252673833,29.656365252673833,0.0,1.6431676725154984,4880.498775740037,66.6543321922889,33.32716609614445,33.32716609614445,33.32716609614445,0.0,0.8366600265340757,7698.5053549374115,84.22113748935003,42.110568744675014,42.110568744675014,42.110568744675014,0.0,2.3874672772626644,9687.048270758229,98.38089245376868,49.19044622688434,49.19044622688434,49.19044622688434,0.0,1.9235384061671346,9562.43418278003,70.93095234099144,35.46547617049572,35.46547617049572,35.46547617049572,0.0,1.4832396974191326,6888.211182883405,75.49304603736692,37.74652301868346,37.74652301868346,37.74652301868346,0.0,1.9493588689617927,7861.612608110374,84.21876275510108,42.10938137755054,42.10938137755054,42.10938137755054,0.0,2.7748873851023217,7910.784114106515,35.34402354005554,17.67201177002777,17.67201177002777,17.67201177002777,0.0,0.5477225575051661,3706.371986188111,90.45440840556087,45.227204202780435,45.227204202780435,45.227204202780435,0.0,1.0954451150103321,9040.908654554585,86.4708043214587,43.23540216072935,43.23540216072935,43.23540216072935,0.0,2.9999999999999996,9265.153387829043,65.9605942968982,32.9802971484491,32.9802971484491,32.9802971484491,0.0,1.7320508075688772,6764.455986995554,108.23123393919151,54.115616969595756,54.115616969595756,54.115616969595756,0.0,2.6076809620810595,11401.255566822454,77.64534757472595,38.82267378736297,38.82267378736297,38.82267378736297,0.0,4.08656334834051,9906.702513954882,34.14674215792775,17.073371078963874,17.073371078963874,17.073371078963874,0.0,0.8366600265340757,3816.7531096469943,102.45584414761318,51.22792207380659,51.22792207380659,51.22792207380659,0.0,2.3021728866442674,10131.04806029465
0.0,64.49185995146985,32.245929975734924,32.245929975734924,32.245929975734924,0.0,1.4832396974191326,7093.638185021844,97.00927790680642,48.50463895340321,48.50463895340321,48.50463895340321,0.0,3.5777087639996634,8278.131854470548,79.05188169803424,39.52594084901712,39.52594084901712,39.52594084901712,0.0,2.6076809620810595,9173.504036081305,72.14429984413184,36.07214992206592,36.07214992206592,36.07214992206592,0.0,2.280350850198276,6700.936852411012,40.93897898091744,20.46948949045872,20.46948949045872,20.46948949045872,0.0,2.701851217221259,3516.272742549986,59.312730505347666,29.656365252673833,29.656365252673833,29.656365252673833,0.0,1.6431676725154984,4881.542051442351,66.6543321922889,33.32716609614445,33.32716609614445,33.32716609614445,0.0,0.8366600265340757,7695.104840091524,84.15937262123572,42.07968631061786,42.07968631061786,42.07968631061786,0.0,2.3874672772626644,9684.937258444166,98.38089245376868,49.19044622688434,49.19044622688434,49.19044622688434,0.0,1.9235384061671346,9562.706954623256,70.27090436304346,35.13545218152173,35.13545218152173,35.13545218152173,0.0,1.4832396974191326,6889.172686179379,76.04735366861887,38.023676834309434,38.023676834309434,38.023676834309434,0.0,1.9493588689617927,7857.575529385639,84.65931726632338,42.32965863316169,42.32965863316169,42.32965863316169,0.0,2.701851217221259,7910.44798352154,35.25336863336609,17.626684316683043,17.626684316683043,17.626684316683043,0.0,0.5477225575051661,3707.2308803202427,90.8118934941894,45.4059467470947,45.4059467470947,45.4059467470947,0.0,1.0954451150103321,9038.346956164052,86.4708043214587,43.23540216072935,43.23540216072935,43.23540216072935,0.0,2.9999999999999996,9264.417234775214,66.16041112326917,33.080205561634585,33.080205561634585,33.080205561634585,0.0,1.7320508075688772,6762.045969970924,107.76455818124992,53.88227909062496,53.88227909062496,53.88227909062496,0.0,2.6076809620810595,11403.164069678205,88.51440560722305,44.25720280361153,44.25720280361153,44.25720280361153,0.0,4.827007354458868,11037.704199696602,34.484779251142086,17.242389625571043,17.242389625571043,17.242389625571043,0.0,0.8366600265340757,3817.398944307498,102.45584414761318,51.22792207380659,51.22792207380659,51.22792207380659,0.0,2.3021728866442674,10134.364385594195
0.0,64.53526167917815,32.267630839589074,32.267630839589074,32.267630839589074,0.0,1.4832396974191326,7094.490094432439,97.78138882220891,48.890694411104455,48.890694411104455,48.890694411104455,0.0,3.5777087639996634,8275.545341546986,79.05188169803424,39.52594084901712,39.52594084901712,39.52594084901712,0.0,2.6076809620810595,9173.837299625495,71.67426316328616,35.83713158164308,35.83713158164308,35.83713158164308,0.0,1.8708286933869707,6704.05313970586,40.71854614300466,20.35927307150233,20.35927307150233,20.35927307150233,0.0,2.3021728866442674,3514.5164389998235,59.312730505347666,29.656365252673833,29.656365252673833,29.656365252673833,0.0,1.6431676725154984,4883.857082266024,66.60330322138685,33.301651610693426,33.301651610693426,33.301651610693426,0.0,0.8366600265340757,7700.006019478167,50.703057107042376,25.351528553521188,25.351528553521188,25.351528553521188,0.0,1.5811388300841898,7256.796262814604,98.38089245376868,49.19044622688434,49.19044622688434,49.19044622688434,0.0,1.9235384061671346,9564.181904376348,70.27090436304346,35.13545218152173,35.13545218152173,35.13545218152173,0.0,1.4832396974191326,6891.213920638365,76.04735366861887,38.023676834309434,38.023676834309434,38.023676834309434,0.0,1.9493588689617927,7861.769183841509,84.0166650135555,42.00833250677775,42.00833250677775,42.00833250677775,0.0,2.701851217221259,7911.237652858116,34.79655155327895,17.398275776639476,17.398275776639476,17.398275776639476,0.0,0.5477225575051661,3702.7096429506864,90.18425583215732,45.09212791607866,45.09212791607866,45.09212791607866,0.0,0.894427190999916,9035.537189342978,87.17109612709937,43.58554806354969,43.58554806354969,43.58554806354969,0.0,2.9999999999999996,9268.557509127297,65.71757755730198,32.85878877865099,32.85878877865099,32.85878877865099,0.0,1.7320508075688772,6761.940350224926,108.53202292411213,54.26601146205606,54.26601146205606,54.26601146205606,0.0,2.6076809620810595,11405.087540216427,88.64987309635588,44.32493654817794,44.32493654817794,44.32493654817794,0.0,4.54972526643093,11041.536201996532,33.781651824622195,16.890825912311097,16.890825912311097,16.890825912311097,0.0,0.7071067811865476,3819.508829679544,103.14455875129816,51.57227937564908,51.57227937564908,51.57227937564908,0.0,2.3021728866442674,10136.637524347016
0.0,64.53526167917815,32.267630839589074,32.267630839589074,32.267630839589074,0.0,1.4832396974191326,7094.596605868441,97.70772743237865,48.85386371618932,48.85386371618932,48.85386371618932,0.0,3.63318042491699,8274.925359179984,79.05188169803424,39.52594084901712,39.52594084901712,39.52594084901712,0.0,2.6076809620810595,9174.713439666659,71.67426316328616,35.83713158164308,35.83713158164308,35.83713158164308,0.0,1.8708286933869707,6703.17060800335,40.38316480911321,20.191582404556605,20.191582404556605,20.191582404556605,0.0,2.3021728866442674,3513.8063122488697,59.312730505347666,29.656365252673833,29.656365252673833,29.656365252673833,0.0,1.6431676725154984,4882.707087262147,66.60330322138685,33.301651610693426,33.301651610693426,33.301651610693426,0.0,0.8366600265340757,7696.378726388145,50.65570056765576,25.32785028382788,25.32785028382788,25.32785028382788,0.0,1.5811388300841898,7255.03249475838,98.13663943706244,49.06831971853122,49.06831971853122,49.06831971853122,0.0,1.9235384061671346,9561.64006852381,70.56344662783982,35.28172331391991,35.28172331391991,35.28172331391991,0.0,1.140175425099138,6891.211417450491,76.86351540230254,38.43175770115127,38.43175770115127,38.43175770115127,0.0,1.9493588689617927,7860.969068759907,84.05950273467003,42.02975136733502,42.02975136733502,42.02975136733502,0.0,2.701851217221259,7910.917468915979,34.10571799566753,17.052858997833766,17.052858997833766,17.052858997833766,0.0,0.5477225575051661,3703.219234665968,89.92663676575478,44.96331838287739,44.96331838287739,44.96331838287739,0.0,0.894427190999916,9036.192655095398,87.16191829004224,43.58095914502112,43.58095914502112,43.58095914502112,0.0,2.9999999999999996,9268.597536844503,65.20736154760442,32.60368077380221,32.60368077380221,32.60368077380221,0.0,1.7320508075688772,6765.59743851199,108.53202292411213,54.26601146205606,54.26601146205606,54.26601146205606,0.0,2.6076809620810595,11407.40834721016,90.30393125440331,45.151965627201655,45.151965627201655,45.151965627201655,0.0,4.54972526643093,11041.21960201861,33.781651824622195,16.890825912311097,16.890825912311097,16.890825912311097,0.0,0.7071067811865476,3820.6158927586534,104.26504687573876,52.13252343786938,52.13252343786938,52.13252343786938,0.0,2.3021728866442674,10136.011996835836
0.0,64.33350604467317,32.166753022336586,32.166753022336586,32.166753022336586,0.0,1.4832396974191326,7092.8576540066,96.28499363867662,48.14249681933831,48.14249681933831,48.14249681933831,0.0,3.24037034920393,8274.525587609238,79.16312272769437,39.581561363847186,39.581561363847186,39.581561363847186,0.0,2.6076809620810595,9175.361916567652,71.67426316328616,35.83713158164308,35.83713158164308,35.83713158164308,0.0,1.8708286933869707,6705.477484862655,40.38316480911321,20.191582404556605,20.191582404556605,20.191582404556605,0.0,2.3021728866442674,3511.907928747564,59.9733274047722,29.9866637023861,29.9866637023861,29.9866637023861,0.0,1.6431676725154984,4877.231776325583,66.60330322138685,33.301651610693426,33.301651610693426,33.301651610693426,0.0,0.8366600265340757,7695.9852715555535,50.34679731621466,25.17339865810733,25.17339865810733,25.17339865810733,0.0,1.5811388300841898,7255.46249387315,98.13663943706244,49.06831971853122,49.06831971853122,49.06831971853122,0.0,1.9235384061671346,9563.460320407044,69.90565070149908,34.95282535074954,34.95282535074954,34.95282535074954,0.0,1.140175425099138,6890.360280856148,76.12358373066786,38.06179186533393,38.06179186533393,38.06179186533393,0.0,1.9493588689617927,7863.953649405622,83.57750893631611,41.788754468158054,41.788754468158054,41.788754468158054,0.0,2.701851217221259,7910.937536095201,33.893952262903774,16.946976131451887,16.946976131451887,16.946976131451887,0.0,0.5477225575051661,3706.225276477403,90.44335243676011,45.221676218380054,45.221676218380054,45.221676218380054,0.0,0.894427190999916,9037.121953365464,87.16191829004224,43.58095914502112,43.58095914502112,43.58095914502112,0.0,2.9999999999999996,9265.978928316208,66.65733267990852,33.32866633995426,33.32866633995426,33.32866633995426,0.0,1.7320508075688772,6765.239057121337,109.52625256074454,54.76312628037227,54.76312628037227,54.76312628037227,0.0,2.6076809620810595,11403.454117064706,89.70395754926312,44.85197877463156,44.85197877463156,44.85197877463156,0.0,4.301162633521313,11064.196866469794,33.627369804966904,16.813684902483452,16.813684902483452,16.813684902483452,0.0,0.7071067811865476,3820.4566873608187,104.26504687573876,52.13252343786938,52.13252343786938,52.13252343786938,0.0,2.3021728866442674,10135.697938474686
0.0,64.33350604467317,32.166753022336586,32.166753022336586,32.166753022336586,0.0,1.4832396974191326,7094.244040065157,99.60321279958794,49.80160639979397,49.80160639979397,49.80160639979397,0.0,4.449719092257398,8527.684269483714,78.18439742045723,39.092198710228615,39.092198710228615,39.092198710228615,0.0,2.6076809620810595,9176.422734377487,70.9845053515202,35.4922526757601,35.4922526757601,35.4922526757601,0.0,1.8708286933869707,6701.94428505639,40.38316480911321,20.191582404556605,20.191582404556605,20.191582404556605,0.0,2.3021728866442674,3511.688909912152,59.642266891861176,29.821133445930588,29.821133445930588,29.821133445930588,0.0,1.6431676725154984,4882.025583710106,67.10290604735387,33.551453023676935,33.551453023676935,33.551453023676935,0.0,0.8366600265340757,7698.071433807301,50.34679731621466,25.17339865810733,25.17339865810733,25.17339865810733,0.0,1.5811388300841898,7257.441546440453,98.13663943706244,49.06831971853122,49.06831971853122,49.06831971853122,0.0,1.9235384061671346,9563.969249218653,69.90565070149908,34.95282535074954,34.95282535074954,34.95282535074954,0.0,1.140175425099138,6891.417343333664,75.38700153209439,37.693500766047194,37.693500766047194,37.693500766047194,0.0,1.9493588689617927,7861.729720614923,83.57750893631611,41.788754468158054,41.788754468158054,41.788754468158054,0.0,2.701851217221259,7912.276265399231,35.6202189774291,17.81010948871455,17.81010948871455,17.81010948871455,0.0,0.5477225575051661,3703.9803185222245,91.13287003052193,45.566435015260964,45.566435015260964,45.566435015260964,0.0,0.894427190999916,9039.340628607819,86.22064717919949,43.110323589599744,43.110323589599744,43.110323589599744,0.0,2.588435821108957,9266.54390805979,66.76226479082327,33.38113239541163,33.38113239541163,33.38113239541163,0.0,1.7320508075688772,6767.599995567114,109.52625256074454,54.76312628037227,54.76312628037227,54.76312628037227,0.0,2.6076809620810595,11403.343842926073,89.2479691645698,44.6239845822849,44.6239845822849,44.6239845822849,0.0,4.024922359499621,11063.936473968024,34.08812109811862,17.04406054905931,17.04406054905931,17.04406054905931,0.0,0.7071067811865476,3821.055678735917,105.13229760639686,52.56614880319843,52.56614880319843,52.56614880319843,0.0,2.3021728866442674,10134.37788914544
0.0,63.664746916955544,31.832373458477772,31.832373458477772,31.832373458477772,0.0,1.4832396974191326,7094.657447685547,98.92421341612983,49.462106708064915,49.462106708064915,49.462106708064915,0.0,4.03732584763727,8527.835968169182,78.18439742045723,39.092198710228615,39.092198710228615,39.092198710228615,0.0,2.6076809620810595,9175.399337358565,70.2993598832877,35.14967994164385,35.14967994164385,35.14967994164385,0.0,1.8708286933869707,6700.2998216497745,39.481641303269036,19.740820651634518,19.740820651634518,19.740820651634518,0.0,2.3021728866442674,3508.77005516178,59.082992476684865,29.541496238342432,29.541496238342432,29.541496238342432,0.0,1.6431676725154984,4884.600720632137,67.10290604735387,33.551453023676935,33.551453023676935,33.551453023676935,0.0,0.8366600265340757,7697.8144755508365,51.197656196353364,25.598828098176682,25.598828098176682,25.598828098176682,0.0,1.5811388300841898,7254.024317577107,98.16924161874736,49.08462080937368,49.08462080937368,49.08462080937368,0.0,1.9235384061671346,9563.67093745911,70.52091888227208,35.26045944113604,35.26045944113604,35.26045944113604,0.0,1.140175425099138,6894.2276797332415,75.53277434332728,37.76638717166364,37.76638717166364,37.76638717166364,0.0,1.9493588689617927,7864.2961350651085,83.57750893631611,41.788754468158054,41.788754468158054,41.788754468158054,0.0,2.701851217221259,7910.901200242612,34.85398112124352,17.42699056062176,17.42699056062176,17.42699056062176,0.0,0.8366600265340758,3702.412254193204,91.06481208458072,45.53240604229036,45.53240604229036,45.53240604229036,0.0,0.894427190999916,9034.30845167465,86.61408661412992,43.30704330706496,43.30704330706496,43.30704330706496,0.0,2.701851217221259,9266.66845743388,66.76226479082327,33.38113239541163,33.38113239541163,33.38113239541163,0.0,1.7320508075688772,6774.253700593151,109.75791543209992,54.87895771604996,54.87895771604996,54.87895771604996,0.0,2.6076809620810595,11402.063203648715,89.8621166009348,44.9310583004674,44.9310583004674,44.9310583004674,0.0,4.301162633521313,11086.459164223716,34.08812109811862,17.04406054905931,17.04406054905931,17.04406054905931,0.0,0.7071067811865476,3821.7185008841248,105.13229760639686,52.56614880319843,52.56614880319843,52.56614880319843,0.0,2.3021728866442674,10131.964592318707
0.0,63.8686151407716,31.9343075703858,31.9343075703858,31.9343075703858,0.0,1.4832396974191326,7092.682757603078,106.46501772882958,53.23250886441479,53.23250886441479,53.23250886441479,0.0,4.08656334834051,9245.740938399691,77.44159089274962,38.72079544637481,38.72079544637481,38.72079544637481,0.0,2.6076809620810595,9179.409283826491,70.2993598832877,35.14967994164385,35.14967994164385,35.14967994164385,0.0,1.8708286933869707,6701.946306857434,40.25916044827562,20.12958022413781,20.12958022413781,20.12958022413781,0.0,2.3021728866442674,3507.8089742743973,59.218240433163835,29.609120216581918,29.609120216581918,29.609120216581918,0.0,1.6431676725154984,4880.693854361283,66.88796603276258,33.44398301638129,33.44398301638129,33.44398301638129,0.0,0.8366600265340757,7694.245726515368,50.48564152311031,25.242820761555155,25.242820761555155,25.242820761555155,0.0,1.4832396974191326,7256.879081258004,98.16924161874736,49.08462080937368,49.08462080937368,49.08462080937368,0.0,1.9235384061671346,9565.147709261995,71.14211129844264,35.57105564922132,35.57105564922132,35.57105564922132,0.0,1.140175425099138,6896.111745034299,75.68883669339884,37.84441834669942,37.84441834669942,37.84441834669942,0.0,1.9493588689617927,7866.992735473957,84.0166650135555,42.00833250677775,42.00833250677775,42.00833250677775,0.0,2.701851217221259,7913.693271791623,34.85398112124352,17.42699056062176,17.42699056062176,17.42699056062176,0.0,0.8366600265340758,3700.7365753319973,91.06481208458072,45.53240604229036,45.53240604229036,45.53240604229036,0.0,0.894427190999916,9034.446845269498,102.9601864800176,51.4800932400088,51.4800932400088,51.4800932400088,0.0,3.5637059362410923,10760.567958988038,66.3234498499588,33.1617249249794,33.1617249249794,33.1617249249794,0.0,1.7320508075688772,6774.572370268104,109.75791543209992,54.87895771604996,54.87895771604996,54.87895771604996,0.0,2.6076809620810595,11402.73380817074,89.8621166009348,44.9310583004674,44.9310583004674,44.9310583004674,0.0,4.301162633521313,11088.03669726972,34.08812109811862,17.04406054905931,17.04406054905931,17.04406054905931,0.0,0.7071067811865476,3817.6431603804986,104.21708113356466,52.10854056678233,52.10854056678233,52.10854056678233,0.0,2.3021728866442674,10130.140388958092
0.0,63.614463764147224,31.807231882073612,31.807231882073612,31.807231882073612,0.0,1.4832396974191326,7094.3815939093665,106.13764647852335,53.068823239261675,53.068823239261675,53.068823239261675,0.0,4.08656334834051,9246.188484992073,77.9307384797552,38.9653692398776,38.9653692398776,38.9653692398776,0.0,2.6076809620810595,9183.07776292894,70.2993598832877,35.14967994164385,35.14967994164385,35.14967994164385,0.0,1.8708286933869707,6702.570387545363,41.099878345318736,20.549939172659368,20.549939172659368,20.549939172659368,0.0,2.3874672772626644,3506.9931850518333,59.54158210864068,29.77079105432034,29.77079105432034,29.77079105432034,0.0,1.51657508881031,4879.683698765731,66.88796603276258,33.44398301638129,33.44398301638129,33.44398301638129,0.0,0.8366600265340757,7695.198613421228,50.19960159204453,25.099800796022265,25.099800796022265,25.099800796022265,0.0,1.4832396974191326,7261.1364950674215,98.99090867347365,49.49545433673683,49.49545433673683,49.49545433673683,0.0,1.9235384061671346,9564.43214205632,71.14211129844264,35.57105564922132,35.57105564922132,35.57105564922132,0.0,1.140175425099138,6895.258675350766,75.9473501841901,37.97367509209505,37.97367509209505,37.97367509209505,0.0,1.9493588689617927,7868.058381837288,84.0166650135555,42.00833250677775,42.00833250677775,42.00833250677775,0.0,2.701851217221259,7916.53745017353,34.85398112124352,17.42699056062176,17.42699056062176,17.42699056062176,0.0,0.8366600265340758,3703.845839124517,90.44335243676011,45.221676218380054,45.221676218380054,45.221676218380054,0.0,0.894427190999916,9032.611665515129,102.4987804805501,51.24939024027505,51.24939024027505,51.24939024027505,0.0,3.5637059362410923,10755.603967234942,66.54922989787335,33.27461494893667,33.27461494893667,33.27461494893667,0.0,1.7320508075688772,6775.1329728648125,110.2234094918135,55.11170474590675,55.11170474590675,55.11170474590675,0.0,2.6076809620810595,11400.478432943066,89.40246081624375,44.70123040812187,44.70123040812187,44.70123040812187,0.0,4.024922359499621,11085.291056169883,34.08812109811862,17.04406054905931,17.04406054905931,17.04406054905931,0.0,0.7071067811865476,3815.2207406649486,103.83255751449062,51.91627875724531,51.91627875724531,51.91627875724531,0.0,2.3021728866442674,10134.191694456938
0.0,63.8811396266535,31.94056981332675,31.94056981332675,31.94056981332675,0.0,1.4832396974191326,7096.778755181818,105.63522139892545,52.817610699462726,52.817610699462726,52.817610699462726,0.0,3.714835124201342,9246.968789825129,77.9307384797552,38.9653692398776,38.9653692398776,38.9653692398776,0.0,2.6076809620810595,9185.218113904535,81.8584143506335,40.92920717531675,40.92920717531675,40.92920717531675,0.0,2.302172886644268,7826.25860165635,41.099878345318736,20.549939172659368,20.549939172659368,20.549939172659368,0.0,2.3874672772626644,3504.3013997086496,60.20963378065009,30.104816890325043,30.104816890325043,30.104816890325043,0.0,1.51657508881031,4881.744790543644,66.88796603276258,33.44398301638129,33.44398301638129,33.44398301638129,0.0,0.8366600265340757,7692.578065902224,50.19960159204453,25.099800796022265,25.099800796022265,25.099800796022265,0.0,1.4832396974191326,7258.4654232144685,99.02928859685906,49.51464429842953,49.51464429842953,49.51464429842953,0.0,1.9235384061671346,9567.98088940399,71.48985942075981,35.74492971037991,35.74492971037991,35.74492971037991,0.0,1.140175425099138,6897.3003921824375,75.9473501841901,37.97367509209505,37.97367509209505,37.97367509209505,0.0,1.9493588689617927,7867.2071092605665,83.37865434270333,41.689327171351664,41.689327171351664,41.689327171351664,0.0,2.3021728866442674,7913.161239353081,34.68717342188608,17.34358671094304,17.34358671094304,17.34358671094304,0.0,0.8366600265340758,3702.099498933004,90.01555421148059,45.007777105740296,45.007777105740296,45.007777105740296,0.0,0.894427190999916,9031.517353136183,102.01372456684443,51.006862283422215,51.006862283422215,51.006862283422215,0.0,3.286335345030997,10755.316113438972,65.27480371475659,32.63740185737829,32.63740185737829,32.63740185737829,0.0,1.7320508075688772,7397.774618086171,111.75866856758807,55.87933428379404,55.87933428379404,55.87933428379404,0.0,2.6076809620810595,11399.872837010069,89.40246081624375,44.70123040812187,44.70123040812187,44.70123040812187,0.0,4.024922359499621,11087.4631363536,34.08812109811862,17.04406054905931,17.04406054905931,17.04406054905931,0.0,0.7071067811865476,3815.8408902887973,103.0824912388132,51.5412456194066,51.5412456194066,51.5412456194066,0.0,2.3021728866442674,10131.912588450416
0.0,63.8811396266535,31.94056981332675,31.94056981332675,31.94056981332675,0.0,1.4832396974191326,7093.440300728554,106.68270712725658,53.34135356362829,53.34135356362829,53.34135356362829,0.0,4.47213595499958,9315.053338548309,78.31219572965631,39.156097864828155,39.156097864828155,39.156097864828155,0.0,2.6076809620810595,9183.570618229056,82.52272414311103,41.26136207155552,41.26136207155552,41.26136207155552,0.0,2.302172886644268,7827.4564323284485,40.48209480745778,20.24104740372889,20.24104740372889,20.24104740372889,0.0,2.0,3504.9291433636718,60.530983801686226,30.265491900843113,30.265491900843113,30.265491900843113,0.0,1.51657508881031,4886.010591474398,66.88796603276258,33.44398301638129,33.44398301638129,33.44398301638129,0.0,0.8366600265340757,7695.192083372578,50.19960159204453,25.099800796022265,25.099800796022265,25.099800796022265,0.0,1.4832396974191326,7263.154046280445,101.29560701234777,50.64780350617389,50.64780350617389,50.64780350617389,0.0,1.9235384061671346,9896.017496953004,71.49265696559331,35.746328482796656,35.746328482796656,35.746328482796656,0.0,1.140175425099138,6898.428661659118,75.9473501841901,37.97367509209505,37.97367509209505,37.97367509209505,0.0,1.9493588689617927,7867.94598354615,83.37865434270333,41.689327171351664,41.689327171351664,41.689327171351664,0.0,2.3021728866442674,7913.192168777402,34.42673379802388,17.21336689901194,17.21336689901194,17.21336689901194,0.0,0.8366600265340758,3698.462680628263,90.53838964770691,45.269194823853454,45.269194823853454,45.269194823853454,0.0,0.894427190999916,9035.933111748891,101.55392656121181,50.776963280605905,50.776963280605905,50.776963280605905,0.0,3.286335345030997,10756.984698325085,64.76109943476871,32.380549717384355,32.380549717384355,32.380549717384355,0.0,1.7320508075688772,7402.324175554594,111.83559361848982,55.91779680924491,55.91779680924491,55.91779680924491,0.0,2.280350850198276,11399.874968612594,87.89311690911866,43.94655845455933,43.94655845455933,43.94655845455933,0.0,3.5071355833500366,11088.674726945506,34.08812109811862,17.04406054905931,17.04406054905931,17.04406054905931,0.0,0.7071067811865476,3817.239932202324,103.43500374631404,51.71750187315702,51.71750187315702,51.71750187315702,0.0,2.3021728866442674,10137.452870420657
0.0,63.8811396266535,31.94056981332675,31.94056981332675,31.94056981332675,0.0,1.4832396974191326,7094.568746583544,106.15648826143412,53.07824413071706,53.07824413071706,53.07824413071706,0.0,4.08656334834051,9317.026038388001,78.31219572965631,39.156097864828155,39.156097864828155,39.156097864828155,0.0,2.6076809620810595,9184.657707285558,82.52272414311103,41.26136207155552,41.26136207155552,41.26136207155552,0.0,2.302172886644268,7826.490848394317,40.19950248448356,20.09975124224178,20.09975124224178,20.09975124224178,0.0,2.0,3503.4568214836045,60.76841284746542,30.38420642373271,30.38420642373271,30.38420642373271,0.0,1.51657508881031,4886.1228699245785,67.40029673525184,33.70014836762592,33.70014836762592,33.70014836762592,0.0,0.8366600265340757,7695.308096496202,51.00196074662228,25.50098037331114,25.50098037331114,25.50098037331114,0.0,1.4832396974191326,7263.619586679909,101.29560701234777,50.64780350617389,50.64780350617389,50.64780350617389,0.0,1.9235384061671346,9895.073117466085,71.49265696559331,35.746328482796656,35.746328482796656,35.746328482796656,0.0,1.140175425099138,6898.109936787034,75.87621498203505,37.938107491017526,37.938107491017526,37.938107491017526,0.0,1.9493588689617927,7870.115691652823,83.82839614355031,41.914198071775154,41.914198071775154,41.914198071775154,0.0,2.3021728866442674,7909.560019368966,33.76388603226827,16.881943016134134,16.881943016134134,16.881943016134134,0.0,0.8366600265340758,3697.0545438226904,90.7039139177577,45.35195695887885,45.35195695887885,45.35195695887885,0.0,0.894427190999916,9037.309970339626,102.41484267429207,51.20742133714604,51.20742133714604,51.20742133714604,0.0,3.286335345030997,10756.030485267322,64.2557390432948,32.1278695216474,32.1278695216474,32.1278695216474,0.0,1.6431676725154984,7403.559056291778,111.83559361848982,55.91779680924491,55.91779680924491,55.91779680924491,0.0,2.280350850198276,11400.887298802669,87.89766777338293,43.94883388669147,43.94883388669147,43.94883388669147,0.0,3.5071355833500366,11085.492239860168,33.982348359111384,16.991174179555692,16.991174179555692,16.991174179555692,0.0,0.7071067811865476,3815.142815151223,103.43500374631404,51.71750187315702,51.71750187315702,51.71750187315702,0.0,2.3021728866442674,10138.065781992145
0.0,63.8811396266535,31.94056981332675,31.94056981332675,31.94056981332675,0.0,1.4832396974191326,7094.358519274311,105.63522139892545,52.817610699462726,52.817610699462726,52.817610699462726,0.0,3.714835124201342,9313.838263573187,79.29186591321962,39.64593295660981,39.64593295660981,39.64593295660981,0.0,2.6076809620810595,9186.397563789627,82.32375112930654,41.16187556465327,41.16187556465327,41.16187556465327,0.0,2.280350850198276,7823.012770026648,39.93494710150497,19.967473550752484,19.967473550752484,19.967473550752484,0.0,1.9235384061671346,3500.131954655424,60.76841284746542,30.38420642373271,30.38420642373271,30.38420642373271,0.0,1.51657508881031,4884.167922993639,66.71731409461864,33.35865704730932,33.35865704730932,33.35865704730932,0.0,0.8366600265340757,7694.43585976256,51.00196074662228,25.50098037331114,25.50098037331114,25.50098037331114,0.0,1.4832396974191326,7265.973541102389,101.17707250162954,50.58853625081477,50.58853625081477,50.58853625081477,0.0,1.9235384061671346,9833.346948013173,70.87171509142416,35.43585754571208,35.43585754571208,35.43585754571208,0.0,1.140175425099138,6902.027238427852,75.68883669339884,37.84441834669942,37.84441834669942,37.84441834669942,0.0,1.9493588689617927,7873.3175980649985,82.93853145553037,41.46926572776518,41.46926572776518,41.46926572776518,0.0,2.3021728866442674,7907.157093418595,33.36465195382682,16.68232597691341,16.68232597691341,16.68232597691341,0.0,0.8366600265340758,3699.9146611780116,90.7039139177577,45.35195695887885,45.35195695887885,45.35195695887885,0.0,0.894427190999916,9038.578605068387,102.29760505505493,51.148802527527465,51.148802527527465,51.148802527527465,0.0,3.286335345030997,10754.845828741572,64.2557390432948,32.1278695216474,32.1278695216474,32.1278695216474,0.0,1.6431676725154984,7402.38227194462,111.37683780750825,55.688418903754126,55.688418903754126,55.688418903754126,0.0,2.280350850198276,11401.660120350896,88.35609769563162,44.17804884781581,44.17804884781581,44.17804884781581,0.0,3.5071355833500366,11082.533004688054,34.397674339989905,17.198837169994952,17.198837169994952,17.198837169994952,0.0,0.7071067811865476,3815.3698116958467,103.88070080626142,51.94035040313071,51.94035040313071,51.94035040313071,0.0,2.3021728866442674,10139.710212821667
0.0,63.8811396266535,31.94056981332675,31.94056981332675,31.94056981332675,0.0,1.4832396974191326,7096.384974055452,104.9895232868499,52.49476164342495,52.49476164342495,52.49476164342495,0.0,3.714835124201342,9311.081516129048,79.68186744799597,39.840933723997985,39.840933723997985,39.840933723997985,0.0,2.6076809620810595,9183.887493866636,82.98915591810776,41.49457795905388,41.49457795905388,41.49457795905388,0.0,2.280350850198276,7823.967983063326,39.30903204099536,19.65451602049768,19.65451602049768,19.65451602049768,0.0,1.9235384061671346,3498.467921819493,61.42637869840611,30.713189349203056,30.713189349203056,30.713189349203056,0.0,1.51657508881031,4884.4290863928,66.50413520977474,33.25206760488737,33.25206760488737,33.25206760488737,0.0,0.8366600265340757,7696.438416566458,51.00196074662228,25.50098037331114,25.50098037331114,25.50098037331114,0.0,1.4832396974191326,7265.450123701904,101.17707250162954,50.58853625081477,50.58853625081477,50.58853625081477,0.0,1.9235384061671346,9834.35462041104,69.89134424233089,34.945672121165444,34.945672121165444,34.945672121165444,0.0,1.140175425099138,6901.927795913255,76.41204093596768,38.20602046798384,38.20602046798384,38.20602046798384,0.0,1.9493588689617927,7874.472445821371,83.88802059889123,41.944010299445615,41.944010299445615,41.944010299445615,0.0,2.3021728866442674,7907.763293118984,32.851179583083464,16.425589791541732,16.425589791541732,16.425589791541732,0.0,0.8366600265340758,3700.5151263033636,90.7039139177577,45.35195695887885,45.35195695887885,45.35195695887885,0.0,0.894427190999916,9039.305570673005,102.29760505505493,51.148802527527465,51.148802527527465,51.148802527527465,0.0,3.286335345030997,10751.387133760927,64.4608408260395,32.23042041301975,32.23042041301975,32.23042041301975,0.0,1.6431676725154984,7401.605650127545,111.07655018049489,55.538275090247446,55.538275090247446,55.538275090247446,0.0,2.2360679774997894,11398.927682023428,88.35609769563162,44.17804884781581,44.17804884781581,44.17804884781581,0.0,3.5071355833500366,11084.781504386994,34.397674339989905,17.198837169994952,17.198837169994952,17.198837169994952,0.0,0.7071067811865476,3811.059209721098,103.96537885277002,51.98268942638501,51.98268942638501,51.98268942638501,0.0,2.3021728866442674,10137.886204727296
0.0,45.72526653831555,22.862633269157776,22.862633269157776,22.862633269157776,0.0,1.140175425099138,5115.295328717591,105.77901493207432,52.88950746603716,52.88950746603716,52.88950746603716,0.0,3.714835124201342,9311.950960996306,79.79223019818409,39.89611509909204,39.89611509909204,39.89611509909204,0.0,2.6076809620810595,9180.485156025252,82.52757115049491,41.263785575247454,41.263785575247454,41.263785575247454,0.0,2.280350850198276,7828.056668164839,40.03998001997503,20.019990009987517,20.019990009987517,20.019990009987517,0.0,1.9235384061671346,3498.6669604293575,61.52397906507673,30.761989532538365,30.761989532538365,30.761989532538365,0.0,1.51657508881031,4886.589199022156,97.96529997912526,48.98264998956263,48.98264998956263,48.98264998956263,0.0,4.277849927241488,10826.073143111495,50.54502942921292,25.27251471460646,25.27251471460646,25.27251471460646,0.0,1.140175425099138,7266.8673649654565,101.70938993033042,50.85469496516521,50.85469496516521,50.85469496516521,0.0,1.9235384061671346,9834.837782088733,69.25893444170218,34.62946722085109,34.62946722085109,34.62946722085109,0.0,1.140175425099138,6899.508439012159,77.14402115523924,38.57201057761962,38.57201057761962,38.57201057761962,0.0,1.9493588689617927,7875.278960138492,84.6096921162109,42.30484605810545,42.30484605810545,42.30484605810545,0.0,2.3021728866442674,7912.970756928146,42.951135025747575,21.475567512873788,21.475567512873788,21.475567512873788,0.0,0.8366600265340755,4545.935239309949,91.06481208458072,45.53240604229036,45.53240604229036,45.53240604229036,0.0,0.894427190999916,9041.27112191643,103.18527026664223,51.59263513332112,51.59263513332112,51.59263513332112,0.0,3.286335345030997,10754.265604865821,64.4608408260395,32.23042041301975,32.23042041301975,32.23042041301975,0.0,1.6431676725154984,7402.627661850892,110.84583889348305,55.422919446741524,55.422919446741524,55.422919446741524,0.0,2.16794833886788,11399.96534205258,88.19977324233889,44.099886621169446,44.099886621169446,44.099886621169446,0.0,3.5071355833500366,11086.775942536226,34.85398112124352,17.42699056062176,17.42699056062176,17.42699056062176,0.0,0.7071067811865476,3811.4911386490194,103.60501918343532,51.80250959171766,51.80250959171766,51.80250959171766,0.0,2.3021728866442674,10138.833547307106
0.0,45.72526653831555,22.862633269157776,22.862633269157776,22.862633269157776,0.0,1.140175425099138,5116.075058088964,106.8363234110946,53.4181617055473,53.4181617055473,53.4181617055473,0.0,4.47213595499958,9392.616264917886,79.91245209602819,39.956226048014095,39.956226048014095,39.956226048014095,0.0,2.6076809620810595,9177.851845611804,82.32375112930654,41.16187556465327,41.16187556465327,41.16187556465327,0.0,2.280350850198276,7831.647061761658,39.4715087119811,19.73575435599055,19.73575435599055,19.73575435599055,0.0,1.9235384061671346,3497.3723993878602,61.096644752392095,30.548322376196047,30.548322376196047,30.548322376196047,0.0,1.51657508881031,4890.50582250957,97.16583761796119,48.582918808980594,48.582918808980594,48.582918808980594,0.0,3.8340579025361627,10829.461542477538,50.40634880647477,25.203174403237384,25.203174403237384,25.203174403237384,0.0,1.140175425099138,7270.436348665739,101.27783567987618,50.63891783993809,50.63891783993809,50.63891783993809,0.0,1.9235384061671346,9834.077750353614,69.2733715073837,34.63668575369185,34.63668575369185,34.63668575369185,0.0,1.140175425099138,6896.82425468418,77.3873374655053,38.69366873275265,38.69366873275265,38.69366873275265,0.0,1.9493588689617927,7873.438975441418,84.62860036654276,42.31430018327138,42.31430018327138,42.31430018327138,0.0,2.3021728866442674,7912.625019549454,42.951135025747575,21.475567512873788,21.475567512873788,21.475567512873788,0.0,0.8366600265340755,4543.960992350177,90.64215354899729,45.32107677449864,45.32107677449864,45.32107677449864,0.0,0.894427190999916,9040.148079539405,102.69761438319783,51.348807191598915,51.348807191598915,51.348807191598915,0.0,3.286335345030997,10752.36598614463,64.4608408260395,32.23042041301975,32.23042041301975,32.23042041301975,0.0,1.6431676725154984,7406.1320336596755,111.32475016814546,55.66237508407273,55.66237508407273,55.66237508407273,0.0,2.16794833886788,11397.027081655988,88.64987309635586,44.32493654817793,44.32493654817793,44.32493654817793,0.0,3.5071355833500366,11084.74761553009,34.85398112124352,17.42699056062176,17.42699056062176,17.42699056062176,0.0,0.7071067811865476,3809.035271561554,103.60501918343532,51.80250959171766,51.80250959171766,51.80250959171766,0.0,2.3021728866442674,10136.585889736249
0.0,46.3033476111609,23.15167380558045,23.15167380558045,23.15167380558045,0.0,1.140175425099138,5118.905908492556,107.09435092478034,53.54717546239017,53.54717546239017,53.54717546239017,0.0,4.08656334834051,9388.295755886687,80.04498735086413,40.02249367543207,40.02249367543207,40.02249367543207,0.0,2.280350850198276,9178.080774323138,82.32375112930654,41.16187556465327,41.16187556465327,41.16187556465327,0.0,2.280350850198276,7829.427903748779,39.9899987496874,19.9949993748437,19.9949993748437,19.9949993748437,0.0,1.9235384061671346,3493.2489891217315,61.096644752392095,30.548322376196047,30.548322376196047,30.548322376196047,0.0,1.51657508881031,4892.460454617901,96.80909048224758,48.40454524112379,48.40454524112379,48.40454524112379,0.0,3.391164991562634,10825.676251394183,50.683330593006616,25.341665296503308,25.341665296503308,25.341665296503308,0.0,1.140175425099138,7270.094854952032,102.06272581114027,51.031362905570134,51.031362905570134,51.031362905570134,0.0,1.9235384061671346,9837.075973072486,69.2733715073837,34.63668575369185,34.63668575369185,34.63668575369185,0.0,1.140175425099138,6898.6308931555395,76.8296817642765,38.41484088213825,38.41484088213825,38.41484088213825,0.0,1.9493588689617927,7870.374851301557,84.62860036654276,42.31430018327138,42.31430018327138,42.31430018327138,0.0,2.3021728866442674,7913.988773052436,42.951135025747575,21.475567512873788,21.475567512873788,21.475567512873788,0.0,0.8366600265340755,4546.39139318207,90.01555421148059,45.007777105740296,45.007777105740296,45.007777105740296,0.0,0.894427190999916,9045.246541692493,102.22524150130437,51.112620750652184,51.112620750652184,51.112620750652184,0.0,3.0495901363953815,10751.837624331944,63.52952069707436,31.76476034853718,31.76476034853718,31.76476034853718,0.0,1.6431676725154984,7408.272099484468,110.86388050217256,55.43194025108628,55.43194025108628,55.43194025108628,0.0,2.16794833886788,11398.041024667353,88.0613422564067,44.03067112820335,44.03067112820335,44.03067112820335,0.0,3.271085446759225,11087.050680861885,35.253368633366094,17.626684316683047,17.626684316683047,17.626684316683047,0.0,0.7071067811865476,3809.704647344726,103.60501918343532,51.80250959171766,51.80250959171766,51.80250959171766,0.0,2.3021728866442674,10135.537800235368
0.0,46.63903944122348,23.31951972061174,23.31951972061174,23.31951972061174,0.0,1.140175425099138,5118.025234404379,107.09435092478034,53.54717546239017,53.54717546239017,53.54717546239017,0.0,4.08656334834051,9386.140767109771,79.435508432942,39.717754216471,39.717754216471,39.717754216471,0.0,2.280350850198276,9178.688424824104,82.98915591810776,41.49457795905388,41.49457795905388,41.49457795905388,0.0,2.280350850198276,7829.301265119385,39.582824558133794,19.791412279066897,19.791412279066897,19.791412279066897,0.0,1.9235384061671346,3492.427837479251,61.096644752392095,30.548322376196047,30.548322376196047,30.548322376196047,0.0,1.51657508881031,4896.319434023887,96.46346458633964,48.23173229316982,48.23173229316982,48.23173229316982,0.0,3.391164991562634,10821.722168860186,50.683330593006616,25.341665296503308,25.341665296503308,25.341665296503308,0.0,1.140175425099138,7271.304098990771,102.6001949315887,51.30009746579435,51.30009746579435,51.30009746579435,0.0,1.9235384061671346,9837.731252682197,69.6074708634066,34.8037354317033,34.8037354317033,34.8037354317033,0.0,1.140175425099138,6900.11530338443,77.14402115523924,38.57201057761962,38.57201057761962,38.57201057761962,0.0,1.9493588689617927,7867.422913508591,86.54940785470458,43.27470392735229,43.27470392735229,43.27470392735229,0.0,2.3021728866442674,7912.620046482707,42.95579122772621,21.477895613863105,21.477895613863105,21.477895613863105,0.0,0.8366600265340755,4544.59296307161,90.01555421148059,45.007777105740296,45.007777105740296,45.007777105740296,0.0,0.894427190999916,9045.529160861734,101.2975814123911,50.64879070619555,50.64879070619555,50.64879070619555,0.0,3.0495901363953815,10758.625994986534,63.61446376414722,31.80723188207361,31.80723188207361,31.80723188207361,0.0,1.6431676725154984,7410.1218613461415,110.86388050217256,55.43194025108628,55.43194025108628,55.43194025108628,0.0,2.16794833886788,11398.503730753437,87.48256969248217,43.741284846241086,43.741284846241086,43.741284846241086,0.0,3.271085446759225,11085.484730042255,36.03886790674757,18.019433953373785,18.019433953373785,18.019433953373785,0.0,0.7071067811865476,3810.8331503753875,103.60501918343532,51.80250959171766,51.80250959171766,51.80250959171766,0.0,2.3021728866442674,10308.325921312344
0.0,47.04465963316134,23.52232981658067,23.52232981658067,23.52232981658067,0.0,1.140175425099138,5115.991643855568,107.11302441813507,53.556512209067535,53.556512209067535,53.556512209067535,0.0,4.08656334834051,9405.058303912847,79.82981899014929,39.914909495074646,39.914909495074646,39.914909495074646,0.0,2.280350850198276,9179.771522211215,83.03493240799321,41.517466203996605,41.517466203996605,41.517466203996605,0.0,2.345207879911715,7828.018823431636,39.68878934913485,19.844394674567425,19.844394674567425,19.844394674567425,0.0,1.9235384061671346,3491.607266002292,76.60809356719432,38.30404678359716,38.30404678359716,38.30404678359716,0.0,2.4083189157584592,6664.12944802245,98.05100713404222,49.02550356702111,49.02550356702111,49.02550356702111,0.0,3.8340579025361627,10858.729921127977,50.44997522298698,25.22498761149349,25.22498761149349,25.22498761149349,0.0,1.140175425099138,7270.256405382138,102.6001949315887,51.30009746579435,51.30009746579435,51.30009746579435,0.0,1.9235384061671346,9837.32284719781,69.6074708634066,34.8037354317033,34.8037354317033,34.8037354317033,0.0,1.140175425099138,6898.585565172038,77.21916860469297,38.609584302346484,38.609584302346484,38.609584302346484,0.0,1.9493588689617927,7870.444225073958,86.5678924313166,43.2839462156583,43.2839462156583,43.2839462156583,0.0,2.3021728866442674,7918.473602911106,44.11349000022555,22.056745000112777,22.056745000112777,22.056745000112777,0.0,0.8366600265340755,4545.870763671136,90.38362683583792,45.19181341791896,45.19181341791896,45.19181341791896,0.0,0.894427190999916,9047.675215214127,101.87835884033468,50.93917942016734,50.93917942016734,50.93917942016734,0.0,3.0495901363953815,10761.190092178465,64.4670458451448,32.2335229225724,32.2335229225724,32.2335229225724,0.0,1.6431676725154984,7234.877538700984,110.57124400132251,55.285622000661256,55.285622000661256,55.285622000661256,0.0,2.16794833886788,11395.637775043571,86.7571322716467,43.37856613582335,43.37856613582335,43.37856613582335,0.0,3.271085446759225,11088.396290717608,35.7603131977336,17.8801565988668,17.8801565988668,17.8801565988668,0.0,0.7071067811865476,3808.339625085977,102.91161256145975,51.455806280729874,51.455806280729874,51.455806280729874,0.0,2.3021728866442674,10305.395562519665
0.0,46.805982523604825,23.402991261802413,23.402991261802413,23.402991261802413,0.0,1.140175425099138,5116.105383981061,106.80262169066823,53.401310845334116,53.401310845334116,53.401310845334116,0.0,4.08656334834051,9406.75798030331,79.58140486319652,39.79070243159826,39.79070243159826,39.79070243159826,0.0,2.280350850198276,9185.755260184107,83.03493240799321,41.517466203996605,41.517466203996605,41.517466203996605,0.0,2.345207879911715,7830.086793899542,39.81457019735363,19.907285098676816,19.907285098676816,19.907285098676816,0.0,1.9235384061671346,3489.6023842266045,76.60809356719432,38.30404678359716,38.30404678359716,38.30404678359716,0.0,2.4083189157584592,6666.433814266815,98.05100713404222,49.02550356702111,49.02550356702111,49.02550356702111,0.0,3.8340579025361627,10858.745668814609,50.37062636100528,25.18531318050264,25.18531318050264,25.18531318050264,0.0,1.140175425099138,7268.052951100453,102.25067236942748,51.12533618471374,51.12533618471374,51.12533618471374,0.0,1.9235384061671346,9835.014250116774,69.95712972957081,34.978564864785405,34.978564864785405,34.978564864785405,0.0,1.140175425099138,6895.4543215077565,77.38992182448565,38.69496091224283,38.69496091224283,38.69496091224283,0.0,1.9493588689617927,7869.128052077943,86.5678924313166,43.2839462156583,43.2839462156583,43.2839462156583,0.0,2.3021728866442674,7923.509620111533,44.11349000022555,22.056745000112777,22.056745000112777,22.056745000112777,0.0,0.8366600265340755,4547.82142349499,90.38362683583792,45.19181341791896,45.19181341791896,45.19181341791896,0.0,0.894427190999916,9050.29356982413,101.74477873581523,50.872389367907616,50.872389367907616,50.872389367907616,0.0,3.1144823004794877,10761.625304757641,64.4670458451448,32.2335229225724,32.2335229225724,32.2335229225724,0.0,1.6431676725154984,7233.838662840083,110.57124400132251,55.285622000661256,55.285622000661256,55.285622000661256,0.0,2.16794833886788,11398.215970054262,70.24813164775274,35.12406582387637,35.12406582387637,35.12406582387637,0.0,3.7416573867739413,9488.309306720561,36.23810149552539,18.119050747762696,18.119050747762696,18.119050747762696,0.0,0.7071067811865476,3808.203158971433,102.1117035407793,51.05585177038965,51.05585177038965,51.05585177038965,0.0,2.1908902300206643,10304.066900986232
0.0,46.130250378683186,23.065125189341593,23.065125189341593,23.065125189341593,0.0,1.140175425099138,5111.928432597624,106.27323275406654,53.13661637703327,53.13661637703327,53.13661637703327,0.0,3.714835124201342,9406.336996939883,78.85936849861277,39.42968424930638,39.42968424930638,39.42968424930638,0.0,2.280350850198276,9189.265830304399,82.52272414311103,41.26136207155552,41.26136207155552,41.26136207155552,0.0,2.345207879911715,7831.205622380247,39.6837498228179,19.84187491140895,19.84187491140895,19.84187491140895,0.0,1.9235384061671346,3489.068528991656,76.60809356719432,38.30404678359716,38.30404678359716,38.30404678359716,0.0,2.4083189157584592,6665.017081748553,98.45405019601785,49.22702509800892,49.22702509800892,49.22702509800892,0.0,3.8340579025361627,10856.40445543551,50.48564152311031,25.242820761555155,25.242820761555155,25.242820761555155,0.0,1.140175425099138,7268.789424656626,102.09211526851621,51.046057634258105,51.046057634258105,51.046057634258105,0.0,1.9235384061671346,9830.571463551853,70.86042619121056,35.43021309560528,35.43021309560528,35.43021309560528,0.0,1.140175425099138,6891.444790463027,77.38992182448565,38.69496091224283,38.69496091224283,38.69496091224283,0.0,1.9493588689617927,7865.278698177198,87.04711367989177,43.52355683994588,43.52355683994588,43.52355683994588,0.0,2.3021728866442674,7923.313542956634,44.11349000022555,22.056745000112777,22.056745000112777,22.056745000112777,0.0,0.8366600265340755,4546.635107417353,89.76190728811414,44.88095364405707,44.88095364405707,44.88095364405707,0.0,0.894427190999916,9050.306143993143,107.0831452657233,53.54157263286165,53.54157263286165,53.54157263286165,0.0,4.301162633521313,11046.483571707333,65.25948206965789,32.629741034828946,32.629741034828946,32.629741034828946,0.0,1.6431676725154984,7232.037416938604,109.65947291501998,54.82973645750999,54.82973645750999,54.82973645750999,0.0,1.816590212458495,11395.755889803888,69.86558523336078,34.93279261668039,34.93279261668039,34.93279261668039,0.0,3.420526275297414,9488.747925832997,36.70422319025428,18.35211159512714,18.35211159512714,18.35211159512714,0.0,0.7071067811865476,3810.507407157215,102.1117035407793,51.05585177038965,51.05585177038965,51.05585177038965,0.0,2.1908902300206643,10303.559758646523
0.0,46.03476946830515,23.017384734152575,23.017384734152575,23.017384734152575,0.0,1.140175425099138,5116.493066544701,105.74875885796484,52.87437942898242,52.87437942898242,52.87437942898242,0.0,3.714835124201342,9405.195814016846,78.26365695519218,39.13182847759609,39.13182847759609,39.13182847759609,0.0,2.280350850198276,9192.986386370862,82.05364099173174,41.02682049586587,41.02682049586587,41.02682049586587,0.0,2.345207879911715,7835.446809212605,39.6837498228179,19.84187491140895,19.84187491140895,19.84187491140895,0.0,1.9235384061671346,3486.232751839728,76.06576102294646,38.03288051147323,38.03288051147323,38.03288051147323,0.0,2.4083189157584592,6667.653837745328,98.05100713404222,49.02550356702111,49.02550356702111,49.02550356702111,0.0,3.391164991562634,10858.417209704185,50.410316404482124,25.205158202241062,25.205158202241062,25.205158202241062,0.0,1.140175425099138,7270.324525081395,102.49487792080147,51.247438960400736,51.247438960400736,51.247438960400736,0.0,1.9235384061671346,9830.063417903264,70.23674252127584,35.11837126063792,35.11837126063792,35.11837126063792,0.0,1.140175425099138,6897.354072396168,77.40025839750149,38.700129198750744,38.700129198750744,38.700129198750744,0.0,1.9493588689617927,7864.790334141146,87.04711367989177,43.52355683994588,43.52355683994588,43.52355683994588,0.0,2.3021728866442674,7920.693612304417,43.67150100465978,21.83575050232989,21.83575050232989,21.83575050232989,0.0,0.8366600265340755,4541.76311579545,90.13767247938011,45.06883623969006,45.06883623969006,45.06883623969006,0.0,0.894427190999916,9048.095893612091,113.16359838746733,56.581799193733666,56.581799193733666,56.581799193733666,0.0,4.159326868617084,11571.082542268894,64.39565202713611,32.197826013568054,32.197826013568054,32.197826013568054,0.0,1.6431676725154984,7231.472173769322,109.65947291501998,54.82973645750999,54.82973645750999,54.82973645750999,0.0,1.816590212458495,11397.934475158207,69.86558523336078,34.93279261668039,34.93279261668039,34.93279261668039,0.0,3.420526275297414,9486.165568869226,35.983329473521486,17.991664736760743,17.991664736760743,17.991664736760743,0.0,0.7071067811865476,3807.9482401944488,102.1117035407793,51.05585177038965,51.05585177038965,51.05585177038965,0.0,2.1908902300206643,10300.991855156473
0.0,45.96955514250709,22.984777571253545,22.984777571253545,22.984777571253545,0.0,1.140175425099138,5116.398518489348,105.13419995415384,52.56709997707692,52.56709997707692,52.56709997707692,0.0,3.714835124201342,9403.764900293923,77.95383249077624,38.97691624538812,38.97691624538812,38.97691624538812,0.0,2.280350850198276,9190.772584500173,82.05364099173174,41.02682049586587,41.02682049586587,41.02682049586587,0.0,2.345207879911715,7834.86278118513,39.46137351892354,19.73068675946177,19.73068675946177,19.73068675946177,0.0,1.9235384061671346,3484.9850071413507,76.41204093596767,38.206020467983834,38.206020467983834,38.206020467983834,0.0,2.4083189157584592,6664.2717306544455,98.48451654955717,49.242258274778585,49.242258274778585,49.242258274778585,0.0,3.391164991562634,10863.367079317535,50.37062636100528,25.18531318050264,25.18531318050264,25.18531318050264,0.0,1.140175425099138,7273.082517062487,102.06272581114027,51.031362905570134,51.031362905570134,51.031362905570134,0.0,1.9235384061671346,9828.199341690217,69.87703485409209,34.938517427046044,34.938517427046044,34.938517427046044,0.0,1.140175425099138,6896.929737209159,77.40025839750149,38.700129198750744,38.700129198750744,38.700129198750744,0.0,1.9493588689617927,7866.789256106967,86.92985678120033,43.464928390600164,43.464928390600164,43.464928390600164,0.0,2.3021728866442674,7915.257765859556,43.243496620879306,21.621748310439653,21.621748310439653,21.621748310439653,0.0,0.8366600265340755,4538.483909853598,90.52071586106685,45.260357930533424,45.260357930533424,45.260357930533424,0.0,0.894427190999916,9048.50184837247,113.65210072849514,56.82605036424757,56.82605036424757,56.82605036424757,0.0,4.159326868617084,11573.572512409468,64.39565202713611,32.197826013568054,32.197826013568054,32.197826013568054,0.0,1.6431676725154984,7233.103082356838,109.86901291993117,54.93450645996558,54.93450645996558,54.93450645996558,0.0,1.816590212458495,11401.500353023719,69.49244563260096,34.74622281630048,34.74622281630048,34.74622281630048,0.0,3.1304951684997055,9484.090009062547,35.270384177096794,17.635192088548397,17.635192088548397,17.635192088548397,0.0,0.7071067811865476,3810.7651462665604,102.45974819410792,51.22987409705396,51.22987409705396,51.22987409705396,0.0,2.1908902300206643,10301.824668474997
0.0,46.548899020277595,23.274449510138798,23.274449510138798,23.274449510138798,0.0,1.140175425099138,5115.6537509882355,106.20169490172933,53.10084745086466,53.10084745086466,53.10084745086466,0.0,4.08656334834051,9477.790285715337,77.67882594375381,38.839412971876904,38.839412971876904,38.839412971876904,0.0,2.121320343559643,9187.669982101012,82.60266339531674,41.30133169765837,41.30133169765837,41.30133169765837,0.0,2.345207879911715,7837.8559376911235,40.87542048713383,20.437710243566915,20.437710243566915,20.437710243566915,0.0,1.9235384061671346,3483.9938576294876,75.87621498203505,37.938107491017526,37.938107491017526,37.938107491017526,0.0,2.0736441353327724,6662.657067566963,98.52512369949099,49.262561849745495,49.262561849745495,49.262561849745495,0.0,3.391164991562634,10865.856832298132,49.63869458396343,24.819347291981714,24.819347291981714,24.819347291981714,0.0,1.140175425099138,7272.64021521758,102.06272581114027,51.031362905570134,51.031362905570134,51.031362905570134,0.0,1.9235384061671346,9828.173421343357,69.87703485409209,34.938517427046044,34.938517427046044,34.938517427046044,0.0,1.140175425099138,6900.1020282311765,77.9307384797552,38.9653692398776,38.9653692398776,38.9653692398776,0.0,1.9493588689617927,7869.0286694102215,86.30179604156567,43.15089802078283,43.15089802078283,43.15089802078283,0.0,2.3021728866442674,7914.965426330048,42.06185920760042,21.03092960380021,21.03092960380021,21.03092960380021,0.0,0.8366600265340755,4538.286879429285,90.48314760219165,45.241573801095825,45.241573801095825,45.241573801095825,0.0,0.894427190999916,9046.626315925732,85.24552774192908,42.62276387096454,42.62276387096454,42.62276387096454,0.0,3.361547262794322,8584.56788079633,65.97878446894882,32.9893922344744,32.98939223447441,32.98939223447441,0.0,1.6431676725154984,7234.944415819655,109.86901291993117,54.93450645996558,54.93450645996558,54.93450645996558,0.0,1.816590212458495,11402.581229704088,69.49244563260096,34.74622281630048,34.74622281630048,34.74622281630048,0.0,3.1304951684997055,9483.405991520136,35.270384177096794,17.635192088548397,17.635192088548397,17.635192088548397,0.0,0.7071067811865476,3808.9032542189884,102.81439587917637,51.40719793958819,51.40719793958819,51.40719793958819,0.0,2.1908902300206643,10301.698209518661
0.0,46.548899020277595,23.274449510138798,23.274449510138798,23.274449510138798,0.0,1.140175425099138,5114.6903327572045,106.20169490172933,53.10084745086466,53.10084745086466,53.10084745086466,0.0,4.08656334834051,9480.485815610928,77.41317717288187,38.70658858644094,38.70658858644094,38.70658858644094,0.0,2.121320343559643,9183.758723964824,82.89028893664204,41.44514446832102,41.44514446832102,41.44514446832102,0.0,2.345207879911715,7839.240683892796,43.43731115066861,21.718655575334306,21.718655575334306,21.718655575334306,0.0,1.9235384061671346,3518.7449467104034,74.82512946864843,37.412564734324214,37.412564734324214,37.412564734324214,0.0,2.0736441353327724,6661.847438961658,97.77525249264254,48.88762624632127,48.88762624632127,48.88762624632127,0.0,3.391164991562634,10866.166927670492,62.88720060552863,31.443600302764317,31.443600302764317,31.443600302764317,0.0,3.0000000000000004,8462.814177328957,102.90772565750348,51.45386282875174,51.45386282875174,51.45386282875174,0.0,1.9235384061671346,9831.283222448634,70.16551859710009,35.082759298550044,35.082759298550044,35.082759298550044,0.0,1.140175425099138,6905.569382751867,77.9307384797552,38.9653692398776,38.9653692398776,38.9653692398776,0.0,1.9493588689617927,7868.958457127601,86.56327165721036,43.28163582860518,43.28163582860518,43.28163582860518,0.0,2.3021728866442674,7914.277907680523,41.48252644186465,20.741263220932325,20.741263220932325,20.741263220932325,0.0,0.8366600265340755,4533.634877225999,90.88014084496129,45.440070422480645,45.440070422480645,45.440070422480645,0.0,0.894427190999916,9041.527846553368,84.33978894922609,42.169894474613045,42.169894474613045,42.169894474613045,0.0,2.7386127875258306,8601.193452073961,65.80273550544841,32.901367752724205,32.901367752724205,32.901367752724205,0.0,1.6431676725154984,7232.061787623223,109.86901291993117,54.93450645996558,54.93450645996558,54.93450645996558,0.0,1.816590212458495,11400.145556088308,70.54076835419359,35.270384177096794,35.270384177096794,35.270384177096794,0.0,3.420526275297414,9515.447519691335,34.94567212116545,17.472836060582726,17.472836060582726,17.472836060582726,0.0,0.8366600265340755,3808.968193618844,102.81439587917637,51.40719793958819,51.40719793958819,51.40719793958819,0.0,2.1908902300206643,10300.251462949826
0.0,45.89117562233506,22.94558781116753,22.94558781116753,22.94558781116753,0.0,1.140175425099138,5112.781943325962,106.71832082636982,53.35916041318491,53.35916041318491,53.35916041318491,0.0,4.159326868617084,9481.783191995059,77.1569828337008,38.5784914168504,38.5784914168504,38.5784914168504,0.0,2.121320343559643,9184.259725203769,83.08309093913154,41.54154546956577,41.54154546956577,41.54154546956577,0.0,2.345207879911715,7844.130990747159,43.34974048365226,21.67487024182613,21.67487024182613,21.67487024182613,0.0,1.9235384061671346,3516.0927888780184,75.51158851461145,37.75579425730572,37.75579425730572,37.75579425730572,0.0,2.0736441353327724,6664.329861283879,97.77525249264254,48.88762624632127,48.88762624632127,48.88762624632127,0.0,3.391164991562634,10863.833623541921,71.04083332844569,35.52041666422284,35.52041666422284,35.52041666422284,0.0,3.9115214431215892,9203.083955935641,102.12345470067098,51.06172735033549,51.06172735033549,51.06172735033549,0.0,1.9235384061671346,9827.162627126916,70.19116753552402,35.09558376776201,35.09558376776201,35.09558376776201,0.0,1.140175425099138,6904.838774366857,77.9307384797552,38.9653692398776,38.9653692398776,38.9653692398776,0.0,1.9493588689617927,7869.663093169872,85.93485905032951,42.967429525164754,42.967429525164754,42.967429525164754,0.0,1.9235384061671346,7917.944051330497,41.15823125451335,20.579115627256677,20.579115627256677,20.579115627256677,0.0,0.8366600265340755,4532.046756157752,90.88014084496129,45.440070422480645,45.440070422480645,45.440070422480645,0.0,0.894427190999916,9042.118601301356,85.11169132381285,42.555845661906424,42.555845661906424,42.555845661906424,0.0,2.7386127875258306,8601.199207087346,65.47365882551547,32.736829412757736,32.736829412757736,32.736829412757736,0.0,1.6431676725154984,7234.271269450711,109.17875251164945,54.589376255824725,54.589376255824725,54.589376255824725,0.0,1.816590212458495,11400.894535079255,70.10848736066126,35.05424368033063,35.05424368033063,35.05424368033063,0.0,3.420526275297414,9520.620357938868,34.94567212116545,17.472836060582726,17.472836060582726,17.472836060582726,0.0,0.8366600265340755,3808.4625113029533,103.17557850576851,51.58778925288426,51.58778925288426,51.58778925288426,0.0,2.1908902300206643,10303.422911828864
0.0,45.307835966861184,22.653917983430592,22.653917983430592,22.653917983430592,0.0,1.224744871391589,5113.939352397523,106.71832082636982,53.35916041318491,53.35916041318491,53.35916041318491,0.0,4.159326868617084,9487.445557156047,77.1569828337008,38.5784914168504,38.5784914168504,38.5784914168504,0.0,2.121320343559643,9187.393466049009,83.08309093913154,41.54154546956577,41.54154546956577,41.54154546956577,0.0,2.345207879911715,7843.95390093542,42.388677733564656,21.194338866782328,21.194338866782328,21.194338866782328,0.0,1.5811388300841898,3515.9393197266645,75.19840423838792,37.59920211919396,37.59920211919396,37.59920211919396,0.0,2.0736441353327724,6664.716595625053,98.61642865161971,49.30821432580986,49.30821432580986,49.30821432580986,0.0,3.391164991562634,10863.249384967648,70.36192152009494,35.18096076004747,35.18096076004747,35.18096076004747,0.0,3.391164991562634,9205.566017361452,102.66450214168478,51.33225107084239,51.33225107084239,51.33225107084239,0.0,1.9235384061671346,9824.790542296563,70.25667228100119,35.12833614050059,35.12833614050059,35.12833614050059,0.0,1.140175425099138,6905.296206535966,77.47257579298626,38.73628789649313,38.73628789649313,38.73628789649313,0.0,1.9493588689617927,7870.827294509771,85.94184079946159,42.970920399730794,42.970920399730794,42.970920399730794,0.0,1.9235384061671346,7915.255144339947,42.06185920760042,21.03092960380021,21.03092960380021,21.03092960380021,0.0,0.8944271909999157,4529.535483910022,90.88014084496129,45.440070422480645,45.440070422480645,45.440070422480645,0.0,0.894427190999916,9043.295112955233,85.11169132381285,42.555845661906424,42.555845661906424,42.555845661906424,0.0,2.7386127875258306,8601.024165760726,65.82704611328083,32.913523056640415,32.913523056640415,32.913523056640415,0.0,1.6431676725154984,7232.829722867807,109.61386773579336,54.80693386789668,54.80693386789668,54.80693386789668,0.0,1.816590212458495,11399.73559781103,71.9944442300932,35.9972221150466,35.9972221150466,35.9972221150466,0.0,3.7013511046643495,9562.049675671007,34.94567212116545,17.472836060582726,17.472836060582726,17.472836060582726,0.0,0.8366600265340755,3813.1365698070663,102.81634111365761,51.40817055682881,51.40817055682881,51.40817055682881,0.0,2.1908902300206643,10301.645659796302
0.0,44.654227123532216,22.327113561766108,22.327113561766108,22.327113561766108,0.0,1.224744871391589,5113.256965966018,106.71832082636982,53.35916041318491,53.35916041318491,53.35916041318491,0.0,4.159326868617084,9488.297671342316,101.88817399482632,50.94408699741316,50.94408699741316,50.94408699741316,0.0,3.834057902536163,11506.468819755259,84.41089977011262,42.20544988505631,42.20544988505631,42.20544988505631,0.0,2.345207879911715,7846.620068539065,41.92851058647325,20.964255293236626,20.964255293236626,20.964255293236626,0.0,1.5811388300841898,3518.320124718614,74.81443710942428,37.40721855471214,37.40721855471214,37.40721855471214,0.0,2.0736441353327724,6665.2462445134015,99.36800289831733,49.684001449158664,49.684001449158664,49.684001449158664,0.0,3.391164991562634,10863.855084637313,70.25667228100119,35.12833614050059,35.12833614050059,35.12833614050059,0.0,3.391164991562634,9202.61578574266,102.61968622052983,51.309843110264914,51.309843110264914,51.309843110264914,0.0,1.9235384061671346,9826.13203656454,70.25667228100119,35.12833614050059,35.12833614050059,35.12833614050059,0.0,1.140175425099138,6904.0734135726,77.47257579298626,38.73628789649313,38.73628789649313,38.73628789649313,0.0,1.9493588689617927,7869.44231187954,99.01919005930112,49.50959502965056,49.50959502965056,49.50959502965056,0.0,2.588435821108957,9465.323993398219,41.48734746883681,20.743673734418405,20.743673734418405,20.743673734418405,0.0,0.8944271909999157,4526.931433101235,89.9822204660454,44.9911102330227,44.9911102330227,44.9911102330227,0.0,0.894427190999916,9042.41272006537,85.72747517569849,42.86373758784924,42.86373758784924,42.86373758784924,0.0,2.588435821108957,8602.582443661904,65.50419833873246,32.75209916936623,32.75209916936623,32.75209916936623,0.0,1.6431676725154984,7229.930580579595,109.84170428393762,54.92085214196881,54.92085214196881,54.92085214196881,0.0,1.816590212458495,11395.858480167257,71.6184333813579,35.80921669067895,35.80921669067895,35.80921669067895,0.0,3.4351128074635335,9567.334148026815,34.246167668806386,17.123083834403193,17.123083834403193,17.123083834403193,0.0,0.8366600265340755,3812.924402607531,102.81634111365761,51.40817055682881,51.40817055682881,51.40817055682881,0.0,2.1908902300206643,10299.567029734793
0.0,44.595963942939946,22.297981971469973,22.297981971469973,22.297981971469973,0.0,1.224744871391589,5119.375284153331,106.71832082636982,53.35916041318491,53.35916041318491,53.35916041318491,0.0,4.159326868617084,9528.31325576568,101.4435803784547,50.72179018922735,50.72179018922735,50.72179018922735,0.0,3.834057902536163,11506.341390728854,83.71857619429514,41.85928809714757,41.85928809714757,41.85928809714757,0.0,2.345207879911715,7846.438638006417,41.92851058647325,20.964255293236626,20.964255293236626,20.964255293236626,0.0,1.5811388300841898,3522.3819071758817,74.81443710942428,37.40721855471214,37.40721855471214,37.40721855471214,0.0,2.0736441353327724,6665.366666583317,98.57383019848625,49.286915099243124,49.286915099243124,49.286915099243124,0.0,2.9495762407505253,10865.808745786022,70.75874504257406,35.37937252128703,35.37937252128703,35.37937252128703,0.0,3.7013511046643495,9240.29695410272,102.31910867477296,51.15955433738648,51.15955433738648,51.15955433738648,0.0,1.9235384061671346,9826.070180901417,70.25667228100119,35.12833614050059,35.12833614050059,35.12833614050059,0.0,1.140175425099138,6904.829157915495,77.28648005958092,38.64324002979046,38.64324002979046,38.64324002979046,0.0,1.9493588689617927,7867.683693438622,99.20282254049025,49.60141127024512,49.60141127024512,49.60141127024512,0.0,2.588435821108957,9468.70235565571,42.223216362565275,21.111608181282637,21.111608181282637,21.111608181282637,0.0,0.8944271909999157,4527.085685073787,90.25962552548066,45.12981276274033,45.12981276274033,45.12981276274033,0.0,0.894427190999916,9042.192311602314,85.72747517569849,42.86373758784924,42.86373758784924,42.86373758784924,0.0,2.588435821108957,8602.189924664533,65.50419833873246,32.75209916936623,32.75209916936623,32.75209916936623,0.0,1.6431676725154984,7234.192816064554,109.84170428393762,54.92085214196881,54.92085214196881,54.92085214196881,0.0,1.816590212458495,11395.115826528487,71.6184333813579,35.80921669067895,35.80921669067895,35.80921669067895,0.0,3.4351128074635335,9569.908918061865,33.555923471125034,16.777961735562517,16.777961735562517,16.777961735562517,0.0,0.8366600265340755,3812.1303361768732,102.81634111365761,51.40817055682881,51.40817055682881,51.40817055682881,0.0,2.1908902300206643,10298.741393976255
0.0,33.56784175367847,16.783920876839236,16.783920876839236,16.783920876839236,0.0,1.0954451150103321,4099.550926625989,106.71832082636982,53.35916041318491,53.35916041318491,53.35916041318491,0.0,4.159326868617084,9526.217035108952,101.09995054400373,50.549975272001866,50.549975272001866,50.549975272001866,0.0,3.4641016151377544,11505.277606385689,84.38720282128091,42.193601410640454,42.193601410640454,42.193601410640454,0.0,2.345207879911715,7845.488671841927,41.5547831181923,20.77739155909615,20.77739155909615,20.77739155909615,0.0,1.5811388300841898,3520.373091023166,74.81443710942428,37.40721855471214,37.40721855471214,37.40721855471214,0.0,2.0736441353327724,6664.815316270962,98.57383019848625,49.286915099243124,49.286915099243124,49.286915099243124,0.0,2.9495762407505253,10865.816292391473,71.17583859709698,35.58791929854849,35.58791929854849,35.58791929854849,0.0,3.9115214431215892,9282.65687720924,103.16588583441718,51.58294291720859,51.58294291720859,51.58294291720859,0.0,1.9235384061671346,9828.954634140906,69.6476848143569,34.82384240717845,34.82384240717845,34.82384240717845,0.0,1.140175425099138,6905.091744502748,78.12041986574316,39.06020993287158,39.06020993287158,39.06020993287158,0.0,1.9493588689617927,7867.18035257868,99.20282254049025,49.60141127024512,49.60141127024512,49.60141127024512,0.0,2.588435821108957,9472.141954172774,43.136991086537314,21.568495543268657,21.568495543268657,21.568495543268657,0.0,0.8944271909999157,4529.730588015142,90.25962552548066,45.12981276274033,45.12981276274033,45.12981276274033,0.0,0.894427190999916,9040.991029748897,85.4704627342101,42.73523136710505,42.73523136710505,42.73523136710505,0.0,2.588435821108957,8597.60193309739,66.00909028308146,33.00454514154073,33.00454514154073,33.00454514154073,0.0,1.6431676725154984,7232.963618047584,109.84170428393762,54.92085214196881,54.92085214196881,54.92085214196881,0.0,1.816590212458495,11393.538396828266,71.6184333813579,35.80921669067895,35.80921669067895,35.80921669067895,0.0,3.4351128074635335,9569.415144093186,33.555923471125034,16.777961735562517,16.777961735562517,16.777961735562517,0.0,0.8366600265340755,3818.907081875651,103.55674772799695,51.778373863998475,51.778373863998475,51.778373863998475,0.0,2.1908902300206643,10299.74357447796
0.0,33.39461034358688,16.69730517179344,16.69730517179344,16.69730517179344,0.0,1.0954451150103321,4096.587201561807,106.94484559809322,53.47242279904661,53.47242279904661,53.47242279904661,0.0,4.159326868617084,9573.737122983897,101.09995054400373,50.549975272001866,50.549975272001866,50.549975272001866,0.0,3.4641016151377544,11504.178871175465,84.38720282128091,42.193601410640454,42.193601410640454,42.193601410640454,0.0,2.345207879911715,7848.322515034662,41.46323672845621,20.731618364228105,20.731618364228105,20.731618364228105,0.0,1.6431676725154982,3522.862089267759,74.81443710942428,37.40721855471214,37.40721855471214,37.40721855471214,0.0,2.0736441353327724,6663.7141070126945,98.57383019848625,49.286915099243124,49.286915099243124,49.286915099243124,0.0,2.9495762407505253,10865.230356508784,70.74461110218927,35.372305551094634,35.372305551094634,35.372305551094634,0.0,3.6331804249169903,9282.83798199667,103.12516666653198,51.56258333326599,51.56258333326599,51.56258333326599,0.0,1.9235384061671346,9835.052323195847,69.6476848143569,34.82384240717845,34.82384240717845,34.82384240717845,0.0,1.140175425099138,6904.602631578446,77.3950902835574,38.6975451417787,38.6975451417787,38.6975451417787,0.0,1.9493588689617927,7873.215207270789,99.20282254049025,49.60141127024512,49.60141127024512,49.60141127024512,0.0,2.588435821108957,9473.337701148419,43.136991086537314,21.568495543268657,21.568495543268657,21.568495543268657,0.0,0.8944271909999157,4529.6819645533615,91.16358922289095,45.581794611445474,45.581794611445474,45.581794611445474,0.0,0.894427190999916,9037.13451819768,84.8174510345601,42.40872551728005,42.40872551728005,42.40872551728005,0.0,2.3021728866442674,8591.381448870723,66.00909028308146,33.00454514154073,33.00454514154073,33.00454514154073,0.0,1.6431676725154984,7229.2193008650665,109.77249200050075,54.886246000250374,54.886246000250374,54.886246000250374,0.0,1.816590212458495,11392.383231791318,70.9929573971954,35.4964786985977,35.4964786985977,35.4964786985977,0.0,3.2093613071762426,9568.774728250217,33.36465195382682,16.68232597691341,16.68232597691341,16.68232597691341,0.0,0.8366600265340755,3818.2625629990403,103.99423060920255,51.99711530460127,51.99711530460127,51.99711530460127,0.0,2.1908902300206643,10301.661288355388
0.0,33.39461034358688,16.69730517179344,16.69730517179344,16.69730517179344,0.0,1.0954451150103321,4096.945166828573,106.94484559809322,53.47242279904661,53.47242279904661,53.47242279904661,0.0,4.159326868617084,9573.91812686948,101.27586089488452,50.63793044744226,50.63793044744226,50.63793044744226,0.0,3.4641016151377544,11502.259486726945,84.41089977011262,42.20544988505631,42.20544988505631,42.20544988505631,0.0,2.345207879911715,7842.000573833185,40.92432039753378,20.46216019876689,20.46216019876689,20.46216019876689,0.0,1.6431676725154982,3523.79745445166,75.50364229624952,37.75182114812476,37.75182114812476,37.75182114812476,0.0,2.0736441353327724,6664.737091588835,97.78138882220891,48.890694411104455,48.890694411104455,48.890694411104455,0.0,2.9495762407505253,10859.476911895896,70.32211600911907,35.161058004559536,35.161058004559536,35.161058004559536,0.0,3.391164991562634,9282.35651653178,103.12516666653198,51.56258333326599,51.56258333326599,51.56258333326599,0.0,1.9235384061671346,9834.129992022681,69.92281458865911,34.961407294329554,34.961407294329554,34.961407294329554,0.0,1.140175425099138,6907.2932325188,76.51927861656826,38.25963930828413,38.25963930828413,38.25963930828413,0.0,1.9493588689617927,7872.786431753373,98.35649444749441,49.178247223747206,49.178247223747206,49.178247223747206,0.0,2.701851217221259,9469.554398175238,44.54211490264017,22.271057451320086,22.271057451320086,22.271057451320086,0.0,1.140175425099138,4698.186533121051,91.3082690669361,45.65413453346805,45.65413453346805,45.65413453346805,0.0,0.894427190999916,9036.45250084346,84.63332676906893,42.316663384534465,42.316663384534465,42.316663384534465,0.0,2.3021728866442674,8591.309195925845,66.47405508918499,33.23702754459249,33.23702754459249,33.23702754459249,0.0,1.6431676725154984,7224.97361240856,108.93667885519551,54.468339427597755,54.468339427597755,54.468339427597755,0.0,1.8165902124584952,11397.219103798961,70.13700877568132,35.06850438784066,35.06850438784066,35.06850438784066,0.0,3.1144823004794873,9564.527562822954,33.52610922848042,16.76305461424021,16.76305461424021,16.76305461424021,0.0,0.5477225575051662,3816.4906917219123,103.30150047312962,51.65075023656481,51.65075023656481,51.65075023656481,0.0,2.1908902300206643,10303.384332344398
0.0,33.32866633995426,16.66433316997713,16.66433316997713,16.66433316997713,0.0,1.0954451150103321,4096.997595801101,107.42811550055227,53.71405775027613,53.71405775027613,53.71405775027613,0.0,4.09878030638384,9572.006832425475,101.29560701234777,50.64780350617389,50.64780350617389,50.64780350617389,0.0,3.3466401061363023,11505.362780025669,84.41089977011262,42.20544988505631,42.20544988505631,42.20544988505631,0.0,2.345207879911715,7840.864155180856,41.264997273718556,20.632498636859278,20.632498636859278,20.632498636859278,0.0,1.6431676725154982,3521.9812889906157,75.01199904015357,37.505999520076784,37.505999520076784,37.505999520076784,0.0,2.0736441353327724,6668.771048701552,97.78138882220891,48.890694411104455,48.890694411104455,48.890694411104455,0.0,2.9495762407505253,10858.185391675719,70.49255279815026,35.24627639907513,35.24627639907513,35.24627639907513,0.0,3.391164991562634,9286.028575230639,103.12516666653198,51.56258333326599,51.56258333326599,51.56258333326599,0.0,1.9235384061671346,9837.907765373693,69.54998202731615,34.774991013658074,34.774991013658074,34.774991013658074,0.0,1.140175425099138,6906.210125676745,76.94153624668537,38.47076812334269,38.47076812334269,38.47076812334269,0.0,1.9493588689617927,7873.868445687926,97.90199180813431,48.950995904067156,48.950995904067156,48.950995904067156,0.0,2.701851217221259,9467.313251392921,44.54211490264017,22.271057451320086,22.271057451320086,22.271057451320086,0.0,1.140175425099138,4695.770096586927,91.19649116057042,45.59824558028521,45.59824558028521,45.59824558028521,0.0,0.894427190999916,9035.744059013625,85.2596035646425,42.62980178232125,42.62980178232125,42.62980178232125,0.0,2.3021728866442674,8590.822789465512,66.47405508918499,33.23702754459249,33.23702754459249,33.23702754459249,0.0,1.6431676725154984,7224.739358620489,109.24284873619875,54.621424368099376,54.621424368099376,54.621424368099376,0.0,1.8165902124584952,11397.062397828662,71.12524165161058,35.56262082580529,35.56262082580529,35.56262082580529,0.0,3.96232255123179,9629.78111381562,33.52610922848042,16.76305461424021,16.76305461424021,16.76305461424021,0.0,0.5477225575051662,3816.5406718650333,103.30150047312962,51.65075023656481,51.65075023656481,51.65075023656481,0.0,2.1908902300206643,10297.918707195158
0.0,33.32866633995426,16.66433316997713,16.66433316997713,16.66433316997713,0.0,1.0954451150103321,4096.835400647676,106.53637876331258,53.26818938165629,53.26818938165629,53.26818938165629,0.0,3.7013511046643495,9572.515996330327,101.29560701234777,50.64780350617389,50.64780350617389,50.64780350617389,0.0,3.3466401061363023,11508.09702774529,83.95713191861665,41.97856595930833,41.97856595930833,41.97856595930833,0.0,2.345207879911715,7839.946874820007,41.264997273718556,20.632498636859278,20.632498636859278,20.632498636859278,0.0,1.6431676725154982,3519.751170182347,75.01199904015357,37.505999520076784,37.505999520076784,37.505999520076784,0.0,2.0736441353327724,6663.963625350907,97.78138882220891,48.890694411104455,48.890694411104455,48.890694411104455,0.0,2.9495762407505253,10860.753486752197,69.98571282769076,34.99285641384538,34.99285641384538,34.99285641384538,0.0,3.391164991562634,9288.626701509755,103.053384223906,51.526692111953,51.526692111953,51.526692111953,0.0,1.9235384061671346,9838.44360150527,69.25315877272314,34.62657938636157,34.62657938636157,34.62657938636157,0.0,1.095445115010332,6906.76318545815,76.94153624668537,38.47076812334269,38.47076812334269,38.47076812334269,0.0,1.9493588689617927,7871.88163655933,97.47409912381853,48.73704956190927,48.73704956190927,48.73704956190927,0.0,2.4083189157584592,9468.723345837072,44.75265355261071,22.376326776305355,22.376326776305355,22.376326776305355,0.0,1.140175425099138,4696.690994732356,90.54943401258785,45.274717006293926,45.274717006293926,45.274717006293926,0.0,0.894427190999916,9035.584635207619,85.2596035646425,42.62980178232125,42.62980178232125,42.62980178232125,0.0,2.3021728866442674,8592.26392169142,66.61231117443681,33.306155587218406,33.306155587218406,33.306155587218406,0.0,1.6431676725154984,7228.184993482112,116.0344776348823,58.01723881744115,58.01723881744115,58.01723881744115,0.0,2.701851217221259,12219.624830574792,71.5346070094748,35.7673035047374,35.7673035047374,35.7673035047374,0.0,3.646916505762094,9629.708173148343,33.52610922848042,16.76305461424021,16.76305461424021,16.76305461424021,0.0,0.5477225575051662,3815.706658012379,104.19596921186539,52.097984605932695,52.097984605932695,52.097984605932695,0.0,2.3874672772626644,10300.049961043878
0.0,32.64965543462902,16.32482771731451,16.32482771731451,16.32482771731451,0.0,1.0954451150103321,4098.134246214978,106.53637876331258,53.26818938165629,53.26818938165629,53.26818938165629,0.0,3.7013511046643495,9575.866060049086,101.29560701234777,50.64780350617389,50.64780350617389,50.64780350617389,0.0,3.3466401061363023,11509.39732566393,83.51047838445186,41.75523919222593,41.75523919222593,41.75523919222593,0.0,2.345207879911715,7836.461082657145,42.06185920760042,21.03092960380021,21.03092960380021,21.03092960380021,0.0,1.6431676725154982,3519.204668671602,74.47952738840387,37.23976369420193,37.23976369420193,37.23976369420193,0.0,2.0736441353327724,6664.49866831707,97.78138882220891,48.890694411104455,48.890694411104455,48.890694411104455,0.0,2.9495762407505253,10855.287407526343,71.377867718222,35.688933859111,35.688933859111,35.688933859111,0.0,3.9115214431215892,9374.438612525018,103.4659364235399,51.73296821176995,51.73296821176995,51.73296821176995,0.0,1.9235384061671346,9836.75504422063,69.33108970728789,34.665544853643944,34.665544853643944,34.665544853643944,0.0,1.095445115010332,6903.442387678774,77.21916860469297,38.609584302346484,38.609584302346484,38.609584302346484,0.0,1.9493588689617927,7870.850290788156,97.47409912381853,48.73704956190927,48.73704956190927,48.73704956190927,0.0,2.4083189157584592,9473.54513896461,44.08174225232029,22.040871126160145,22.040871126160145,22.040871126160145,0.0,1.140175425099138,4696.644312698163,89.83317872590283,44.91658936295141,44.91658936295141,44.91658936295141,0.0,0.894427190999916,9034.827817949825,86.14406537887564,43.07203268943782,43.07203268943782,43.07203268943782,0.0,2.3021728866442674,8597.452965849829,66.61231117443681,33.306155587218406,33.306155587218406,33.306155587218406,0.0,1.6431676725154984,7222.8588730502,115.29614043843793,57.648070219218965,57.648070219218965,57.648070219218965,0.0,2.23606797749979,12219.51555913736,71.32180592217222,35.66090296108611,35.66090296108611,35.66090296108611,0.0,3.646916505762094,9630.916976072425,32.17452408350432,16.08726204175216,16.08726204175216,16.08726204175216,0.0,0.5477225575051662,3814.4515070977113,103.83640979926068,51.91820489963034,51.91820489963034,51.91820489963034,0.0,2.3874672772626644,10299.827343213088
0.0,32.47768464653846,16.23884232326923,16.23884232326923,16.23884232326923,0.0,1.0954451150103321,4097.643993809125,106.01320672444541,53.006603362222705,53.006603362222705,53.006603362222705,0.0,3.7013511046643495,9575.982534445226,101.94704507733415,50.973522538667076,50.973522538667076,50.973522538667076,0.0,3.3466401061363023,11508.459766623855,81.57695753091065,40.788478765455324,40.788478765455324,40.788478765455324,0.0,2.0493901531919194,7835.475780065944,42.06185920760042,21.03092960380021,21.03092960380021,21.03092960380021,0.0,1.6431676725154982,3518.125992627325,74.81443710942428,37.40721855471214,37.40721855471214,37.40721855471214,0.0,2.0736441353327724,6660.775277698535,97.02989230129032,48.51494615064516,48.51494615064516,48.51494615064516,0.0,2.5099800796022267,10854.905351959547,70.9365914038728,35.4682957019364,35.4682957019364,35.4682957019364,0.0,3.6331804249169903,9372.407358837963,103.4659364235399,51.73296821176995,51.73296821176995,51.73296821176995,0.0,1.9235384061671346,9841.169788190833,70.14841409468926,35.07420704734463,35.07420704734463,35.07420704734463,0.0,1.095445115010332,6902.521459582723,113.14945868186909,56.574729340934546,56.574729340934546,56.574729340934546,0.0,4.764451699828638,10992.286468246723,97.019585651558,48.509792825779,48.509792825779,48.509792825779,0.0,2.4083189157584592,9475.649307567266,45.3343137148893,22.66715685744465,22.66715685744465,22.66715685744465,0.0,1.3038404810405297,4696.3452492337055,88.7873864915507,44.39369324577535,44.39369324577535,44.39369324577535,0.0,0.894427190999916,9040.862309536631,85.96510920134982,42.98255460067491,42.98255460067491,42.98255460067491,0.0,2.3021728866442674,8598.369106987673,66.76825593049439,33.384127965247195,33.384127965247195,33.384127965247195,0.0,1.51657508881031,7220.973597791367,114.93476410555685,57.467382052778426,57.467382052778426,57.467382052778426,0.0,2.23606797749979,12217.066268134915,72.26894215359735,36.134471076798675,36.134471076798675,36.134471076798675,0.0,3.646916505762094,9633.118928986603,32.69862382425291,16.349311912126456,16.349311912126456,16.349311912126456,0.0,0.5477225575051662,3810.7506872006206,104.98190320240913,52.490951601204564,52.490951601204564,52.490951601204564,0.0,2.3874672772626644,10303.176670328428
0.0,32.51461209979292,16.25730604989646,16.25730604989646,16.25730604989646,0.0,1.0954451150103321,4095.56213479908,106.01320672444541,53.006603362222705,53.006603362222705,53.006603362222705,0.0,3.7013511046643495,9576.842626878652,102.13128805610943,51.06564402805471,51.06564402805471,51.06564402805471,0.0,3.3466401061363023,11509.071739284624,81.57695753091065,40.788478765455324,40.788478765455324,40.788478765455324,0.0,2.0493901531919194,7836.966460308478,41.679731285122266,20.839865642561133,20.839865642561133,20.839865642561133,0.0,1.6431676725154982,3521.6060540611297,74.63779203593847,37.31889601796924,37.31889601796924,37.31889601796924,0.0,2.0736441353327724,6661.358810332919,97.02989230129032,48.51494615064516,48.51494615064516,48.51494615064516,0.0,2.5099800796022267,10854.854858541408,70.87171509142416,35.43585754571208,35.43585754571208,35.43585754571208,0.0,3.6331804249169903,9373.638951869227,103.39825917296675,51.69912958648337,51.69912958648337,51.69912958648337,0.0,1.9235384061671346,9839.706067764422,69.52697318307479,34.763486591537394,34.763486591537394,34.763486591537394,0.0,1.095445115010332,6905.363386527895,112.61793818038049,56.308969090190246,56.308969090190246,56.308969090190246,0.0,4.33589667773576,10991.73814735413,97.93467210339759,48.967336051698794,48.967336051698794,48.967336051698794,0.0,2.16794833886788,9586.074681536755,45.3343137148893,22.66715685744465,22.66715685744465,22.66715685744465,0.0,1.3038404810405297,4701.780407462687,88.57087557431055,44.285437787155274,44.285437787155274,44.285437787155274,0.0,0.894427190999916,9040.213067179337,85.96510920134982,42.98255460067491,42.98255460067491,42.98255460067491,0.0,2.3021728866442674,8596.007753602831,65.97878446894882,32.98939223447441,32.98939223447441,32.98939223447441,0.0,1.51657508881031,7222.770084946634,115.79810015712694,57.89905007856347,57.89905007856347,57.89905007856347,0.0,2.3874672772626644,12465.609664192121,72.35191773546849,36.175958867734245,36.175958867734245,36.175958867734245,0.0,3.847076812334269,9672.116536725558,32.69862382425291,16.349311912126456,16.349311912126456,16.349311912126456,0.0,0.5477225575051662,3809.7789305942674,104.52750834110607,52.263754170553035,52.263754170553035,52.263754170553035,0.0,2.3874672772626644,10301.112430218398
0.0,31.830802691732423,15.915401345866211,15.915401345866211,15.915401345866211,0.0,0.7071067811865476,4090.848652785874,105.52345710788668,52.76172855394334,52.76172855394334,52.76172855394334,0.0,3.3166247903554,9574.558668680243,101.8763956959609,50.93819784798045,50.93819784798045,50.93819784798045,0.0,3.3466401061363023,11508.812493042016,80.54067295472518,40.27033647736259,40.27033647736259,40.27033647736259,0.0,2.0493901531919194,7837.09522080726,41.60288451537946,20.80144225768973,20.80144225768973,20.80144225768973,0.0,1.6431676725154982,3518.591294822404,73.9269910114026,36.9634955057013,36.9634955057013,36.9634955057013,0.0,2.2803508501982757,6665.214985279919,97.43715923609432,48.71857961804716,48.71857961804716,48.71857961804716,0.0,2.5099800796022267,10852.67535218851,69.94855252255046,34.97427626127523,34.97427626127523,34.97427626127523,0.0,3.3911649915626345,9373.33694582671,103.83255751449062,51.91627875724531,51.91627875724531,51.91627875724531,0.0,1.9235384061671346,10058.949289065931,69.52697318307479,34.763486591537394,34.763486591537394,34.763486591537394,0.0,1.095445115010332,6905.195616345709,112.50422214299337,56.252111071496685,56.252111071496685,56.252111071496685,0.0,4.33589667773576,10995.993579481574,98.11829594932844,49.05914797466422,49.05914797466422,49.05914797466422,0.0,2.16794833886788,9584.225174733741,60.771703941884006,30.385851970942003,30.385851970942003,30.385851970942003,0.0,3.7013511046643495,6002.630648307457,89.07300376657341,44.536501883286704,44.536501883286704,44.536501883286704,0.0,0.894427190999916,9042.706160215535,86.35508091594842,43.17754045797421,43.17754045797421,43.17754045797421,0.0,2.3021728866442674,8592.887041035743,65.98484674529449,32.992423372647245,32.992423372647245,32.992423372647245,0.0,1.51657508881031,7226.356882966686,115.434830099065,57.7174150495325,57.7174150495325,57.7174150495325,0.0,2.3874672772626644,12466.105097423173,71.93886293235389,35.96943146617694,35.96943146617694,35.96943146617694,0.0,3.5071355833500366,9672.997275922287,32.04372013359248,16.02186006679624,16.02186006679624,16.02186006679624,0.0,0.5477225575051662,3811.3675629621453,104.52750834110607,52.263754170553035,52.263754170553035,52.263754170553035,0.0,2.3874672772626644,10301.643839698594
0.0,31.66701754191575,15.833508770957875,15.833508770957875,15.833508770957875,0.0,0.7071067811865476,4090.736058461851,106.33343782648993,53.166718913244964,53.166718913244964,53.166718913244964,0.0,3.3166247903554,9573.842864806169,102.68982422810939,51.344912114054694,51.344912114054694,51.344912114054694,0.0,3.3466401061363023,11511.233804419055,80.09494366063316,40.04747183031658,40.04747183031658,40.04747183031658,0.0,2.0493901531919194,7839.178706982001,41.60288451537946,20.80144225768973,20.80144225768973,20.80144225768973,0.0,1.6431676725154982,3520.2712537530397,73.41117081207737,36.705585406038686,36.705585406038686,36.705585406038686,0.0,2.0,6661.385944381244,97.09376911007215,48.54688455503607,48.54688455503607,48.54688455503607,0.0,2.5099800796022267,10942.591681132948,69.99142804658297,34.995714023291484,34.995714023291484,34.995714023291484,0.0,3.5355339059327378,9419.636659659436,104.2727193469126,52.1363596734563,52.1363596734563,52.1363596734563,0.0,1.9235384061671346,10052.248057026847,68.79825579184401,34.39912789592201,34.39912789592201,34.39912789592201,0.0,1.095445115010332,6902.217237960567,111.5831528502399,55.79157642511995,55.79157642511995,55.79157642511995,0.0,3.96232255123179,10998.798420736694,98.11829594932844,49.05914797466422,49.05914797466422,49.05914797466422,0.0,2.16794833886788,9581.597919971387,31.641744578957717,15.820872289478858,15.820872289478858,15.820872289478858,0.0,3.1144823004794873,3023.913325477435,89.21210680171161,44.60605340085581,44.60605340085581,44.60605340085581,0.0,0.894427190999916,9041.80670552075,86.35508091594842,43.17754045797421,43.17754045797421,43.17754045797421,0.0,2.3021728866442674,8593.620697936349,65.98484674529449,32.992423372647245,32.992423372647245,32.992423372647245,0.0,1.51657508881031,7227.014563427972,114.64205162155812,57.32102581077906,57.32102581077906,57.32102581077906,0.0,2.3874672772626644,12464.814471142363,71.40588211064969,35.70294105532484,35.70294105532484,35.70294105532484,0.0,3.5071355833500366,9674.383019087058,32.04372013359248,16.02186006679624,16.02186006679624,16.02186006679624,0.0,0.5477225575051662,3813.8085688718043,103.1561922523316,51.5780961261658,51.5780961261658,51.5780961261658,0.0,2.3874672772626644,10303.425740985374
0.0,31.69858040985432,15.84929020492716,15.84929020492716,15.84929020492716,0.0,0.7071067811865476,4090.864602990424,106.87749997076091,53.438749985380454,53.438749985380454,53.438749985380454,0.0,3.3166247903554,9571.070828282487,101.62676812730001,50.813384063650005,50.813384063650005,50.813384063650005,0.0,3.3466401061363023,11511.771127849963,79.65676368017972,39.82838184008986,39.82838184008986,39.82838184008986,0.0,2.0493901531919194,7837.834618056188,20.169283576765935,10.084641788382967,10.084641788382967,10.084641788382967,0.0,1.3038404810405297,2181.868763239439,74.09993252358602,37.04996626179301,37.04996626179301,37.04996626179301,0.0,2.0,6664.964538540321,96.34728849324199,48.173644246620995,48.173644246620995,48.173644246620995,0.0,2.5099800796022267,10940.437089074641,71.45068229205373,35.725341146026864,35.725341146026864,35.725341146026864,0.0,3.9115214431215892,9480.102836994965,103.49299493202426,51.74649746601213,51.74649746601213,51.74649746601213,0.0,1.6733200530681511,10052.033600222394,68.4309871330233,34.21549356651165,34.21549356651165,34.21549356651165,0.0,1.095445115010332,6900.382692285986,112.05355862265152,56.02677931132576,56.02677931132576,56.02677931132576,0.0,3.96232255123179,11000.129053788414,97.84068683323926,48.92034341661963,48.92034341661963,48.92034341661963,0.0,2.16794833886788,9578.839715748458,31.641744578957717,15.820872289478858,15.820872289478858,15.820872289478858,0.0,2.7386127875258306,3023.3714128436154,89.86211660093478,44.93105830046739,44.93105830046739,44.93105830046739,0.0,0.894427190999916,9042.453964494372,85.96510920134982,42.98255460067491,42.98255460067491,42.98255460067491,0.0,2.3874672772626644,8598.039642848827,66.77424653262663,33.38712326631332,33.38712326631332,33.38712326631332,0.0,1.51657508881031,7231.022043943719,115.15728374705614,57.57864187352807,57.57864187352807,57.57864187352807,0.0,2.3874672772626644,12466.82089788732,71.28253643074157,35.641268215370786,35.641268215370786,35.641268215370786,0.0,3.271085446759225,9835.437448329383,32.58834147360065,16.294170736800325,16.294170736800325,16.294170736800325,0.0,0.5477225575051662,3816.382423185601,103.38278386656069,51.69139193328034,51.69139193328034,51.69139193328034,0.0,2.3874672772626644,10300.82103523792
0.0,31.69858040985432,15.84929020492716,15.84929020492716,15.84929020492716,0.0,0.7071067811865476,4092.3679819879344,107.69029668452029,53.845148342260146,53.845148342260146,53.845148342260146,0.0,3.3166247903554,9568.299180105103,101.65234871856134,50.82617435928067,50.82617435928067,50.82617435928067,0.0,3.3466401061363023,11513.00001302875,80.34176995809838,40.17088497904919,40.17088497904919,40.17088497904919,0.0,2.0493901531919194,7839.338269267375,20.717142660125695,10.358571330062848,10.358571330062848,10.358571330062848,0.0,1.3038404810405297,2182.9212766382575,73.58532462386776,36.79266231193388,36.79266231193388,36.79266231193388,0.0,1.7888543819998317,6663.675052101506,96.39502061828712,48.19751030914356,48.19751030914356,48.19751030914356,0.0,2.5099800796022267,10938.65692395552,71.00140843673455,35.500704218367275,35.500704218367275,35.500704218367275,0.0,3.6331804249169903,9484.209313379793,102.98931983463139,51.494659917315694,51.494659917315694,51.494659917315694,0.0,1.6733200530681511,10050.809927563052,68.70225614927067,34.351128074635334,34.351128074635334,34.351128074635334,0.0,1.095445115010332,6905.151352432473,112.05355862265152,56.02677931132576,56.02677931132576,56.02677931132576,0.0,3.96232255123179,10997.493205271827,97.38172313119131,48.690861565595654,48.690861565595654,48.690861565595654,0.0,2.16794833886788,9577.902562669971,31.641744578957717,15.820872289478858,15.820872289478858,15.820872289478858,0.0,2.7386127875258306,3021.5296126300004,89.94442728707543,44.972213643537714,44.972213643537714,44.972213643537714,0.0,0.894427190999916,9044.952277375487,85.6434469180217,42.82172345901085,42.82172345901085,42.82172345901085,0.0,2.1213203435596424,8599.873650234636,66.43192003848752,33.21596001924376,33.21596001924376,33.21596001924376,0.0,1.51657508881031,7230.119487256072,114.72575996697516,57.36287998348758,57.36287998348758,57.36287998348758,0.0,2.3874672772626644,12468.132510524581,72.82032683255412,36.41016341627706,36.41016341627706,36.41016341627706,0.0,3.271085446759225,9833.645092233093,33.14815228636432,16.57407614318216,16.57407614318216,16.57407614318216,0.0,0.5477225575051662,3816.8209939686717,103.05920628454307,51.52960314227153,51.52960314227153,51.52960314227153,0.0,2.3874672772626644,10305.26034120439
0.0,31.736414416250618,15.868207208125309,15.868207208125309,15.868207208125309,0.0,0.7071067811865476,4091.2017549859356,107.69029668452029,53.845148342260146,53.845148342260146,53.845148342260146,0.0,3.3166247903554,9568.123196322254,101.03068840703799,50.51534420351899,50.51534420351899,50.51534420351899,0.0,3.3466401061363023,11514.771065896186,80.34176995809838,40.17088497904919,40.17088497904919,40.17088497904919,0.0,2.0493901531919194,7837.988600399977,20.8806130178211,10.44030650891055,10.44030650891055,10.44030650891055,0.0,1.3038404810405297,2182.9316984275983,75.13188404399293,37.56594202199646,37.56594202199646,37.56594202199646,0.0,1.7888543819998317,6660.092356716985,96.39502061828712,48.19751030914356,48.19751030914356,48.19751030914356,0.0,2.5099800796022267,10941.41483995557,70.56061224224177,35.28030612112089,35.28030612112089,35.28030612112089,0.0,3.391164991562634,9480.386716795892,102.98931983463139,51.494659917315694,51.494659917315694,51.494659917315694,0.0,1.6733200530681511,10051.639169807082,68.43390972317744,34.21695486158872,34.21695486158872,34.21695486158872,0.0,1.095445115010332,6904.723383307981,111.13595277856757,55.567976389283785,55.567976389283785,55.567976389283785,0.0,3.5355339059327378,10999.694095746481,97.75888706404139,48.879443532020694,48.879443532020694,48.879443532020694,0.0,2.16794833886788,9580.983916070416,31.641744578957717,15.820872289478858,15.820872289478858,15.820872289478858,0.0,2.7386127875258306,3020.5696813680693,89.94442728707543,44.972213643537714,44.972213643537714,44.972213643537714,0.0,0.894427190999916,9043.534745883382,85.91158245545242,42.95579122772621,42.95579122772621,42.95579122772621,0.0,1.9235384061671346,8598.255328844334,66.4439613509008,33.2219806754504,33.2219806754504,33.2219806754504,0.0,1.51657508881031,7232.321017488093,114.37132507757353,57.185662538786765,57.185662538786765,57.185662538786765,0.0,2.1213203435596424,12466.878867623604,73.5472637152464,36.7736318576232,36.7736318576232,36.7736318576232,0.0,3.286335345030997,9848.155675049009,32.51461209979291,16.257306049896457,16.257306049896457,16.257306049896457,0.0,0.5477225575051662,3815.5733120987206,103.30150047312962,51.65075023656481,51.65075023656481,51.65075023656481,0.0,2.3874672772626644,10304.810658134384
0.0,31.736414416250618,15.868207208125309,15.868207208125309,15.868207208125309,0.0,0.7071067811865476,4094.651242780025,107.71815074535954,53.85907537267977,53.85907537267977,53.85907537267977,0.0,3.3166247903554,9570.374141066795,101.47314915779444,50.73657457889722,50.73657457889722,50.73657457889722,0.0,3.3466401061363023,11515.19438828542,79.82480817390042,39.91240408695021,39.91240408695021,39.91240408695021,0.0,2.0493901531919194,7836.5776522663255,19.76866206904251,9.884331034521255,9.884331034521255,9.884331034521255,0.0,1.5811388300841898,2181.5210977664187,75.81028953908566,37.90514476954283,37.90514476954283,37.90514476954283,0.0,1.7888543819998317,6658.948513091237,96.1103532404288,48.0551766202144,48.0551766202144,48.0551766202144,0.0,2.0736441353327724,10940.158010741892,70.11419257183242,35.05709628591621,35.05709628591621,35.05709628591621,0.0,3.1144823004794873,9482.188444657699,102.98931983463139,51.494659917315694,51.494659917315694,51.494659917315694,0.0,1.6733200530681511,10050.745380318815,67.80265481527991,33.901327407639954,33.901327407639954,33.901327407639954,0.0,1.095445115010332,6901.427591448019,111.13595277856757,55.567976389283785,55.567976389283785,55.567976389283785,0.0,3.5355339059327378,11007.213112318666,97.24196624914575,48.620983124572874,48.620983124572874,48.620983124572874,0.0,2.16794833886788,9579.286257336713,32.35428874198906,16.17714437099453,16.17714437099453,16.17714437099453,0.0,3.1144823004794873,3066.4524291108773,89.43601064448258,44.71800532224129,44.71800532224129,44.71800532224129,0.0,0.5477225575051661,9045.801108801807,85.4704627342101,42.73523136710505,42.73523136710505,42.73523136710505,0.0,1.9235384061671346,8595.960929413302,66.10597552415364,33.05298776207682,33.05298776207682,33.05298776207682,0.0,1.51657508881031,7233.012387657027,114.20682991835471,57.10341495917736,57.10341495917736,57.10341495917736,0.0,2.1213203435596424,12467.228882153404,73.40844638050856,36.70422319025428,36.70422319025428,36.70422319025428,0.0,3.286335345030997,9848.810577932749,32.97271599368181,16.486357996840905,16.486357996840905,16.486357996840905,0.0,0.5477225575051662,3817.435290872656,102.93104487956974,51.46552243978487,51.46552243978487,51.46552243978487,0.0,2.3874672772626644,10300.689768166014
0.0,31.736414416250618,15.868207208125309,15.868207208125309,15.868207208125309,0.0,0.7071067811865476,4094.371343686354,108.53018013437553,54.265090067187764,54.265090067187764,54.265090067187764,0.0,3.3166247903554,9565.501424389628,100.4151383009554,50.2075691504777,50.2075691504777,50.2075691504777,0.0,2.9664793948382653,11515.175756366032,79.82480817390042,39.91240408695021,39.91240408695021,39.91240408695021,0.0,2.0493901531919194,7831.422080312106,20.346989949375804,10.173494974687902,10.173494974687902,10.173494974687902,0.0,1.5811388300841898,2186.830880520942,76.52973278406243,38.264866392031216,38.264866392031216,38.264866392031216,0.0,1.7888543819998317,6663.089411076517,95.38343671728336,47.69171835864168,47.69171835864168,47.69171835864168,0.0,2.0736441353327724,10939.195208058041,70.58895097676407,35.294475488382034,35.294475488382034,35.294475488382034,0.0,3.7013511046643495,9532.395999957198,102.98931983463139,51.494659917315694,51.494659917315694,51.494659917315694,0.0,1.6733200530681511,10049.789002760208,67.80265481527991,33.901327407639954,33.901327407639954,33.901327407639954,0.0,1.095445115010332,6904.392927694657,113.58168866503085,56.79084433251543,56.79084433251543,56.79084433251543,0.0,4.8270073544588685,11150.990695897832,97.24196624914575,48.620983124572874,48.620983124572874,48.620983124572874,0.0,2.16794833886788,9583.789944484384,32.04372013359248,16.02186006679624,16.02186006679624,16.02186006679624,0.0,2.7386127875258306,3070.6721902541144,88.81441324469807,44.40720662234904,44.40720662234904,44.40720662234904,0.0,0.5477225575051661,9047.63895720867,85.4704627342101,42.73523136710505,42.73523136710505,42.73523136710505,0.0,1.9235384061671346,8597.786825689504,65.64145031913904,32.82072515956952,32.82072515956952,32.82072515956952,0.0,1.51657508881031,7232.867114775439,114.13500777587917,57.06750388793959,57.06750388793959,57.06750388793959,0.0,2.1213203435596424,12467.852850430983,73.28028384224505,36.64014192112253,36.64014192112253,36.64014192112253,0.0,3.286335345030997,9841.299202849186,32.155870381627054,16.077935190813527,16.077935190813527,16.077935190813527,0.0,0.5477225575051662,3821.2638354345545,102.93104487956974,51.46552243978487,51.46552243978487,51.46552243978487,0.0,2.3874672772626644,10297.342700910755
0.0,31.52776554086889,15.763882770434446,15.763882770434446,15.763882770434446,0.0,0.7071067811865476,4091.1483962330185,108.53018013437553,54.265090067187764,54.265090067187764,54.265090067187764,0.0,3.3166247903554,9569.82699425648,100.4151383009554,50.2075691504777,50.2075691504777,50.2075691504777,0.0,2.9664793948382653,11517.190859753953,79.82981899014929,39.914909495074646,39.914909495074646,39.914909495074646,0.0,2.0493901531919194,7831.179317318689,20.346989949375804,10.173494974687902,10.173494974687902,10.173494974687902,0.0,1.5811388300841898,2189.4112678982906,80.14237331150107,40.07118665575054,40.07118665575054,40.07118665575054,0.0,2.588435821108957,7232.579367003172,95.38343671728336,47.69171835864168,47.69171835864168,47.69171835864168,0.0,2.0736441353327724,10939.83014950415,72.09160838821673,36.045804194108364,36.045804194108364,36.045804194108364,0.0,4.159326868617084,9580.31632045623,102.98931983463139,51.494659917315694,51.494659917315694,51.494659917315694,0.0,1.6733200530681511,10050.626587432249,79.72954283074749,39.864771415373745,39.864771415373745,39.864771415373745,0.0,3.898717737923586,8204.930091109856,113.04335451498244,56.52167725749122,56.52167725749122,56.52167725749122,0.0,4.39317652729776,11152.254211593277,97.24196624914575,48.620983124572874,48.620983124572874,48.620983124572874,0.0,2.16794833886788,9584.803164384755,32.04372013359248,16.02186006679624,16.02186006679624,16.02186006679624,0.0,2.7386127875258306,3068.504961703663,87.63560920082658,43.81780460041329,43.81780460041329,43.81780460041329,0.0,0.5477225575051661,9046.762636435202,85.36275534447093,42.68137767223546,42.68137767223546,42.68137767223546,0.0,1.9235384061671346,8601.726007029054,65.64145031913904,32.82072515956952,32.82072515956952,32.82072515956952,0.0,1.51657508881031,7234.6909056296245,114.00000000000001,57.00000000000001,57.00000000000001,57.00000000000001,0.0,2.1213203435596424,12466.15422654477,74.15389403126447,37.076947015632236,37.076947015632236,37.076947015632236,0.0,3.286335345030997,9841.366561611248,31.767908335299634,15.883954167649817,15.883954167649817,15.883954167649817,0.0,0.5477225575051662,3824.334883348999,102.24480426897007,51.122402134485036,51.122402134485036,51.122402134485036,0.0,2.3874672772626644,10296.66166774455
0.0,31.572139617073784,15.786069808536892,15.786069808536892,15.786069808536892,0.0,0.7071067811865476,4092.4466398476106,108.26818553942796,54.13409276971398,54.13409276971398,54.13409276971398,0.0,3.3166247903554,9567.970908191559,101.65234871856134,50.82617435928067,50.82617435928067,50.82617435928067,0.0,2.9664793948382653,11520.53446242838,79.3170851708508,39.6585425854254,39.6585425854254,39.6585425854254,0.0,2.0493901531919194,7830.502429601819,21.70714168194422,10.85357084097211,10.85357084097211,10.85357084097211,0.0,1.7888543819998317,2189.636796366009,80.14237331150107,40.07118665575054,40.07118665575054,40.07118665575054,0.0,2.588435821108957,7232.219334339909,94.59809723244966,47.29904861622483,47.29904861622483,47.29904861622483,0.0,2.0736441353327724,10940.810468150885,71.40028011149536,35.70014005574768,35.70014005574768,35.70014005574768,0.0,3.6331804249169903,9577.14450136365,37.50733261643648,18.75366630821824,18.75366630821824,18.75366630821824,0.0,1.140175425099138,5244.46405269404,76.36229436050229,38.181147180251145,38.181147180251145,38.181147180251145,0.0,3.286335345030997,8086.991047355004,112.9477755425046,56.4738877712523,56.4738877712523,56.4738877712523,0.0,4.39317652729776,11155.390858235314,96.98041039302731,48.49020519651366,48.49020519651366,48.49020519651366,0.0,2.16794833886788,9586.65398874915,32.66802718255267,16.334013591276335,16.334013591276335,16.334013591276335,0.0,2.7748873851023217,3070.6055266022045,87.63560920082658,43.81780460041329,43.81780460041329,43.81780460041329,0.0,0.5477225575051661,9051.487363964003,85.0105875759014,42.5052937879507,42.5052937879507,42.5052937879507,0.0,1.9235384061671346,8596.011848526035,65.64145031913904,32.82072515956952,32.82072515956952,32.82072515956952,0.0,1.51657508881031,7232.774101269858,114.86862060632572,57.43431030316286,57.43431030316286,57.43431030316286,0.0,2.1213203435596424,12467.26567054701,74.55736046829985,37.278680234149924,37.278680234149924,37.278680234149924,0.0,2.9664793948382653,9840.799723599703,31.578473680657844,15.789236840328922,15.789236840328922,15.789236840328922,0.0,0.5477225575051662,3826.775182839985,102.60994103886816,51.30497051943408,51.30497051943408,51.30497051943408,0.0,2.5495097567963922,10298.783942776934
0.0,32.3295530436163,16.16477652180815,16.16477652180815,16.16477652180815,0.0,0.7071067811865476,4092.913424444744,108.26818553942796,54.13409276971398,54.13409276971398,54.13409276971398,0.0,3.3166247903554,9565.854708284043,87.93861495384152,43.96930747692076,43.96930747692076,43.96930747692076,0.0,2.6457513110645907,10591.242358665955,79.86238163240563,39.931190816202815,39.931190816202815,39.931190816202815,0.0,2.0493901531919194,7832.3936124278125,21.881499034572563,10.940749517286282,10.940749517286282,10.940749517286282,0.0,1.7888543819998317,2188.7173184310486,80.14237331150107,40.07118665575054,40.07118665575054,40.07118665575054,0.0,2.588435821108957,7232.321321678123,94.473276644774,47.236638322387,47.236638322387,47.236638322387,0.0,2.0736441353327724,10939.374785608179,72.13043740335975,36.065218701679875,36.065218701679875,36.065218701679875,0.0,3.3911649915626345,9575.808148662964,36.97566767483719,18.487833837418595,18.487833837418595,18.487833837418595,0.0,1.140175425099138,5247.731100199399,75.49834435270749,37.749172176353746,37.749172176353746,37.749172176353746,0.0,2.8809720581775866,8085.745655163783,112.60017761975334,56.30008880987667,56.30008880987667,56.30008880987667,0.0,3.96232255123179,11154.498294410198,96.57121724406295,48.285608622031475,48.285608622031475,48.285608622031475,0.0,2.16794833886788,9586.780309363514,33.015148038438355,16.507574019219177,16.507574019219177,16.507574019219177,0.0,2.7748873851023217,3072.7498596534015,87.63560920082658,43.81780460041329,43.81780460041329,43.81780460041329,0.0,0.5477225575051661,9055.715830347151,84.67112849135766,42.33556424567883,42.33556424567883,42.33556424567883,0.0,1.6733200530681511,8599.928703192836,65.64145031913904,32.82072515956952,32.82072515956952,32.82072515956952,0.0,1.51657508881031,7233.498510402833,114.56526524213174,57.28263262106587,57.28263262106587,57.28263262106587,0.0,2.1213203435596424,12467.837976168925,74.2024258363566,37.1012129181783,37.1012129181783,37.1012129181783,0.0,2.6832815729997477,9839.406460757682,31.578473680657844,15.789236840328922,15.789236840328922,15.789236840328922,0.0,0.5477225575051662,3826.085506101504,102.85523807760109,51.42761903880054,51.42761903880054,51.42761903880054,0.0,2.5495097567963922,10298.749496904951
0.0,32.3295530436163,16.16477652180815,16.16477652180815,16.16477652180815,0.0,0.7071067811865476,4095.080463189948,107.37224967374019,53.68612483687009,53.68612483687009,53.68612483687009,0.0,2.949576240750525,9568.390731988322,76.91033740661915,38.455168703309575,38.455168703309575,38.455168703309575,0.0,2.701851217221259,8210.564536010907,80.5555708812246,40.2777854406123,40.2777854406123,40.2777854406123,0.0,2.0493901531919194,7833.3154730292845,24.560130292814,12.280065146407,12.280065146407,12.280065146407,0.0,2.1213203435596424,2439.40949821878,80.14237331150107,40.07118665575054,40.07118665575054,40.07118665575054,0.0,2.588435821108957,7237.556998048443,94.473276644774,47.236638322387,47.236638322387,47.236638322387,0.0,2.0736441353327724,10941.68347650397,73.20382503667415,36.60191251833707,36.60191251833707,36.60191251833707,0.0,3.492849839314596,9572.881629895985,36.97566767483719,18.487833837418595,18.487833837418595,18.487833837418595,0.0,1.140175425099138,5245.576917746989,76.25483591222265,38.12741795611132,38.12741795611132,38.12741795611132,0.0,2.8809720581775866,8091.576793184379,113.35254739087252,56.67627369543626,56.67627369543626,56.67627369543626,0.0,3.96232255123179,11155.70312889331,96.108272276636,48.054136138318,48.054136138318,48.054136138318,0.0,2.16794833886788,9582.892553921285,33.32866633995426,16.66433316997713,16.66433316997713,16.66433316997713,0.0,2.7748873851023217,3076.203780636127,87.63560920082658,43.81780460041329,43.81780460041329,43.81780460041329,0.0,0.5477225575051661,9055.053544844448,84.33978894922609,42.169894474613045,42.169894474613045,42.169894474613045,0.0,1.6733200530681511,8600.743659707572,65.64145031913904,32.82072515956952,32.82072515956952,32.82072515956952,0.0,1.51657508881031,7233.3594546379345,114.49541475535167,57.24770737767584,57.24770737767584,57.24770737767584,0.0,2.1213203435596424,12470.643596061913,73.92428559005492,36.96214279502746,36.96214279502746,36.96214279502746,0.0,2.5495097567963922,9840.522486128468,31.413372948475303,15.706686474237651,15.706686474237651,15.706686474237651,0.0,0.5477225575051662,3823.637077443412,103.30150047312962,51.65075023656481,51.65075023656481,51.65075023656481,0.0,2.5495097567963922,10302.30854226372
0.0,32.385181796618035,16.192590898309017,16.192590898309017,16.192590898309017,0.0,0.7071067811865476,4096.874577040406,107.11675872616759,53.558379363083795,53.55837936308379,53.55837936308379,0.0,2.949576240750525,9565.108441622604,76.11832893594026,38.05916446797013,38.05916446797013,38.05916446797013,0.0,2.701851217221259,8211.259263961892,80.58039463790185,40.29019731895092,40.29019731895092,40.29019731895092,0.0,2.0493901531919194,7832.227301349215,24.754797514825285,12.377398757412642,12.377398757412642,12.377398757412642,0.0,2.1213203435596424,2441.4616933304524,79.69441636651842,39.84720818325921,39.84720818325921,39.84720818325921,0.0,2.23606797749979,7235.108188548393,94.2486074167677,47.12430370838385,47.12430370838385,47.12430370838385,0.0,2.0736441353327724,10944.323834755622,73.91075699788225,36.95537849894112,36.95537849894112,36.95537849894112,0.0,3.8078865529319543,9616.483437307008,36.81304116749932,18.40652058374966,18.40652058374966,18.40652058374966,0.0,1.140175425099138,5249.207702120388,76.3072735720521,38.15363678602605,38.15363678602605,38.15363678602605,0.0,2.8809720581775866,8095.558955377942,114.98173768038123,57.490868840190615,57.490868840190615,57.490868840190615,0.0,4.8270073544588685,11267.206020127616,95.65145059015049,47.825725295075245,47.825725295075245,47.825725295075245,0.0,2.16794833886788,9580.23998655566,34.87119154832539,17.435595774162696,17.435595774162696,17.435595774162696,0.0,2.7748873851023217,3078.8594154329294,88.15214121052307,44.076070605261535,44.076070605261535,44.076070605261535,0.0,0.5477225575051661,9050.35097109499,84.23063575683138,42.11531787841569,42.11531787841569,42.11531787841569,0.0,1.6733200530681511,8596.60704580592,64.73947790954142,32.36973895477071,32.36973895477071,32.36973895477071,0.0,1.51657508881031,7233.691637055038,114.49541475535167,57.24770737767584,57.24770737767584,57.24770737767584,0.0,2.1213203435596424,12472.76948796858,73.92428559005492,36.96214279502746,36.96214279502746,36.96214279502746,0.0,2.5495097567963922,9841.42859040292,31.272991542223778,15.636495771111889,15.636495771111889,15.636495771111889,0.0,0.5477225575051662,3826.7979173193876,103.30150047312962,51.65075023656481,51.65075023656481,51.65075023656481,0.0,2.5495097567963922,10305.132764792505
0.0,32.57606483294138,16.28803241647069,16.28803241647069,16.28803241647069,0.0,0.7071067811865476,4095.0684121269574,106.59643521244038,53.298217606220184,53.29821760622019,53.29821760622019,0.0,2.949576240750525,9563.739080506119,76.11832893594026,38.05916446797013,38.05916446797013,38.05916446797013,0.0,2.701851217221259,8213.224537293498,80.7465169527454,40.3732584763727,40.3732584763727,40.3732584763727,0.0,2.0493901531919194,7829.930734048673,25.58906016249913,12.794530081249565,12.794530081249565,12.794530081249565,0.0,2.16794833886788,2443.737363138682,79.69441636651842,39.84720818325921,39.84720818325921,39.84720818325921,0.0,2.23606797749979,7231.8947586369095,93.90846607202143,46.95423303601071,46.95423303601071,46.95423303601071,0.0,2.0736441353327724,10948.510597336974,73.44385610791416,36.72192805395708,36.72192805395708,36.72192805395708,0.0,3.492849839314596,9617.721856032227,36.81304116749932,18.40652058374966,18.40652058374966,18.40652058374966,0.0,1.140175425099138,5248.309280139652,78.12041986574317,39.06020993287159,39.06020993287159,39.06020993287159,0.0,3.7013511046643495,8153.2671549508295,115.45561917897284,57.72780958948642,57.72780958948642,57.72780958948642,0.0,4.8270073544588685,11268.81190276952,95.65145059015049,47.825725295075245,47.825725295075245,47.825725295075245,0.0,2.16794833886788,9582.218417464715,34.3394816501356,17.1697408250678,17.1697408250678,17.1697408250678,0.0,2.6076809620810595,2370.064387311028,88.15214121052307,44.076070605261535,44.076070605261535,44.076070605261535,0.0,0.5477225575051661,9050.473937866458,83.68512412609543,41.842562063047716,41.842562063047716,41.842562063047716,0.0,1.6733200530681511,8595.951448210953,64.73947790954142,32.36973895477071,32.36973895477071,32.36973895477071,0.0,1.51657508881031,7232.176090223467,113.9034679015525,56.95173395077625,56.95173395077625,56.95173395077625,0.0,2.1213203435596424,12472.190204611217,73.92428559005492,36.96214279502746,36.96214279502746,36.96214279502746,0.0,2.5495097567963922,9841.595231465273,31.272991542223778,15.636495771111889,15.636495771111889,15.636495771111889,0.0,0.5477225575051662,3829.3504279446665,102.93104487956974,51.46552243978487,51.46552243978487,51.46552243978487,0.0,2.5495097567963922,10306.191124756031
0.0,33.31666249791537,16.658331248957683,16.658331248957683,16.658331248957683,0.0,0.7071067811865476,4092.429755047727,106.54201049351379,53.27100524675689,53.27100524675689,53.27100524675689,0.0,2.949576240750525,9567.262320016109,75.71525605847212,37.85762802923606,37.85762802923606,37.85762802923606,0.0,2.701851217221259,8215.240179081802,80.7465169527454,40.3732584763727,40.3732584763727,40.3732584763727,0.0,2.0493901531919194,7832.578738831803,25.868900247208035,12.934450123604018,12.934450123604018,12.934450123604018,0.0,2.16794833886788,2440.173497930014,79.56883812146562,39.78441906073281,39.78441906073281,39.78441906073281,0.0,2.23606797749979,7233.903531289313,93.80405108522766,46.90202554261383,46.90202554261383,46.90202554261383,0.0,2.0736441353327724,10950.102556597358,73.8972259289887,36.94861296449435,36.94861296449435,36.94861296449435,0.0,3.7416573867739413,9675.500540023757,35.3949148890063,17.69745744450315,17.69745744450315,17.69745744450315,0.0,0.8944271909999159,5248.472091952095,77.41576066925907,38.707880334629536,38.707880334629536,38.707880334629536,0.0,3.286335345030997,8154.391687918848,114.54780661365804,57.27390330682902,57.27390330682902,57.27390330682902,0.0,4.39317652729776,11271.66675784908,95.65145059015049,47.825725295075245,47.825725295075245,47.825725295075245,0.0,2.16794833886788,9583.949092101857,33.645207682521445,16.822603841260722,16.822603841260722,16.822603841260722,0.0,2.2803508501982757,2369.834234709255,105.72984441490492,52.86492220745246,52.86492220745246,52.86492220745246,0.0,2.073644135332772,10357.703785106041,83.68512412609543,41.842562063047716,41.842562063047716,41.842562063047716,0.0,1.6733200530681511,8595.171219935062,65.53472362038312,32.76736181019156,32.76736181019156,32.76736181019156,0.0,1.51657508881031,7229.955760583877,113.40723081003257,56.703615405016286,56.703615405016286,56.703615405016286,0.0,2.1213203435596424,12470.125127680154,73.65595698923475,36.827978494617376,36.827978494617376,36.827978494617376,0.0,2.5495097567963922,9843.46581240571,31.157663583779836,15.578831791889918,15.578831791889918,15.578831791889918,0.0,0.5477225575051662,3829.4625340901302,102.93104487956974,51.46552243978487,51.46552243978487,51.46552243978487,0.0,2.5495097567963922,10306.033742424872
0.0,33.31666249791537,16.658331248957683,16.658331248957683,16.658331248957683,0.0,0.7071067811865476,4092.340406173465,106.54201049351379,53.27100524675689,53.27100524675689,53.27100524675689,0.0,2.949576240750525,9565.426503820936,74.84116514325522,37.42058257162761,37.42058257162761,37.42058257162761,0.0,2.701851217221259,8211.702277847146,80.77623412860989,40.38811706430494,40.38811706430494,40.38811706430494,0.0,2.0493901531919194,7837.058376712528,25.868900247208035,12.934450123604018,12.934450123604018,12.934450123604018,0.0,2.16794833886788,2441.5767036896464,79.56883812146562,39.78441906073281,39.78441906073281,39.78441906073281,0.0,2.23606797749979,7233.860159002246,93.80405108522766,46.90202554261383,46.90202554261383,46.90202554261383,0.0,2.0736441353327724,10951.676369396604,73.8972259289887,36.94861296449435,36.94861296449435,36.94861296449435,0.0,3.7416573867739413,9683.201459228245,34.888393485513205,17.444196742756603,17.444196742756603,17.444196742756603,0.0,0.8944271909999159,5247.183177667805,77.06361008932815,38.531805044664075,38.531805044664075,38.531805044664075,0.0,3.286335345030997,8157.326044728137,115.02695336311398,57.51347668155699,57.51347668155699,57.51347668155699,0.0,4.39317652729776,11268.187720303562,96.33898483999093,48.169492419995464,48.169492419995464,48.169492419995464,0.0,2.16794833886788,9583.64445292082,35.14541221838207,17.572706109191035,17.572706109191035,17.572706109191035,0.0,2.2803508501982757,2368.28193000749,105.72984441490492,52.86492220745246,52.86492220745246,52.86492220745246,0.0,2.073644135332772,10358.298257918625,83.32346608249082,41.66173304124541,41.66173304124541,41.66173304124541,0.0,1.6733200530681511,8599.122321493049,65.69627082262737,32.848135411313685,32.848135411313685,32.848135411313685,0.0,1.51657508881031,7228.50302621504,113.69608612436929,56.848043062184644,56.848043062184644,56.848043062184644,0.0,1.9235384061671346,12474.222568961964,75.70468941882002,37.85234470941001,37.85234470941001,37.85234470941001,0.0,2.7748873851023217,10021.278446385972,31.476975712415573,15.738487856207787,15.738487856207787,15.738487856207787,0.0,0.5477225575051662,3826.9263123295177,103.17945531936094,51.58972765968047,51.58972765968047,51.58972765968047,0.0,2.5495097567963922,10309.278815707721
0.0,33.448467827390836,16.724233913695418,16.724233913695418,16.724233913695418,0.0,0.7071067811865476,4089.9093510736884,106.28828721924161,53.144143609620805,53.144143609620805,53.144143609620805,0.0,2.949576240750525,9563.181609694548,74.6511888719798,37.3255944359899,37.3255944359899,37.3255944359899,0.0,2.701851217221259,8209.86268460076,79.8423446549511,39.92117232747555,39.92117232747555,39.92117232747555,0.0,2.0493901531919194,7832.695461972206,25.868900247208035,12.934450123604018,12.934450123604018,12.934450123604018,0.0,2.16794833886788,2438.5048697921434,79.00632886041473,39.50316443020736,39.50316443020736,39.50316443020736,0.0,2.23606797749979,7233.759548118806,93.80405108522766,46.90202554261383,46.90202554261383,46.90202554261383,0.0,2.0736441353327724,10953.675835079292,74.31554346164738,37.15777173082369,37.15777173082369,37.15777173082369,0.0,4.024922359499622,9709.633113563044,34.0117626711701,17.00588133558505,17.00588133558505,17.00588133558505,0.0,0.8944271909999159,5252.919159857688,77.24506456725892,38.62253228362946,38.62253228362946,38.62253228362946,0.0,2.8809720581775866,8159.46859789288,115.02695336311398,57.51347668155699,57.51347668155699,57.51347668155699,0.0,4.39317652729776,11323.985274628363,95.81649127368419,47.908245636842096,47.908245636842096,47.908245636842096,0.0,2.16794833886788,9580.277903067323,34.71022903986662,17.35511451993331,17.35511451993331,17.35511451993331,0.0,2.2803508501982757,2369.2652447541623,107.05699416665873,53.52849708332936,53.52849708332936,53.52849708332936,0.0,2.280350850198276,10357.221089655275,82.97469493767362,41.48734746883681,41.48734746883681,41.48734746883681,0.0,1.6733200530681511,8598.203696121649,65.35135805780932,32.67567902890466,32.67567902890466,32.67567902890466,0.0,1.51657508881031,7226.662196339331,113.69608612436929,56.848043062184644,56.848043062184644,56.848043062184644,0.0,1.9235384061671346,12475.591240498385,74.59758709234502,37.29879354617251,37.29879354617251,37.29879354617251,0.0,2.5495097567963922,10023.13411563469,44.70794112906565,22.353970564532826,22.353970564532826,22.353970564532826,0.0,1.6431676725154984,5117.270805810456,103.43500374631404,51.71750187315702,51.71750187315702,51.71750187315702,0.0,2.5495097567963922,10304.190278716713
0.0,33.448467827390836,16.724233913695418,16.724233913695418,16.724233913695418,0.0,0.7071067811865476,4090.8355259042132,107.9166344916297,53.95831724581485,53.95831724581485,53.95831724581485,0.0,2.949576240750525,9569.958448185656,74.6511888719798,37.3255944359899,37.3255944359899,37.3255944359899,0.0,2.701851217221259,8213.76537892336,79.8423446549511,39.92117232747555,39.92117232747555,39.92117232747555,0.0,2.0493901531919194,7834.425716030499,25.479403446705735,12.739701723352868,12.739701723352868,12.739701723352868,0.0,2.16794833886788,2441.225860095702,78.7070517806378,39.3535258903189,39.3535258903189,39.3535258903189,0.0,2.23606797749979,7234.012420503575,93.4066378797567,46.70331893987835,46.70331893987835,46.70331893987835,0.0,2.0736441353327724,10954.057910199306,73.39482270569226,36.69741135284613,36.69741135284613,36.69741135284613,0.0,3.492849839314596,9710.339386447828,34.0117626711701,17.00588133558505,17.00588133558505,17.00588133558505,0.0,0.8944271909999159,5251.596976158776,78.07688518377255,39.03844259188627,39.03844259188627,39.03844259188627,0.0,3.7013511046643495,8218.455025124857,115.02695336311398,57.51347668155699,57.51347668155699,57.51347668155699,0.0,4.39317652729776,11324.943421492224,95.53638050502019,47.768190252510095,47.768190252510095,47.768190252510095,0.0,2.16794833886788,9577.805056483454,35.1965907439911,17.59829537199555,17.59829537199555,17.59829537199555,0.0,2.2803508501982757,2370.576870721555,107.05699416665873,53.52849708332936,53.52849708332936,53.52849708332936,0.0,2.280350850198276,10359.309933581484,82.10237511789778,41.05118755894889,41.05118755894889,41.05118755894889,0.0,1.51657508881031,8598.711165052586,65.35135805780932,32.67567902890466,32.67567902890466,32.67567902890466,0.0,1.51657508881031,7224.422239874964,113.69608612436929,56.848043062184644,56.848043062184644,56.848043062184644,0.0,1.9235384061671346,12473.597147575354,74.59758709234502,37.29879354617251,37.29879354617251,37.29879354617251,0.0,2.5495097567963922,10023.173933440445,43.92265930018355,21.961329650091773,21.961329650091773,21.961329650091773,0.0,1.6431676725154984,5114.635050519245,102.51243826970462,51.25621913485231,51.25621913485231,51.25621913485231,0.0,2.16794833886788,10308.517531633732
0.0,33.448467827390836,16.724233913695418,16.724233913695418,16.724233913695418,0.0,0.7071067811865476,4097.4482669095405,107.40018621957785,53.700093109788924,53.700093109788924,53.700093109788924,0.0,2.949576240750525,9572.559756930223,74.6511888719798,37.3255944359899,37.3255944359899,37.3255944359899,0.0,2.701851217221259,8211.224859909757,79.8423446549511,39.92117232747555,39.92117232747555,39.92117232747555,0.0,2.0493901531919194,7832.60750325203,25.479403446705735,12.739701723352868,12.739701723352868,12.739701723352868,0.0,2.16794833886788,2441.1562219571283,79.56883812146562,39.78441906073281,39.78441906073281,39.78441906073281,0.0,2.23606797749979,7231.649237898641,93.51363536939412,46.75681768469706,46.75681768469706,46.75681768469706,0.0,2.0736441353327724,10952.547680790985,74.31554346164738,37.15777173082369,37.15777173082369,37.15777173082369,0.0,4.024922359499621,9755.945202798137,34.158454297582026,17.079227148791013,17.079227148791013,17.079227148791013,0.0,0.8944271909999159,5254.117385441631,77.50354830586791,38.751774152933955,38.751774152933955,38.751774152933955,0.0,3.286335345030997,8217.047626733096,115.42096863222038,57.71048431611019,57.71048431611019,57.71048431611019,0.0,4.39317652729776,11322.072941824743,95.75385109748849,47.876925548744246,47.876925548744246,47.876925548744246,0.0,2.16794833886788,9581.427487592859,36.11094017053558,18.05547008526779,18.05547008526779,18.05547008526779,0.0,2.0,2366.467684123322,107.05699416665873,53.52849708332936,53.52849708332936,53.52849708332936,0.0,2.280350850198276,10361.795100270996,82.10237511789778,41.05118755894889,41.05118755894889,41.05118755894889,0.0,1.51657508881031,8596.44257818314,65.86956808724345,32.934784043621725,32.934784043621725,32.934784043621725,0.0,1.51657508881031,7223.806856498864,113.41604824715064,56.70802412357532,56.70802412357532,56.70802412357532,0.0,1.9235384061671346,12476.370437751519,74.59758709234502,37.29879354617251,37.29879354617251,37.29879354617251,0.0,2.5495097567963922,10020.312879346633,43.92265930018355,21.961329650091773,21.961329650091773,21.961329650091773,0.0,1.6431676725154984,5111.293603384568,103.77475608258494,51.88737804129247,51.88737804129247,51.88737804129247,0.0,2.16794833886788,10311.00912617189
0.0,33.448467827390836,16.724233913695418,16.724233913695418,16.724233913695418,0.0,0.7071067811865476,4098.560564393309,107.40018621957785,53.700093109788924,53.700093109788924,53.700093109788924,0.0,2.949576240750525,9569.534351262866,75.11324783285569,37.556623916427846,37.556623916427846,37.556623916427846,0.0,2.701851217221259,8209.643189566767,79.8423446549511,39.92117232747555,39.92117232747555,39.92117232747555,0.0,2.0493901531919194,7832.729619998382,24.454038521274967,12.227019260637483,12.227019260637483,12.227019260637483,0.0,1.8165902124584952,2438.1963620676656,79.1580697086532,39.5790348543266,39.5790348543266,39.5790348543266,0.0,2.23606797749979,7232.279294938768,93.40877903066713,46.70438951533357,46.70438951533357,46.70438951533357,0.0,2.0736441353327724,10952.2840220659,73.85120175054702,36.92560087527351,36.92560087527351,36.92560087527351,0.0,3.7416573867739413,9752.653167215576,34.158454297582026,17.079227148791013,17.079227148791013,17.079227148791013,0.0,0.8944271909999159,5257.675693688229,77.50354830586791,38.751774152933955,38.751774152933955,38.751774152933955,0.0,3.286335345030997,8216.383085032003,115.09648126680503,57.548240633402514,57.548240633402514,57.548240633402514,0.0,3.96232255123179,11321.832435608645,95.87491851365508,47.93745925682754,47.93745925682754,47.93745925682754,0.0,2.16794833886788,9583.413102856413,35.28739151595085,17.643695757975426,17.643695757975426,17.643695757975426,0.0,2.0,2362.5959874680225,107.05699416665873,53.52849708332936,53.52849708332936,53.52849708332936,0.0,2.280350850198276,10360.410310407595,81.34617384978841,40.67308692489421,40.67308692489421,40.67308692489421,0.0,1.51657508881031,8601.675708837203,66.04543890383347,33.022719451916736,33.022719451916736,33.022719451916736,0.0,1.51657508881031,7222.4229798593215,112.33343224525814,56.16671612262907,56.16671612262907,56.16671612262907,0.0,1.9235384061671346,12475.433519521475,74.10263153222023,37.051315766110115,37.051315766110115,37.051315766110115,0.0,2.5495097567963922,10020.415425520041,43.84974344280705,21.924871721403527,21.924871721403527,21.924871721403527,0.0,1.6431676725154984,5113.028818616222,103.34795595462931,51.67397797731466,51.67397797731466,51.67397797731466,0.0,2.16794833886788,10309.938782553463
0.0,34.10571799566753,17.052858997833766,17.052858997833766,17.052858997833766,0.0,0.7071067811865476,4094.79899384573,107.346169004767,53.6730845023835,53.6730845023835,53.6730845023835,0.0,2.949576240750525,9569.43607011406,74.23745685299302,37.11872842649651,37.11872842649651,37.11872842649651,0.0,2.4083189157584592,8210.180466956863,80.77623412860989,40.38811706430494,40.38811706430494,40.38811706430494,0.0,2.0493901531919194,7832.215861427722,25.635912310662945,12.817956155331473,12.817956155331473,12.817956155331473,0.0,1.8165902124584952,2435.1644708314875,78.7070517806378,39.3535258903189,39.3535258903189,39.3535258903189,0.0,2.23606797749979,7231.080472515847,92.67577892847731,46.33788946423866,46.33788946423866,46.33788946423866,0.0,2.0736441353327724,10951.882062001947,72.9328458240867,36.46642291204335,36.46642291204335,36.46642291204335,0.0,3.2093613071762426,9750.692349777015,34.158454297582026,17.079227148791013,17.079227148791013,17.079227148791013,0.0,0.8944271909999159,5257.599575852083,77.50354830586791,38.751774152933955,38.751774152933955,38.751774152933955,0.0,3.286335345030997,8217.136648492587,115.55085460523432,57.77542730261716,57.77542730261716,57.77542730261716,0.0,3.96232255123179,11323.8263277039,95.87491851365508,47.93745925682754,47.93745925682754,47.93745925682754,0.0,2.16794833886788,9583.150958844382,35.28739151595085,17.643695757975426,17.643695757975426,17.643695757975426,0.0,2.0,2364.714359071725,107.05699416665873,53.52849708332936,53.52849708332936,53.52849708332936,0.0,2.280350850198276,10362.75185459924,82.22651640438137,41.113258202190686,41.113258202190686,41.113258202190686,0.0,1.51657508881031,8605.30794335682,67.41513183254929,33.707565916274646,33.707565916274646,33.707565916274646,0.0,1.5165750888103102,7220.5629074193375,113.20424020327154,56.60212010163577,56.60212010163577,56.60212010163577,0.0,1.9235384061671346,12480.771101979237,73.8836923820135,36.94184619100675,36.94184619100675,36.94184619100675,0.0,2.5495097567963922,10025.248510635536,44.013634251218114,22.006817125609057,22.006817125609057,22.006817125609057,0.0,1.6431676725154984,5109.807853530307,103.70149468546728,51.85074734273364,51.85074734273364,51.85074734273364,0.0,2.16794833886788,10314.96245751772
0.0,34.33365695640358,17.16682847820179,17.16682847820179,17.16682847820179,0.0,0.7071067811865476,4094.190457221061,107.29958061427826,53.64979030713913,53.64979030713913,53.64979030713913,0.0,2.949576240750525,9568.424781540585,73.57173370255727,36.785866851278634,36.785866851278634,36.785866851278634,0.0,2.4083189157584592,8211.241854920607,80.77623412860989,40.38811706430494,40.38811706430494,40.38811706430494,0.0,2.0493901531919194,7832.920572813183,24.63331078032346,12.31665539016173,12.31665539016173,12.31665539016173,0.0,1.8165902124584952,2434.25436222265,78.7070517806378,39.3535258903189,39.3535258903189,39.3535258903189,0.0,2.23606797749979,7233.550082774018,92.74696760541555,46.373483802707774,46.373483802707774,46.373483802707774,0.0,2.0736441353327724,10948.565613814442,73.66953237261656,36.83476618630828,36.83476618630828,36.83476618630828,0.0,3.8078865529319543,9807.130273428615,33.81124073440666,16.90562036720333,16.90562036720333,16.90562036720333,0.0,0.8944271909999159,5256.833390930323,78.07688518377255,39.03844259188627,39.03844259188627,39.03844259188627,0.0,3.7013511046643495,8267.313179020135,115.55085460523432,57.77542730261716,57.77542730261716,57.77542730261716,0.0,3.96232255123179,11375.298822448578,95.2617446827424,47.6308723413712,47.6308723413712,47.6308723413712,0.0,2.0,9583.110324941481,35.28739151595085,17.643695757975426,17.643695757975426,17.643695757975426,0.0,2.0,2366.2470919158045,106.91491944532343,53.45745972266172,53.45745972266172,53.45745972266172,0.0,2.280350850198276,10363.034222658922,82.83236082594773,41.416180412973866,41.416180412973866,41.416180412973866,0.0,1.6431676725154984,8604.251518871353,67.41513183254929,33.707565916274646,33.707565916274646,33.707565916274646,0.0,1.5165750888103102,7220.90626583672,113.20424020327154,56.60212010163577,56.60212010163577,56.60212010163577,0.0,1.9235384061671346,12478.594932924141,73.79701890998037,36.89850945499018,36.89850945499018,36.89850945499018,0.0,2.5495097567963922,10026.452902198265,43.23424568556736,21.61712284278368,21.61712284278368,21.61712284278368,0.0,1.224744871391589,5110.898619616711,103.70149468546728,51.85074734273364,51.85074734273364,51.85074734273364,0.0,2.16794833886788,10314.750539882194
0.0,34.17601498127012,17.08800749063506,17.08800749063506,17.08800749063506,0.0,0.7071067811865476,4096.279995312821,107.29958061427826,53.64979030713913,53.64979030713913,53.64979030713913,0.0,2.949576240750525,9567.866465414325,73.57173370255727,36.785866851278634,36.785866851278634,36.785866851278634,0.0,2.4083189157584592,8215.229686381264,80.77623412860989,40.38811706430494,40.38811706430494,40.38811706430494,0.0,2.0493901531919194,7831.034842215938,24.265201420964964,12.132600710482482,12.132600710482482,12.132600710482482,0.0,1.8165902124584952,2435.1022155137553,78.14857644256868,39.07428822128434,39.07428822128434,39.07428822128434,0.0,2.23606797749979,7233.571296392951,94.37160589923221,47.185802949616104,47.185802949616104,47.185802949616104,0.0,2.0736441353327724,10954.488874429513,73.00684899377592,36.50342449688796,36.50342449688796,36.50342449688796,0.0,3.286335345030997,9806.976506548795,33.81124073440666,16.90562036720333,16.90562036720333,16.90562036720333,0.0,0.8944271909999159,5255.228130157624,78.24832266572875,39.124161332864375,39.124161332864375,39.124161332864375,0.0,3.7013511046643495,8272.918106690046,115.83091124566016,57.91545562283008,57.91545562283008,57.91545562283008,0.0,3.96232255123179,11377.024140784795,94.00638276202314,47.00319138101157,47.00319138101157,47.00319138101157,0.0,1.6431676725154982,9586.664581594581,37.49666651850535,18.748333259252675,18.748333259252675,18.748333259252675,0.0,2.6076809620810595,2543.1063288820624,106.78014796768171,53.39007398384086,53.39007398384086,53.39007398384086,0.0,2.280350850198276,10364.34939106165,83.70901982462821,41.85450991231411,41.85450991231411,41.85450991231411,0.0,1.6431676725154984,8605.621668421172,67.23094525588644,33.61547262794322,33.61547262794322,33.61547262794322,0.0,1.5165750888103102,7217.268548419132,113.14238816641623,56.57119408320811,56.57119408320811,56.57119408320811,0.0,1.9235384061671346,12477.400903233012,74.677975334097,37.3389876670485,37.3389876670485,37.3389876670485,0.0,2.5495097567963922,10030.399568312321,43.735569048544455,21.867784524272228,21.867784524272228,21.867784524272228,0.0,1.224744871391589,5109.665615282472,103.31892372648875,51.659461863244374,51.659461863244374,51.659461863244374,0.0,2.16794833886788,10315.810229933468
0.0,34.17601498127012,17.08800749063506,17.08800749063506,17.08800749063506,0.0,0.7071067811865476,4091.0880826498956,107.04578459705921,53.522892298529605,53.522892298529605,53.522892298529605,0.0,2.949576240750525,9570.550245414315,73.57173370255727,36.785866851278634,36.785866851278634,36.785866851278634,0.0,2.4083189157584592,8210.60575110022,81.03826256775253,40.51913128387626,40.51913128387626,40.51913128387626,0.0,2.0493901531919194,7831.150956277116,23.89979079406345,11.949895397031725,11.949895397031725,11.949895397031725,0.0,1.8165902124584952,2430.6108697197915,78.14857644256868,39.07428822128434,39.07428822128434,39.07428822128434,0.0,2.23606797749979,7227.567938110302,93.57777513918569,46.788887569592845,46.788887569592845,46.788887569592845,0.0,2.0736441353327724,10956.899150763413,75.33126840827785,37.665634204138925,37.665634204138925,37.665634204138925,0.0,3.8987177379235853,9836.779107004486,33.087762088119526,16.543881044059763,16.543881044059763,16.543881044059763,0.0,0.8944271909999159,5252.617299975318,77.37699916641895,38.68849958320948,38.68849958320948,38.68849958320948,0.0,3.286335345030997,8274.222156795164,115.97068595123511,57.985342975617556,57.985342975617556,57.985342975617556,0.0,3.96232255123179,11375.580262122896,94.33345111888995,47.16672555944498,47.16672555944498,47.16672555944498,0.0,1.6431676725154982,9587.09086741124,38.382287581643695,19.191143790821847,19.191143790821847,19.191143790821847,0.0,2.6076809620810595,2544.5937396763356,106.61519591502892,53.30759795751446,53.30759795751446,53.30759795751446,0.0,1.8708286933869707,10368.979564065115,83.03493240799321,41.517466203996605,41.517466203996605,41.517466203996605,0.0,1.6431676725154984,8603.658739164403,66.61231117443681,33.306155587218406,33.306155587218406,33.306155587218406,0.0,1.5165750888103102,7218.634379160646,112.49888888340188,56.24944444170094,56.24944444170094,56.24944444170094,0.0,1.9235384061671346,12479.78980992869,74.87322618933953,37.43661309466977,37.43661309466977,37.43661309466977,0.0,2.3874672772626644,10028.912119467395,44.11349000022555,22.056745000112777,22.056745000112777,22.056745000112777,0.0,1.4832396974191324,5111.805522513547,103.31892372648875,51.659461863244374,51.659461863244374,51.659461863244374,0.0,2.16794833886788,10319.057868817288
0.0,34.04115156689033,17.020575783445164,17.020575783445164,17.020575783445164,0.0,0.7071067811865476,4093.8356097918736,107.04578459705921,53.522892298529605,53.522892298529605,53.522892298529605,0.0,2.949576240750525,9570.656079914272,72.90541817999538,36.45270908999769,36.45270908999769,36.45270908999769,0.0,2.387467277262665,8261.208023043604,81.30928606254024,40.65464303127012,40.65464303127012,40.65464303127012,0.0,2.0493901531919194,7833.446476487856,24.0249869927124,12.0124934963562,12.0124934963562,12.0124934963562,0.0,1.8165902124584952,2432.9299825519024,77.7097162522165,38.85485812610825,38.85485812610825,38.85485812610825,0.0,1.9235384061671346,7226.095487882789,93.96382282559603,46.98191141279801,46.98191141279801,46.98191141279801,0.0,2.0736441353327724,10955.726927045964,74.3720377561352,37.1860188780676,37.1860188780676,37.1860188780676,0.0,3.646916505762094,9837.347543926666,32.89376840679705,16.446884203398525,16.446884203398525,16.446884203398525,0.0,0.8944271909999159,5255.425263477733,76.98051701567093,38.49025850783546,38.49025850783546,38.49025850783546,0.0,2.8635642126552705,8273.294736681391,115.58546621439912,57.79273310719956,57.79273310719956,57.79273310719956,0.0,3.5355339059327378,11377.25684424853,95.02210269195268,47.51105134597634,47.51105134597634,47.51105134597634,0.0,1.6431676725154982,9586.835218152026,39.07428822128434,19.53714411064217,19.53714411064217,19.53714411064217,0.0,2.588435821108957,2548.324410274328,106.61519591502892,53.30759795751446,53.30759795751446,53.30759795751446,0.0,1.8708286933869707,10367.739662047847,82.9650528837293,41.48252644186465,41.48252644186465,41.48252644186465,0.0,1.6431676725154984,8606.880224564531,66.82215201563027,33.41107600781513,33.41107600781513,33.41107600781513,0.0,1.5165750888103102,7220.5528527945835,112.33343224525814,56.16671612262907,56.16671612262907,56.16671612262907,0.0,1.9235384061671346,12478.855207910701,76.34919776919729,38.174598884598645,38.174598884598645,38.174598884598645,0.0,2.3874672772626644,10027.973359557753,44.6183818621877,22.30919093109385,22.30919093109385,22.30919093109385,0.0,1.4832396974191324,5113.617017337141,102.94270250969711,51.47135125484856,51.47135125484856,51.47135125484856,0.0,2.16794833886788,10317.995507849382
0.0,34.07638478477434,17.03819239238717,17.03819239238717,17.03819239238717,0.0,0.7071067811865476,4098.9304336619325,106.5269918846862,53.2634959423431,53.2634959423431,53.2634959423431,0.0,2.949576240750525,9572.567064272782,73.22567855609124,36.61283927804562,36.61283927804562,36.61283927804562,0.0,2.387467277262665,8261.436878654948,80.80099009294379,40.400495046471896,40.400495046471896,40.400495046471896,0.0,2.0493901531919194,7832.016841146346,24.306377763870945,12.153188881935472,12.153188881935472,12.153188881935472,0.0,1.8165902124584952,2433.413487264341,77.7097162522165,38.85485812610825,38.85485812610825,38.85485812610825,0.0,1.9235384061671346,7224.7377253433915,93.96382282559603,46.98191141279801,46.98191141279801,46.98191141279801,0.0,2.0736441353327724,10954.023429772278,75.08128928035266,37.54064464017633,37.54064464017633,37.54064464017633,0.0,3.646916505762094,9862.931349249066,32.89376840679705,16.446884203398525,16.446884203398525,16.446884203398525,0.0,0.8944271909999159,5251.771463039876,76.11307377842522,38.05653688921261,38.05653688921261,38.05653688921261,0.0,2.8635642126552705,8270.543615748604,115.58546621439912,57.79273310719956,57.79273310719956,57.79273310719956,0.0,3.5355339059327378,11378.22012443071,95.18823456709342,47.59411728354671,47.59411728354671,47.59411728354671,0.0,1.6431676725154982,9584.55400631662,39.35987804859156,19.67993902429578,19.67993902429578,19.67993902429578,0.0,2.9154759474226504,2546.1379184953826,106.61519591502892,53.30759795751446,53.30759795751446,53.30759795751446,0.0,1.8708286933869707,10364.937906229829,82.9650528837293,41.48252644186465,41.48252644186465,41.48252644186465,0.0,1.6431676725154984,8606.94491675182,67.23094525588644,33.61547262794322,33.61547262794322,33.61547262794322,0.0,1.5165750888103102,7221.242642371187,113.0875766828523,56.54378834142615,56.54378834142615,56.54378834142615,0.0,1.9235384061671346,12477.914180663369,76.34919776919729,38.174598884598645,38.174598884598645,38.174598884598645,0.0,2.3874672772626644,10024.984403977895,44.60044842823893,22.300224214119464,22.300224214119464,22.300224214119464,0.0,1.4832396974191324,5118.672259482922,102.51243826970462,51.25621913485231,51.25621913485231,51.25621913485231,0.0,2.16794833886788,10321.46778806193
0.0,34.71022903986662,17.35511451993331,17.35511451993331,17.35511451993331,0.0,0.7071067811865476,4103.224098194004,106.5269918846862,53.2634959423431,53.2634959423431,53.2634959423431,0.0,2.949576240750525,9572.603339739928,73.6831052548683,36.84155262743415,36.84155262743415,36.84155262743415,0.0,2.387467277262665,8264.174260021386,81.10980212033562,40.55490106016781,40.55490106016781,40.55490106016781,0.0,2.0493901531919194,7836.52312572355,24.454038521274967,12.227019260637483,12.227019260637483,12.227019260637483,0.0,1.8165902124584952,2436.7230659227566,77.13105729860054,38.56552864930027,38.56552864930027,38.56552864930027,0.0,1.9235384061671346,7229.392657754868,94.69952481401371,47.34976240700686,47.34976240700686,47.34976240700686,0.0,2.0736441353327724,10956.641538354717,74.16198487095663,37.080992435478315,37.080992435478315,37.080992435478315,0.0,3.1144823004794873,9866.596718220522,33.448467827390836,16.724233913695418,16.724233913695418,16.724233913695418,0.0,0.8944271909999159,5247.6014711485095,76.11307377842522,38.05653688921261,38.05653688921261,38.05653688921261,0.0,2.8635642126552705,8273.056430364779,114.77281908187148,57.38640954093574,57.38640954093574,57.38640954093574,0.0,3.5355339059327378,11381.97398081721,95.18823456709342,47.59411728354671,47.59411728354671,47.59411728354671,0.0,1.6431676725154982,9585.612353939627,39.35987804859156,19.67993902429578,19.67993902429578,19.67993902429578,0.0,2.9154759474226504,2548.390923700679,105.89995278563632,52.94997639281816,52.94997639281816,52.94997639281816,0.0,1.8708286933869707,10363.931049558367,82.9650528837293,41.48252644186465,41.48252644186465,41.48252644186465,0.0,1.6431676725154984,8611.433486940488,67.23094525588644,33.61547262794322,33.61547262794322,33.61547262794322,0.0,1.5165750888103102,7219.089256963097,113.0875766828523,56.54378834142615,56.54378834142615,56.54378834142615,0.0,1.9235384061671346,12477.086566983495,76.34919776919729,38.174598884598645,38.174598884598645,38.174598884598645,0.0,2.3874672772626644,10020.248983932486,45.11319097558939,22.556595487794695,22.556595487794695,22.556595487794695,0.0,1.4832396974191324,5117.362474947421,102.86884854026509,51.434424270132546,51.434424270132546,51.434424270132546,0.0,2.16794833886788,10321.207521409498
0.0,34.71022903986662,17.35511451993331,17.35511451993331,17.35511451993331,0.0,0.7071067811865476,4102.97477447766,105.24827789565015,52.624138947825074,52.624138947825074,52.624138947825074,0.0,2.6076809620810595,9574.490597415615,74.24284477308234,37.12142238654117,37.12142238654117,37.12142238654117,0.0,2.387467277262665,8263.507445389034,81.30928606254024,40.65464303127012,40.65464303127012,40.65464303127012,0.0,2.0493901531919194,7835.943880605578,24.273442277518036,12.136721138759018,12.136721138759018,12.136721138759018,0.0,1.8165902124584952,2435.1693575601676,76.61592523751182,38.30796261875591,38.30796261875591,38.30796261875591,0.0,1.9235384061671346,7232.449149492861,93.90846607202143,46.95423303601071,46.95423303601071,46.95423303601071,0.0,2.0736441353327724,10955.620808516513,74.69136496275858,37.34568248137929,37.34568248137929,37.34568248137929,0.0,3.7815340802378077,9902.355033021186,32.94237392781522,16.47118696390761,16.47118696390761,16.47118696390761,0.0,0.8944271909999159,5251.080250767455,76.11307377842522,38.05653688921261,38.05653688921261,38.05653688921261,0.0,2.8635642126552705,8269.131453786425,114.8303095876694,57.4151547938347,57.4151547938347,57.4151547938347,0.0,3.5355339059327378,11382.35209875358,95.18823456709342,47.59411728354671,47.59411728354671,47.59411728354671,0.0,1.6431676725154982,9585.72946102695,39.21734310225516,19.60867155112758,19.60867155112758,19.60867155112758,0.0,2.8635642126552705,2550.4626443059306,105.89995278563632,52.94997639281816,52.94997639281816,52.94997639281816,0.0,1.8708286933869707,10363.38314933883,82.9650528837293,41.48252644186465,41.48252644186465,41.48252644186465,0.0,1.6431676725154984,8609.218053923365,67.23094525588644,33.61547262794322,33.61547262794322,33.61547262794322,0.0,1.5165750888103102,7219.321110741646,113.0875766828523,56.54378834142615,56.54378834142615,56.54378834142615,0.0,1.9235384061671346,12475.12447633289,76.12358373066786,38.06179186533393,38.06179186533393,38.06179186533393,0.0,2.3874672772626644,10018.754972550232,45.22388749322641,22.611943746613203,22.611943746613203,22.611943746613203,0.0,1.4832396974191324,5119.952226339617,102.85523807760109,51.42761903880054,51.42761903880054,51.42761903880054,0.0,2.16794833886788,10319.14200406216
0.0,34.71022903986662,17.35511451993331,17.35511451993331,17.35511451993331,0.0,0.7071067811865476,4103.5073656568475,104.73776778220929,52.368883891104645,52.368883891104645,52.368883891104645,0.0,2.6076809620810595,9570.337104825514,74.27785672729121,37.138928363645604,37.138928363645604,37.138928363645604,0.0,2.387467277262665,8266.932181891902,81.58921497354905,40.794607486774524,40.794607486774524,40.794607486774524,0.0,2.0493901531919194,7836.753377515462,25.09980079602227,12.549900398011134,12.549900398011134,12.549900398011134,0.0,1.8165902124584952,2434.9173907958357,76.51666485152107,38.258332425760536,38.258332425760536,38.258332425760536,0.0,1.9235384061671346,7235.383044455905,93.96382282559603,46.98191141279801,46.98191141279801,46.98191141279801,0.0,2.0736441353327724,10954.186482801906,74.2024258363566,37.1012129181783,37.1012129181783,37.1012129181783,0.0,3.4351128074635335,9899.666241848763,32.94237392781522,16.47118696390761,16.47118696390761,16.47118696390761,0.0,0.8944271909999159,5245.404398137478,76.11307377842522,38.05653688921261,38.05653688921261,38.05653688921261,0.0,2.8635642126552705,8270.791999560864,114.02105068801988,57.01052534400994,57.01052534400994,57.01052534400994,0.0,3.1144823004794873,11381.771883147194,95.29952780575567,47.64976390287784,47.64976390287784,47.64976390287784,0.0,1.6431676725154982,9585.737958029105,39.21734310225516,19.60867155112758,19.60867155112758,19.60867155112758,0.0,2.8635642126552705,2550.8901975584913,105.89995278563632,52.94997639281816,52.94997639281816,52.94997639281816,0.0,1.8708286933869707,10364.174385835082,82.56391463587467,41.281957317937334,41.281957317937334,41.281957317937334,0.0,1.6431676725154984,8610.491548105718,67.23094525588644,33.61547262794322,33.61547262794322,33.61547262794322,0.0,1.5165750888103102,7221.187333119118,113.95613191048562,56.97806595524281,56.97806595524281,56.97806595524281,0.0,1.9235384061671346,12474.557907998184,75.96578177047874,37.98289088523937,37.98289088523937,37.98289088523937,0.0,2.3874672772626644,10016.65214530284,45.75150270756142,22.87575135378071,22.87575135378071,22.87575135378071,0.0,1.4832396974191324,5120.296397670744,102.42460641857502,51.21230320928751,51.21230320928751,51.21230320928751,0.0,2.16794833886788,10321.80654246145
0.0,34.785054261852174,17.392527130926087,17.392527130926087,17.392527130926087,0.0,0.7071067811865476,4101.814695960801,104.68428726413529,52.342143632067646,52.342143632067646,52.342143632067646,0.0,2.6076809620810595,9567.060326976098,74.7475752115077,37.37378760575385,37.37378760575385,37.37378760575385,0.0,2.387467277262665,8270.357712940837,81.08020720249795,40.54010360124897,40.54010360124897,40.54010360124897,0.0,2.0493901531919194,7834.136295725267,26.555602045519514,13.277801022759757,13.277801022759757,13.277801022759757,0.0,1.8165902124584952,2431.50169648306,77.36407434979107,38.682037174895534,38.682037174895534,38.682037174895534,0.0,1.9235384061671346,7236.734159826517,94.02765550623923,47.013827753119614,47.013827753119614,47.013827753119614,0.0,2.0736441353327724,10955.205643893683,73.72109603091913,36.860548015459564,36.860548015459564,36.860548015459564,0.0,3.1144823004794873,9901.356609071305,32.94237392781522,16.47118696390761,16.47118696390761,16.47118696390761,0.0,0.8944271909999159,5243.389914930989,76.11307377842522,38.05653688921261,38.05653688921261,38.05653688921261,0.0,2.8635642126552705,8272.712040195767,114.02105068801988,57.01052534400994,57.01052534400994,57.01052534400994,0.0,3.1144823004794873,11383.271423452925,94.9694687781289,47.48473438906445,47.48473438906445,47.48473438906445,0.0,1.6431676725154982,9587.620648523804,39.21734310225516,19.60867155112758,19.60867155112758,19.60867155112758,0.0,2.8635642126552705,2548.5159799381286,105.89995278563632,52.94997639281816,52.94997639281816,52.94997639281816,0.0,1.8708286933869707,10364.12479662417,81.83642220918507,40.91821110459254,40.91821110459254,40.91821110459254,0.0,1.6431676725154984,8607.901410913115,66.70232379760094,33.35116189880047,33.35116189880047,33.35116189880047,0.0,1.5165750888103102,7215.021677029114,113.95613191048562,56.97806595524281,56.97806595524281,56.97806595524281,0.0,1.9235384061671346,12476.070066330984,76.62375610735877,38.311878053679386,38.311878053679386,38.311878053679386,0.0,2.3874672772626644,10011.409850765276,44.87761134463375,22.438805672316875,22.438805672316875,22.438805672316875,0.0,1.4832396974191324,5122.183001416486,101.74477873581523,50.872389367907616,50.872389367907616,50.872389367907616,0.0,2.16794833886788,10325.748578190349
0.0,34.785054261852174,17.392527130926087,17.392527130926087,17.392527130926087,0.0,0.7071067811865476,4104.954409003832,104.13068711959986,52.06534355979993,52.06534355979993,52.06534355979993,0.0,2.6076809620810595,9570.399819234304,74.7475752115077,37.37378760575385,37.37378760575385,37.37378760575385,0.0,2.387467277262665,8268.941177684117,80.902410347282,40.451205173641,40.451205173641,40.451205173641,0.0,2.0493901531919194,7832.641361635295,26.69831455354439,13.349157276772194,13.349157276772194,13.349157276772194,0.0,1.8165902124584952,2428.4308308041223,77.27095185126167,38.635475925630836,38.635475925630836,38.635475925630836,0.0,1.9235384061671346,7231.872281781531,93.23518649093806,46.61759324546903,46.61759324546903,46.61759324546903,0.0,1.6431676725154984,10956.701638723216,73.24752555547525,36.623762777737625,36.623762777737625,36.623762777737625,0.0,3.1144823004794873,9899.292818176458,32.75973137863008,16.37986568931504,16.37986568931504,16.37986568931504,0.0,0.8944271909999159,5241.8291177794035,77.85114000449833,38.92557000224917,38.92557000224917,38.92557000224917,0.0,3.714835124201342,8382.51303011215,114.02105068801988,57.01052534400994,57.01052534400994,57.01052534400994,0.0,3.1144823004794873,11384.14831245623,95.66190464338456,47.83095232169228,47.83095232169228,47.83095232169228,0.0,1.6431676725154982,9589.264346132086,38.015786194684964,19.007893097342482,19.007893097342482,19.007893097342482,0.0,2.5099800796022267,2546.029713102343,105.89995278563632,52.94997639281816,52.94997639281816,52.94997639281816,0.0,1.8708286933869707,10365.546550954272,81.83642220918507,40.91821110459254,40.91821110459254,40.91821110459254,0.0,1.6431676725154984,8607.574861713374,66.08176753084015,33.04088376542008,33.04088376542008,33.04088376542008,0.0,1.5165750888103102,7213.365039979607,113.95613191048562,56.97806595524281,56.97806595524281,56.97806595524281,0.0,1.9235384061671346,12475.862054383257,76.33347889360212,38.16673944680106,38.16673944680106,38.16673944680106,0.0,2.3874672772626644,10009.24311324288,43.92265930018355,21.961329650091773,21.961329650091773,21.961329650091773,0.0,1.4832396974191324,5123.546769572812,102.00392149324456,51.00196074662228,51.00196074662228,51.00196074662228,0.0,2.16794833886788,10324.553757911282
0.0,35.031414473298106,17.515707236649053,17.515707236649053,17.515707236649053,0.0,0.7071067811865476,4103.922184934798,105.46658238513278,52.73329119256639,52.73329119256639,52.73329119256639,0.0,2.6076809620810595,9571.558927363923,74.26169941497433,37.130849707487165,37.130849707487165,37.130849707487165,0.0,2.387467277262665,8269.57822382738,81.06047125449,40.530235627245,40.530235627245,40.530235627245,0.0,2.0493901531919194,7829.258470634368,26.038433132583073,13.019216566291536,13.019216566291536,13.019216566291536,0.0,1.8165902124584952,2431.3177085687507,76.91033740661915,38.455168703309575,38.455168703309575,38.455168703309575,0.0,1.9235384061671346,7226.839233025736,92.51378275694924,46.25689137847462,46.25689137847462,46.25689137847462,0.0,1.6431676725154984,10955.19618719811,74.26977851050857,37.134889255254286,37.134889255254286,37.134889255254286,0.0,3.646916505762094,9940.164701854794,33.32866633995426,16.66433316997713,16.66433316997713,16.66433316997713,0.0,0.8944271909999159,5240.552480416545,77.26577508832743,38.632887544163715,38.632887544163715,38.632887544163715,0.0,3.286335345030997,8379.623899674734,113.21307345002167,56.606536725010834,56.606536725010834,56.606536725010834,0.0,3.1144823004794873,11383.784423468322,95.38343671728336,47.69171835864168,47.69171835864168,47.69171835864168,0.0,1.816590212458495,9587.955292970446,38.71433842906269,19.357169214531346,19.357169214531346,19.357169214531346,0.0,2.5099800796022267,2545.920521147508,105.76956083864583,52.884780419322915,52.884780419322915,52.884780419322915,0.0,1.8708286933869707,10363.774794928728,81.30682628168437,40.65341314084218,40.65341314084218,40.65341314084218,0.0,1.6431676725154984,8607.98906830161,65.83919805100909,32.919599025504546,32.919599025504546,32.919599025504546,0.0,1.5165750888103102,7214.043373864618,113.95613191048562,56.97806595524281,56.97806595524281,56.97806595524281,0.0,1.9235384061671346,12472.696468687114,77.21398836998384,38.60699418499192,38.60699418499192,38.60699418499192,0.0,2.3874672772626644,10011.317006268457,43.895330047739705,21.947665023869853,21.947665023869853,21.947665023869853,0.0,1.4832396974191324,5116.388599393131,102.63137921707961,51.315689608539806,51.315689608539806,51.315689608539806,0.0,2.16794833886788,10323.990953114982
0.0,35.031414473298106,17.515707236649053,17.515707236649053,17.515707236649053,0.0,0.7071067811865476,4106.120857938792,105.45710028253195,52.72855014126598,52.72855014126598,52.72855014126598,0.0,2.6076809620810595,9569.669654695506,74.26169941497433,37.130849707487165,37.130849707487165,37.130849707487165,0.0,2.387467277262665,8270.968546669732,80.61513505539763,40.307567527698815,40.307567527698815,40.307567527698815,0.0,2.0493901531919194,7825.158771552178,26.20686932847951,13.103434664239755,13.103434664239755,13.103434664239755,0.0,1.8165902124584952,2431.9801191621614,76.83228488077131,38.416142440385656,38.416142440385656,38.416142440385656,0.0,1.9235384061671346,7228.193778531398,92.18025819013528,46.09012909506764,46.09012909506764,46.09012909506764,0.0,1.6431676725154984,10955.349962461263,73.77533463156911,36.887667315784554,36.887667315784554,36.887667315784554,0.0,3.271085446759225,9942.8589701353,34.888393485513205,17.444196742756603,17.444196742756603,17.444196742756603,0.0,0.8944271909999159,5242.4411584680665,78.00512803655924,39.00256401827962,39.00256401827962,39.00256401827962,0.0,3.286335345030997,8377.662335043111,113.21307345002167,56.606536725010834,56.606536725010834,56.606536725010834,0.0,3.1144823004794873,11385.585777640077,95.38343671728336,47.69171835864168,47.69171835864168,47.69171835864168,0.0,1.816590212458495,9593.239270444577,38.81752181682906,19.40876090841453,19.40876090841453,19.40876090841453,0.0,2.5099800796022267,2547.8856920984504,105.56514576317318,52.78257288158659,52.78257288158659,52.78257288158659,0.0,1.8708286933869707,10365.276952402188,80.95677859203639,40.47838929601819,40.47838929601819,40.47838929601819,0.0,1.6431676725154984,8608.47549221115,65.12449615927943,32.562248079639716,32.562248079639716,32.562248079639716,0.0,1.5165750888103102,7209.571256323083,113.59049255989693,56.795246279948465,56.795246279948465,56.795246279948465,0.0,1.6733200530681511,12475.323254328923,77.80231359027829,38.901156795139144,38.901156795139144,38.901156795139144,0.0,2.1908902300206643,10009.85972928692,43.895330047739705,21.947665023869853,21.947665023869853,21.947665023869853,0.0,1.4832396974191324,5112.2570064502825,102.51829105091443,51.259145525457214,51.259145525457214,51.259145525457214,0.0,2.16794833886788,10321.910981015095
0.0,35.20227265390688,17.60113632695344,17.60113632695344,17.60113632695344,0.0,0.7071067811865476,4105.519516455865,104.95141733202081,52.475708666010405,52.475708666010405,52.475708666010405,0.0,2.6076809620810595,9567.709511685647,73.83765976789893,36.91882988394946,36.91882988394946,36.91882988394946,0.0,2.23606797749979,8271.883963160994,82.90958931269651,41.454794656348255,41.454794656348255,41.454794656348255,0.0,2.0493901531919194,7822.3680365986365,26.48018126826174,13.24009063413087,13.24009063413087,13.24009063413087,0.0,1.8165902124584952,2427.425838208039,77.18808198161165,38.59404099080582,38.59404099080582,38.59404099080582,0.0,1.9235384061671346,7227.11703931796,92.64340235548346,46.32170117774173,46.32170117774173,46.32170117774173,0.0,1.6431676725154984,10955.26658735423,73.35666295572611,36.678331477863054,36.678331477863054,36.678331477863054,0.0,3.271085446759225,9939.88718245836,34.397674339989905,17.198837169994952,17.198837169994952,17.198837169994952,0.0,0.8944271909999159,5241.518358262231,78.00512803655924,39.00256401827962,39.00256401827962,39.00256401827962,0.0,3.286335345030997,8376.049504390481,113.21307345002167,56.606536725010834,56.606536725010834,56.606536725010834,0.0,3.1144823004794873,11382.51445419684,94.68474005878667,47.34237002939334,47.34237002939334,47.34237002939334,0.0,1.816590212458495,9594.706170592199,38.97691624538811,19.488458122694055,19.488458122694055,19.488458122694055,0.0,2.5099800796022267,2547.9250773914055,105.89995278563632,52.94997639281816,52.94997639281816,52.94997639281816,0.0,1.8708286933869707,10367.46624301232,82.53968742368727,41.269843711843635,41.269843711843635,41.269843711843635,0.0,1.8165902124584952,8799.791008881972,64.53526167917815,32.267630839589074,32.267630839589074,32.267630839589074,0.0,1.3038404810405297,7204.399745988559,113.59049255989693,56.795246279948465,56.795246279948465,56.795246279948465,0.0,1.6733200530681511,12474.623212746748,77.80231359027829,38.901156795139144,38.901156795139144,38.901156795139144,0.0,2.1908902300206643,10006.983276692332,44.429719783046124,22.214859891523062,22.214859891523062,22.214859891523062,0.0,1.5165750888103102,5112.433324748597,103.1561922523316,51.5780961261658,51.5780961261658,51.5780961261658,0.0,2.16794833886788,10318.924774413272
0.0,35.20227265390688,17.60113632695344,17.60113632695344,17.60113632695344,0.0,0.7071067811865476,4105.621426775732,105.51208461593392,52.75604230796696,52.75604230796696,52.75604230796696,0.0,2.6076809620810595,9570.767278541465,73.79159843776254,36.89579921888127,36.89579921888127,36.89579921888127,0.0,2.23606797749979,8279.539528258803,82.90958931269651,41.454794656348255,41.454794656348255,41.454794656348255,0.0,2.0493901531919194,7824.658407879541,26.660832695172893,13.330416347586446,13.330416347586446,13.330416347586446,0.0,1.8165902124584952,2423.4511135981265,76.61070421292314,38.30535210646157,38.30535210646157,38.30535210646157,0.0,1.9235384061671346,7226.785682445551,92.64340235548346,46.32170117774173,46.32170117774173,46.32170117774173,0.0,1.6431676725154984,10955.501663547864,74.07563702054813,37.037818510274064,37.037818510274064,37.037818510274064,0.0,3.271085446759225,9940.17987764809,34.911316216951775,17.455658108475888,17.455658108475888,17.455658108475888,0.0,0.8944271909999159,5240.468042074105,78.00512803655924,39.00256401827962,39.00256401827962,39.00256401827962,0.0,3.286335345030997,8374.140988782074,113.4953743550811,56.74768717754055,56.74768717754055,56.74768717754055,0.0,3.1304951684997055,11382.25365646013,94.37160589923221,47.185802949616104,47.185802949616104,47.185802949616104,0.0,1.816590212458495,9595.147091108089,38.97691624538811,19.488458122694055,19.488458122694055,19.488458122694055,0.0,2.5099800796022267,2546.3129815480265,105.60871176186178,52.80435588093089,52.80435588093089,52.80435588093089,0.0,1.8708286933869707,10366.734408674702,83.05901516391825,41.52950758195912,41.52950758195912,41.52950758195912,0.0,1.8165902124584952,8799.001858165504,64.19657311726226,32.09828655863113,32.09828655863113,32.09828655863113,0.0,1.3038404810405297,7201.933469562184,113.53942046707832,56.76971023353916,56.76971023353916,56.76971023353916,0.0,1.6733200530681511,12475.398658960763,77.65822557849233,38.82911278924617,38.82911278924617,38.82911278924617,0.0,2.1908902300206643,10010.893891156773,43.66692111885151,21.833460559425756,21.833460559425756,21.833460559425756,0.0,1.5165750888103102,5112.12575158319,102.90189502628219,51.450947513141095,51.450947513141095,51.450947513141095,0.0,2.16794833886788,10320.140250984965
0.0,35.87199464763564,17.93599732381782,17.93599732381782,17.93599732381782,0.0,0.7071067811865476,4104.15920743823,105.46658238513278,52.73329119256639,52.73329119256639,52.73329119256639,0.0,2.6076809620810595,9570.365128875701,74.42311468891907,37.211557344459536,37.211557344459536,37.211557344459536,0.0,2.23606797749979,8284.66675853652,82.42087114317587,41.21043557158794,41.21043557158794,41.21043557158794,0.0,2.0493901531919194,7826.5108126163095,26.000000000000004,13.000000000000002,13.000000000000002,13.000000000000002,0.0,1.8165902124584952,2426.430856216595,76.62375610735877,38.311878053679386,38.311878053679386,38.311878053679386,0.0,1.9235384061671346,7229.27075852053,92.64340235548346,46.32170117774173,46.32170117774173,46.32170117774173,0.0,1.6431676725154984,10954.826790050129,74.07563702054813,37.037818510274064,37.037818510274064,37.037818510274064,0.0,3.271085446759225,9937.817818817168,34.246167668806386,17.123083834403193,17.123083834403193,17.123083834403193,0.0,0.8944271909999159,5238.415552435679,78.7222967144633,39.36114835723165,39.36114835723165,39.36114835723165,0.0,3.714835124201342,8450.582394131188,113.39664898047032,56.69832449023516,56.69832449023516,56.69832449023516,0.0,3.1304951684997055,11381.236105977241,94.37160589923221,47.185802949616104,47.185802949616104,47.185802949616104,0.0,1.816590212458495,9600.319619679336,38.97691624538811,19.488458122694055,19.488458122694055,19.488458122694055,0.0,2.5099800796022267,2547.5083905651813,104.98952328684992,52.49476164342496,52.49476164342496,52.49476164342496,0.0,1.8708286933869707,10366.306367265053,82.97710527609408,41.48855263804704,41.48855263804704,41.48855263804704,0.0,1.8165902124584952,8796.201265319025,64.41428413015238,32.20714206507619,32.20714206507619,32.20714206507619,0.0,1.3038404810405297,7201.223000296546,113.17773632654084,56.58886816327042,56.58886816327042,56.58886816327042,0.0,1.6733200530681511,12473.820132581679,77.43384273042376,38.71692136521188,38.71692136521188,38.71692136521188,0.0,2.1908902300206643,10005.899534774473,43.520110293977886,21.760055146988943,21.760055146988943,21.760055146988943,0.0,1.5165750888103102,5113.107685155868,103.06696852047216,51.53348426023608,51.53348426023608,51.53348426023608,0.0,2.16794833886788,10318.93481421411
0.0,35.87199464763564,17.93599732381782,17.93599732381782,17.93599732381782,0.0,0.7071067811865476,4104.408690664222,105.21026565882246,52.60513282941123,52.60513282941123,52.60513282941123,0.0,2.6076809620810595,9574.721964631663,75.61216833288145,37.806084166440726,37.806084166440726,37.806084166440726,0.0,2.5884358211089564,8287.531278975664,81.45428165541699,40.727140827708496,40.727140827708496,40.727140827708496,0.0,1.816590212458495,7826.739314682712,26.623298067669978,13.311649033834989,13.311649033834989,13.311649033834989,0.0,1.8165902124584952,2425.908840002031,76.14985226512262,38.07492613256131,38.07492613256131,38.07492613256131,0.0,1.9235384061671346,7232.547324421735,92.64340235548346,46.32170117774173,46.32170117774173,46.32170117774173,0.0,1.6431676725154984,10953.56742344703,73.5255057786072,36.7627528893036,36.7627528893036,36.7627528893036,0.0,2.9154759474226504,9942.23763546215,34.60057802985378,17.30028901492689,17.30028901492689,17.30028901492689,0.0,0.8944271909999159,5239.27585645192,78.7222967144633,39.36114835723165,39.36114835723165,39.36114835723165,0.0,3.714835124201342,8467.3281913482,113.39664898047032,56.69832449023516,56.69832449023516,56.69832449023516,0.0,3.1304951684997055,11386.079606256053,94.37160589923221,47.185802949616104,47.185802949616104,47.185802949616104,0.0,1.816590212458495,9597.46178945246,38.55904563134311,19.279522815671555,19.279522815671555,19.279522815671555,0.0,2.5099800796022267,2548.8784396279084,105.32426121269496,52.66213060634748,52.66213060634748,52.66213060634748,0.0,1.8708286933869707,10366.297569527898,83.85225101331507,41.926125506657534,41.926125506657534,41.926125506657534,0.0,1.8165902124584952,8799.765519603348,64.41428413015238,32.20714206507619,32.20714206507619,32.20714206507619,0.0,1.3038404810405297,7202.966284802394,113.00796432110437,56.503982160552184,56.503982160552184,56.503982160552184,0.0,1.6733200530681511,12472.929086625963,20.268201696253172,10.134100848126586,10.134100848126586,10.134100848126586,0.0,2.6076809620810595,1646.8655986448923,44.42071588797281,22.210357943986406,22.210357943986406,22.210357943986406,0.0,1.5165750888103102,5112.7498960931,103.06696852047216,51.53348426023608,51.53348426023608,51.53348426023608,0.0,2.16794833886788,10319.856331364308
0.0,35.87199464763564,17.93599732381782,17.93599732381782,17.93599732381782,0.0,0.7071067811865476,4101.060192194209,105.21026565882246,52.60513282941123,52.60513282941123,52.60513282941123,0.0,2.6076809620810595,9570.586904678314,75.36046708984757,37.68023354492379,37.68023354492379,37.68023354492379,0.0,2.5884358211089564,8285.500057329069,82.40631043797556,41.20315521898778,41.20315521898778,41.20315521898778,0.0,1.816590212458495,7828.525097360294,26.623298067669978,13.311649033834989,13.311649033834989,13.311649033834989,0.0,1.8165902124584952,2425.2098465905997,75.78126417525641,37.890632087628205,37.890632087628205,37.890632087628205,0.0,1.9235384061671346,7233.927149204642,92.64340235548346,46.32170117774173,46.32170117774173,46.32170117774173,0.0,1.6431676725154984,10954.613854445075,74.51979602763282,37.25989801381641,37.25989801381641,37.25989801381641,0.0,3.646916505762094,10012.684694925732,34.60057802985378,17.30028901492689,17.30028901492689,17.30028901492689,0.0,0.8944271909999159,5241.1660725453075,77.85114000449833,38.92557000224917,38.92557000224917,38.92557000224917,0.0,3.286335345030997,8466.470616496581,113.6837719289785,56.84188596448925,56.84188596448925,56.84188596448925,0.0,3.1304951684997055,11388.541478170064,94.37160589923221,47.185802949616104,47.185802949616104,47.185802949616104,0.0,1.816590212458495,9596.368495425757,38.55904563134311,19.279522815671555,19.279522815671555,19.279522815671555,0.0,2.5099800796022267,2547.8289385278595,105.1912543893265,52.59562719466325,52.59562719466325,52.59562719466325,0.0,1.8708286933869707,10363.56368726511,83.05901516391825,41.52950758195912,41.52950758195912,41.52950758195912,0.0,1.6431676725154982,8801.391009380279,64.41428413015238,32.20714206507619,32.20714206507619,32.20714206507619,0.0,1.3038404810405297,7198.282802168862,113.00796432110437,56.503982160552184,56.503982160552184,56.503982160552184,0.0,1.6733200530681511,12472.736760631165,20.376457003120045,10.188228501560022,10.188228501560022,10.188228501560022,0.0,2.1908902300206647,1647.2983032832883,44.42071588797281,22.210357943986406,22.210357943986406,22.210357943986406,0.0,1.5165750888103102,5113.113366628986,102.68398122394748,51.34199061197374,51.34199061197374,51.34199061197374,0.0,2.16794833886788,10319.860769409634
0.0,35.87199464763564,17.93599732381782,17.93599732381782,17.93599732381782,0.0,0.7071067811865476,4099.249467890433,105.17033802360815,52.585169011804076,52.585169011804076,52.585169011804076,0.0,2.6076809620810595,9566.86355081957,75.36046708984757,37.68023354492379,37.68023354492379,37.68023354492379,0.0,2.5884358211089564,8286.876836299669,82.40631043797556,41.20315521898778,41.20315521898778,41.20315521898778,0.0,1.816590212458495,7828.050855736695,26.623298067669978,13.311649033834989,13.311649033834989,13.311649033834989,0.0,1.8165902124584952,2425.74580284085,75.30737015724291,37.65368507862146,37.65368507862146,37.65368507862146,0.0,1.9235384061671346,7232.715098771691,92.71461589199407,46.357307945997036,46.357307945997036,46.357307945997036,0.0,1.6431676725154984,10950.190514324397,74.43923696546062,37.21961848273031,37.21961848273031,37.21961848273031,0.0,3.271085446759225,10019.263930049952,35.139721114431175,17.569860557215588,17.569860557215588,17.569860557215588,0.0,0.8944271909999159,5246.649092516099,77.85114000449833,38.92557000224917,38.92557000224917,38.92557000224917,0.0,3.286335345030997,8467.067278579992,113.72422784965393,56.862113924826964,56.862113924826964,56.862113924826964,0.0,3.1304951684997055,11387.050482895032,94.37160589923221,47.185802949616104,47.185802949616104,47.185802949616104,0.0,1.816590212458495,9595.574266295895,38.1680494654888,19.0840247327444,19.0840247327444,19.0840247327444,0.0,2.2803508501982757,2550.9384155639664,105.40398474441088,52.70199237220544,52.70199237220544,52.70199237220544,0.0,1.8708286933869707,10365.254203346873,90.00666641977136,45.00333320988568,45.00333320988568,45.00333320988568,0.0,3.1144823004794873,9355.44351166742,63.623894882347464,31.811947441173732,31.811947441173732,31.811947441173732,0.0,1.3038404810405297,7201.3033889706385,112.60017761975334,56.30008880987667,56.30008880987667,56.30008880987667,0.0,1.6733200530681511,12469.594147365022,20.376457003120045,10.188228501560022,10.188228501560022,10.188228501560022,0.0,2.1908902300206647,1645.7338788516204,45.60701700396552,22.80350850198276,22.80350850198276,22.80350850198276,0.0,1.5165750888103102,5117.2437209888685,103.04756183432968,51.52378091716484,51.52378091716484,51.52378091716484,0.0,2.16794833886788,10312.22380478624
0.0,34.322004603461025,17.161002301730512,17.161002301730512,17.161002301730512,0.0,0.7071067811865476,4103.674353551948,105.15702544290609,52.578512721453045,52.578512721453045,52.578512721453045,0.0,2.6076809620810595,9569.975585130822,75.96578177047874,37.98289088523937,37.98289088523937,37.98289088523937,0.0,2.5884358211089564,8286.127545482268,82.42087114317587,41.21043557158794,41.21043557158794,41.21043557158794,0.0,1.816590212458495,7827.428013083225,26.623298067669978,13.311649033834989,13.311649033834989,13.311649033834989,0.0,1.8165902124584952,2431.553351255119,75.2276544895559,37.61382724477795,37.61382724477795,37.61382724477795,0.0,1.9493588689617927,7232.057432017531,93.09564973724605,46.547824868623024,46.547824868623024,46.547824868623024,0.0,1.6431676725154984,10949.92087642646,75.14519279368442,37.57259639684221,37.57259639684221,37.57259639684221,0.0,3.5355339059327378,10014.680638942013,34.9857113690718,17.4928556845359,17.4928556845359,17.4928556845359,0.0,0.8944271909999159,5247.307328525746,77.26577508832743,38.632887544163715,38.632887544163715,38.632887544163715,0.0,2.8635642126552705,8466.002108433473,114.2068299183547,57.10341495917735,57.10341495917735,57.10341495917735,0.0,3.1304951684997055,11389.90067998839,93.82323805966195,46.91161902983097,46.91161902983097,46.91161902983097,0.0,1.816590212458495,9596.746610179931,38.03682426281143,19.018412131405714,19.018412131405714,19.018412131405714,0.0,2.2803508501982757,2549.510580484027,105.40398474441088,52.70199237220544,52.70199237220544,52.70199237220544,0.0,1.8708286933869707,10368.019323863165,90.15542135667715,45.077710678338576,45.077710678338576,45.077710678338576,0.0,2.738612787525831,9354.208106515483,64.39565202713611,32.197826013568054,32.197826013568054,32.197826013568054,0.0,1.3038404810405297,7199.992861107572,112.24615806342773,56.123079031713864,56.123079031713864,56.123079031713864,0.0,1.6733200530681511,12469.721769149462,20.376457003120045,10.188228501560022,10.188228501560022,10.188228501560022,0.0,2.1908902300206647,1647.665226919595,46.531709618280736,23.265854809140368,23.265854809140368,23.265854809140368,0.0,1.5165750888103102,5120.990792805626,103.04756183432968,51.52378091716484,51.52378091716484,51.52378091716484,0.0,2.16794833886788,10312.355778385461
0.0,34.831020656879986,17.415510328439993,17.415510328439993,17.415510328439993,0.0,0.7071067811865476,4105.9045532014015,105.15702544290609,52.578512721453045,52.578512721453045,52.578512721453045,0.0,2.6076809620810595,9568.07542298868,75.96578177047874,37.98289088523937,37.98289088523937,37.98289088523937,0.0,2.5884358211089564,8288.302057719662,82.44513327055758,41.22256663527879,41.22256663527879,41.22256663527879,0.0,1.816590212458495,7826.506455628845,35.541525009487145,17.770762504743573,17.770762504743573,17.770762504743573,0.0,2.0736441353327724,3523.7444998183396,74.75827713370607,37.37913856685304,37.37913856685304,37.37913856685304,0.0,1.9493588689617927,7232.076098880598,93.09564973724605,46.547824868623024,46.547824868623024,46.547824868623024,0.0,1.6431676725154984,10952.009299667345,75.11324783285568,37.55662391642784,37.55662391642784,37.55662391642784,0.0,3.5355339059327378,10017.34816206365,35.50774563387544,17.75387281693772,17.75387281693772,17.75387281693772,0.0,0.8944271909999159,5247.918063384755,77.26577508832743,38.632887544163715,38.632887544163715,38.632887544163715,0.0,2.8635642126552705,8466.188380847665,114.2068299183547,57.10341495917735,57.10341495917735,57.10341495917735,0.0,3.1304951684997055,11392.095667610942,93.82323805966195,46.91161902983097,46.91161902983097,46.91161902983097,0.0,1.816590212458495,9596.442481461554,38.7556447501522,19.3778223750761,19.3778223750761,19.3778223750761,0.0,2.2803508501982757,2553.3952494668742,105.44761732727773,52.72380866363886,52.72380866363886,52.72380866363886,0.0,1.8708286933869707,10370.369385899425,90.10660353159473,45.053301765797364,45.053301765797364,45.053301765797364,0.0,2.738612787525831,9353.256422230708,73.63966322573725,36.819831612868626,36.819831612868626,36.819831612868626,0.0,1.7888543819998317,8474.695139059575,112.07675941068247,56.038379705341235,56.038379705341235,56.038379705341235,0.0,1.6733200530681511,12467.841493217662,21.04281350010022,10.52140675005011,10.52140675005011,10.52140675005011,0.0,2.6076809620810595,1726.618863559645,47.04465963316134,23.52232981658067,23.52232981658067,23.52232981658067,0.0,1.5165750888103102,5118.281674546644,103.31118042109479,51.655590210547395,51.655590210547395,51.655590210547395,0.0,2.16794833886788,10309.93495129819
0.0,34.831020656879986,17.415510328439993,17.415510328439993,17.415510328439993,0.0,0.7071067811865476,4105.351909398268,105.1227853512263,52.56139267561315,52.56139267561315,52.56139267561315,0.0,2.6076809620810595,9568.51458168926,75.48509786706248,37.74254893353124,37.74254893353124,37.74254893353124,0.0,2.5884358211089564,8289.252740748107,82.44513327055758,41.22256663527879,41.22256663527879,41.22256663527879,0.0,1.816590212458495,7825.355551027697,35.608987629529715,17.804493814764857,17.804493814764857,17.804493814764857,0.0,2.0736441353327724,3522.415549023142,75.98684096605149,37.993420483025744,37.993420483025744,37.993420483025744,0.0,1.816590212458495,7235.3648283966995,93.17295745010996,46.58647872505498,46.58647872505498,46.58647872505498,0.0,1.6431676725154984,10956.777071748791,74.27785672729121,37.138928363645604,37.138928363645604,37.138928363645604,0.0,3.5355339059327378,10013.92915892658,35.5696499842211,17.78482499211055,17.78482499211055,17.78482499211055,0.0,0.8944271909999159,5243.917552746229,77.76117283066144,38.88058641533072,38.88058641533072,38.88058641533072,0.0,3.286335345030997,8483.476156623532,114.34509171800947,57.172545859004735,57.172545859004735,57.172545859004735,0.0,3.1304951684997055,11383.330940458509,94.51560717680441,47.257803588402204,47.257803588402204,47.257803588402204,0.0,1.816590212458495,9598.850957276085,38.1680494654888,19.0840247327444,19.0840247327444,19.0840247327444,0.0,2.2803508501982757,2551.9926136256745,104.7893124321369,52.39465621606845,52.39465621606845,52.39465621606845,0.0,1.8708286933869707,10367.221459966986,90.10660353159473,45.053301765797364,45.053301765797364,45.053301765797364,0.0,2.738612787525831,9353.369900736312,73.62879871354686,36.81439935677343,36.81439935677343,36.81439935677343,0.0,1.7888543819998317,8474.049828741863,111.91425289032671,55.957126445163354,55.957126445163354,55.957126445163354,0.0,1.6733200530681511,12468.374220402593,20.268201696253172,10.134100848126586,10.134100848126586,10.134100848126586,0.0,2.1908902300206647,1723.4567589585763,47.45524207081869,23.727621035409346,23.727621035409346,23.727621035409346,0.0,1.5165750888103102,5118.341948326626,102.90189502628219,51.450947513141095,51.450947513141095,51.450947513141095,0.0,2.16794833886788,10307.165502697626
0.0,34.91704454847231,17.458522274236156,17.458522274236156,17.458522274236156,0.0,0.7071067811865476,4103.263664450531,104.81793739623004,52.40896869811502,52.40896869811502,52.40896869811502,0.0,2.6076809620810595,9569.418644828953,75.3179925383039,37.65899626915195,37.65899626915195,37.65899626915195,0.0,2.5884358211089564,8291.135748496705,82.75264346230881,41.376321731154405,41.376321731154405,41.376321731154405,0.0,1.816590212458495,7826.776680089959,35.31005522510549,17.655027612552747,17.655027612552747,17.655027612552747,0.0,1.9493588689617924,3522.409402667441,75.98684096605149,37.993420483025744,37.993420483025744,37.993420483025744,0.0,1.816590212458495,7233.241721386063,92.38614614756912,46.19307307378456,46.19307307378456,46.19307307378456,0.0,1.6431676725154984,10954.967512503175,74.3989247234125,37.19946236170625,37.19946236170625,37.19946236170625,0.0,3.8078865529319543,10064.362140741954,35.5696499842211,17.78482499211055,17.78482499211055,17.78482499211055,0.0,0.8944271909999159,5243.595741473593,77.30976652402981,38.654883262014906,38.654883262014906,38.654883262014906,0.0,2.9154759474226504,8479.820357767021,114.45173655301173,57.225868276505864,57.225868276505864,57.225868276505864,0.0,3.1304951684997055,11381.742652160081,94.68474005878667,47.34237002939334,47.34237002939334,47.34237002939334,0.0,1.816590212458495,9595.062912769254,37.88403357616504,18.94201678808252,18.94201678808252,18.94201678808252,0.0,2.2803508501982757,2547.490863575373,104.7893124321369,52.39465621606845,52.39465621606845,52.39465621606845,0.0,1.8708286933869707,10366.130946500723,89.54328562209452,44.77164281104726,44.77164281104726,44.77164281104726,0.0,2.738612787525831,9358.65159625039,73.62879871354686,36.81439935677343,36.81439935677343,36.81439935677343,0.0,1.7888543819998317,8474.283214526171,111.35169509262084,55.67584754631042,55.67584754631042,55.67584754631042,0.0,1.6733200530681511,12466.061699670832,20.1791972090071,10.08959860450355,10.08959860450355,10.08959860450355,0.0,2.280350850198276,1726.1102224365627,56.380847812000844,28.190423906000422,28.190423906000422,28.190423906000422,0.0,1.816590212458495,5752.068393195616,103.5412961093302,51.7706480546651,51.7706480546651,51.7706480546651,0.0,2.16794833886788,10308.232714680049
0.0,34.9857113690718,17.4928556845359,17.4928556845359,17.4928556845359,0.0,0.7071067811865476,4101.219208967012,104.60019120441416,52.30009560220708,52.30009560220708,52.30009560220708,0.0,2.3021728866442674,9569.07392070936,75.16116018263688,37.58058009131844,37.58058009131844,37.58058009131844,0.0,2.5884358211089564,8291.500780920183,82.9168257954922,41.4584128977461,41.4584128977461,41.4584128977461,0.0,1.816590212458495,7827.4269718726855,35.230668458035254,17.615334229017627,17.615334229017627,17.615334229017627,0.0,1.9493588689617924,3525.9233258821723,76.81926841619881,38.409634208099405,38.409634208099405,38.409634208099405,0.0,1.816590212458495,7235.106958435376,91.60131003430027,45.800655017150135,45.800655017150135,45.800655017150135,0.0,1.6431676725154984,10955.495940394483,73.47652686402644,36.73826343201322,36.73826343201322,36.73826343201322,0.0,3.420526275297414,10064.40064285996,36.122015447646326,18.061007723823163,18.061007723823163,18.061007723823163,0.0,0.8944271909999159,5243.187456118654,77.30976652402981,38.654883262014906,38.654883262014906,38.654883262014906,0.0,2.9154759474226504,8477.769476696098,114.37307375427137,57.18653687713569,57.18653687713569,57.18653687713569,0.0,3.1304951684997055,11379.455193461592,94.14244526248508,47.07122263124254,47.07122263124254,47.07122263124254,0.0,1.51657508881031,9601.152186066003,37.83120405168199,18.915602025840997,18.915602025840997,18.915602025840997,0.0,2.2803508501982757,2550.7839579235247,105.02761541613711,52.513807708068555,52.513807708068555,52.513807708068555,0.0,1.8708286933869707,10365.472116599418,89.5365847014504,44.7682923507252,44.7682923507252,44.7682923507252,0.0,2.738612787525831,9356.479850884092,73.99189144764445,36.995945723822224,36.995945723822224,36.995945723822224,0.0,1.7888543819998317,8470.09269724954,110.45361017187261,55.226805085936306,55.226805085936306,55.226805085936306,0.0,1.51657508881031,12467.47303185373,20.1791972090071,10.08959860450355,10.08959860450355,10.08959860450355,0.0,2.280350850198276,1725.695222222047,56.54378834142615,28.271894170713075,28.271894170713075,28.271894170713075,0.0,1.816590212458495,5753.6166017558035,103.5412961093302,51.7706480546651,51.7706480546651,51.7706480546651,0.0,2.16794833886788,10307.864424797213
0.0,34.31034829318991,17.155174146594955,17.155174146594955,17.155174146594955,0.0,0.7071067811865476,4103.226267219491,104.60019120441416,52.30009560220708,52.30009560220708,52.30009560220708,0.0,2.3021728866442674,9572.18051438647,75.16116018263688,37.58058009131844,37.58058009131844,37.58058009131844,0.0,2.5884358211089564,8293.325750264486,82.45483612257077,41.227418061285384,41.227418061285384,41.227418061285384,0.0,1.816590212458495,7828.473618784188,35.230668458035254,17.615334229017627,17.615334229017627,17.615334229017627,0.0,1.9493588689617924,3524.6708073237137,76.81926841619881,38.409634208099405,38.409634208099405,38.409634208099405,0.0,1.816590212458495,7237.96208887557,90.89994499448281,45.449972497241404,45.449972497241404,45.449972497241404,0.0,1.7320508075688772,10952.271750646074,73.08898685848641,36.544493429243204,36.544493429243204,36.544493429243204,0.0,3.420526275297414,10063.102667666668,35.6931365951495,17.84656829757475,17.84656829757475,17.84656829757475,0.0,0.8944271909999159,5243.963882408039,77.5112895003044,38.7556447501522,38.7556447501522,38.7556447501522,0.0,2.9154759474226504,8477.62801141923,114.37307375427137,57.18653687713569,57.18653687713569,57.18653687713569,0.0,3.1304951684997055,11379.77777463163,93.71232576347681,46.856162881738406,46.856162881738406,46.856162881738406,0.0,1.51657508881031,9600.912508714991,37.83120405168199,18.915602025840997,18.915602025840997,18.915602025840997,0.0,2.2803508501982757,2554.037646551045,104.44137111317526,52.22068555658763,52.22068555658763,52.22068555658763,0.0,1.8708286933869707,10368.688393427588,90.0932849883941,45.04664249419705,45.04664249419705,45.04664249419705,0.0,2.738612787525831,9353.139927318525,73.99189144764445,36.995945723822224,36.995945723822224,36.995945723822224,0.0,1.7888543819998317,8469.638758530376,109.805282204455,54.9026411022275,54.9026411022275,54.9026411022275,0.0,1.51657508881031,12464.90259488617,20.11964214393487,10.059821071967434,10.059821071967434,10.059821071967434,0.0,2.280350850198276,1725.3947954019104,56.15336143099539,28.076680715497695,28.076680715497695,28.076680715497695,0.0,1.816590212458495,5745.871848553534,103.14649775925501,51.573248879627506,51.573248879627506,51.573248879627506,0.0,2.16794833886788,10309.484046255662
0.0,34.2227994179319,17.11139970896595,17.11139970896595,17.11139970896595,0.0,0.7071067811865476,4104.31653262757,104.29765098025936,52.14882549012968,52.14882549012968,52.14882549012968,0.0,2.3021728866442674,9575.389772745546,74.26169941497434,37.13084970748717,37.13084970748717,37.13084970748717,0.0,2.3021728866442674,8291.44588114763,82.45483612257077,41.227418061285384,41.227418061285384,41.227418061285384,0.0,1.816590212458495,7829.559802441004,35.31005522510549,17.655027612552747,17.655027612552747,17.655027612552747,0.0,1.9493588689617924,3522.097429089661,76.81926841619881,38.409634208099405,38.409634208099405,38.409634208099405,0.0,1.816590212458495,7237.163636397895,91.14384235920713,45.571921179603564,45.571921179603564,45.571921179603564,0.0,1.7320508075688772,10951.989536152782,72.55894155788107,36.279470778940535,36.279470778940535,36.279470778940535,0.0,3.0495901363953815,10062.3612785469,36.260170986910694,18.130085493455347,18.130085493455347,18.130085493455347,0.0,0.8944271909999159,5245.628541938516,77.72258359061412,38.86129179530706,38.86129179530706,38.86129179530706,0.0,2.9154759474226504,8478.7119481676,114.98695578194946,57.49347789097473,57.49347789097473,57.49347789097473,0.0,3.1304951684997055,11382.158437660231,93.88716632213371,46.943583161066854,46.943583161066854,46.943583161066854,0.0,1.51657508881031,9601.500184866945,37.83120405168199,18.915602025840997,18.915602025840997,18.915602025840997,0.0,2.2803508501982757,2554.7832980509324,104.44137111317526,52.22068555658763,52.22068555658763,52.22068555658763,0.0,1.8708286933869707,10366.518861218552,90.0932849883941,45.04664249419705,45.04664249419705,45.04664249419705,0.0,2.738612787525831,9355.283838558827,73.98648525237566,36.99324262618783,36.99324262618783,36.99324262618783,0.0,1.7888543819998317,8469.012616592325,109.805282204455,54.9026411022275,54.9026411022275,54.9026411022275,0.0,1.51657508881031,12464.248806085348,20.9093280618962,10.4546640309481,10.4546640309481,10.4546640309481,0.0,2.16794833886788,1725.0400864907458,56.15336143099539,28.076680715497695,28.076680715497695,28.076680715497695,0.0,1.816590212458495,5745.252936120393,102.47341118553632,51.23670559276816,51.23670559276816,51.23670559276816,0.0,2.16794833886788,10307.040443308642
0.0,33.448467827390836,16.724233913695418,16.724233913695418,16.724233913695418,0.0,0.7071067811865476,4106.089684846155,104.60019120441416,52.30009560220708,52.30009560220708,52.30009560220708,0.0,2.3021728866442674,9576.95497013534,74.14310487159275,37.07155243579638,37.07155243579638,37.07155243579638,0.0,2.3021728866442674,8292.992963942512,81.97560612767678,40.98780306383839,40.98780306383839,40.98780306383839,0.0,1.51657508881031,7830.048703552233,34.420923869065454,17.210461934532727,17.210461934532727,17.210461934532727,0.0,1.6431676725154982,3517.4415844474233,76.81926841619881,38.409634208099405,38.409634208099405,38.409634208099405,0.0,1.816590212458495,7243.2421746066175,91.22938123214472,45.61469061607236,45.61469061607236,45.61469061607236,0.0,1.7320508075688772,10949.77025786386,77.58350340117414,38.79175170058707,38.79175170058707,38.79175170058707,0.0,3.9115214431215892,10261.039942422989,35.95552808679077,17.977764043395386,17.977764043395386,17.977764043395386,0.0,0.8944271909999159,5244.288016499475,77.44159089274962,38.72079544637481,38.72079544637481,38.72079544637481,0.0,2.9154759474226504,8477.206497425906,114.98695578194946,57.49347789097473,57.49347789097473,57.49347789097473,0.0,3.1304951684997055,11388.010669120398,94.07018656301263,47.03509328150631,47.03509328150631,47.03509328150631,0.0,1.51657508881031,9601.783256249852,37.97367509209505,18.986837546047525,18.986837546047525,18.986837546047525,0.0,2.2803508501982757,2556.5785730151147,104.14797165571684,52.07398582785842,52.07398582785842,52.07398582785842,0.0,1.8708286933869707,10363.664038360179,91.36301220953696,45.68150610476848,45.68150610476848,45.68150610476848,0.0,2.3874672772626644,9387.353338401617,73.87015635559464,36.93507817779732,36.93507817779732,36.93507817779732,0.0,1.7888543819998317,8468.564016407976,110.39384040787783,55.196920203938916,55.196920203938916,55.196920203938916,0.0,1.51657508881031,12461.982197868845,20.9093280618962,10.4546640309481,10.4546640309481,10.4546640309481,0.0,2.16794833886788,1723.7651232113963,55.40758070878028,27.70379035439014,27.70379035439014,27.70379035439014,0.0,1.816590212458495,5746.678240514254,102.83968105745953,51.419840528729765,51.419840528729765,51.419840528729765,0.0,2.16794833886788,10308.267313181203
0.0,33.72239611889997,16.861198059449986,16.861198059449986,16.861198059449986,0.0,0.7071067811865476,4109.641140051039,104.09226676367463,52.046133381837315,52.046133381837315,52.046133381837315,0.0,2.3021728866442674,9578.27979336582,72.75987905432498,36.37993952716249,36.37993952716249,36.37993952716249,0.0,2.3021728866442674,8296.501383113246,81.50337416328234,40.75168708164117,40.75168708164117,40.75168708164117,0.0,1.51657508881031,7831.993724461225,34.71599055190562,17.35799527595281,17.35799527595281,17.35799527595281,0.0,1.6431676725154982,3522.7617007115314,76.34919776919729,38.174598884598645,38.174598884598645,38.174598884598645,0.0,1.816590212458495,7247.048619955575,91.61877536837086,45.80938768418543,45.80938768418543,45.80938768418543,0.0,1.7320508075688772,10951.144848827451,76.6472439165297,38.32362195826485,38.32362195826485,38.32362195826485,0.0,3.3911649915626345,10260.330486880039,37.98947222586805,18.994736112934024,18.994736112934024,18.994736112934024,0.0,0.8944271909999159,4150.1221066373455,77.44159089274962,38.72079544637481,38.72079544637481,38.72079544637481,0.0,2.9154759474226504,8477.207659365198,114.17004861170902,57.08502430585451,57.08502430585451,57.08502430585451,0.0,3.1304951684997055,11388.679607399621,93.68030742904295,46.84015371452148,46.84015371452148,46.84015371452148,0.0,1.51657508881031,9605.419511921382,37.69350076604719,18.846750383023593,18.846750383023597,18.846750383023597,0.0,2.2803508501982757,2556.141467133617,104.14797165571684,52.07398582785842,52.07398582785842,52.07398582785842,0.0,1.8708286933869707,10367.463793040224,91.94128561206875,45.97064280603438,45.97064280603438,45.97064280603438,0.0,2.3874672772626644,9387.936860673915,73.87015635559464,36.93507817779732,36.93507817779732,36.93507817779732,0.0,1.7888543819998317,8468.09035733559,110.39384040787783,55.196920203938916,55.196920203938916,55.196920203938916,0.0,1.51657508881031,12464.518033201284,20.639767440550294,10.319883720275147,10.319883720275147,10.319883720275147,0.0,2.16794833886788,1724.2222884535508,54.79781017522507,27.398905087612533,27.398905087612533,27.398905087612533,0.0,1.51657508881031,5744.890033760437,102.86496002040734,51.43248001020367,51.43248001020367,51.43248001020367,0.0,2.16794833886788,10307.177436136433
0.0,33.72239611889997,16.861198059449986,16.861198059449986,16.861198059449986,0.0,0.7071067811865476,4104.684458030849,104.09226676367463,52.046133381837315,52.046133381837315,52.046133381837315,0.0,2.3021728866442674,9584.039482389458,73.21748425068974,36.60874212534487,36.60874212534487,36.60874212534487,0.0,2.3021728866442674,8295.664849787509,82.17785589804592,41.08892794902296,41.08892794902296,41.08892794902296,0.0,1.51657508881031,7834.953222578933,34.71599055190562,17.35799527595281,17.35799527595281,17.35799527595281,0.0,1.6431676725154982,3522.2857919254648,76.05787270230479,38.028936351152396,38.028936351152396,38.028936351152396,0.0,1.816590212458495,7242.436074968146,91.61877536837086,45.80938768418543,45.80938768418543,45.80938768418543,0.0,1.7320508075688772,10947.7242246962,76.42774365372826,38.21387182686413,38.21387182686413,38.21387182686413,0.0,3.3911649915626345,10259.02041132583,37.79947089576784,18.89973544788392,18.89973544788392,18.89973544788392,0.0,0.8944271909999159,4149.9884698635005,77.5680346534576,38.7840173267288,38.7840173267288,38.7840173267288,0.0,2.4899799195977463,8473.080874156696,113.77521698507104,56.88760849253552,56.88760849253552,56.88760849253552,0.0,3.1304951684997055,11390.465319731236,93.68030742904295,46.84015371452148,46.84015371452148,46.84015371452148,0.0,1.51657508881031,9598.986654850605,37.587231874667225,18.793615937333616,18.793615937333612,18.793615937333612,0.0,2.2803508501982757,2557.2136203297528,103.56254149063744,51.78127074531872,51.78127074531872,51.78127074531872,0.0,1.8708286933869707,10365.1950874067,91.94128561206875,45.97064280603438,45.97064280603438,45.97064280603438,0.0,2.3874672772626644,9384.953984969772,72.9328458240867,36.46642291204335,36.46642291204335,36.46642291204335,0.0,1.7888543819998317,8469.26276012263,110.33585092797354,55.16792546398677,55.16792546398677,55.16792546398677,0.0,1.51657508881031,12463.305813466988,21.52208168370337,10.761040841851685,10.761040841851685,10.761040841851685,0.0,2.5495097567963922,1840.8692783573742,54.94724742878391,27.473623714391955,27.473623714391955,27.473623714391955,0.0,1.51657508881031,5744.684151456892,102.86496002040734,51.43248001020367,51.43248001020367,51.43248001020367,0.0,2.16794833886788,10306.468997673257
0.0,34.39185950192284,17.19592975096142,17.19592975096142,17.19592975096142,0.0,0.7071067811865476,4104.3920621695,104.91329753658493,52.45664876829247,52.45664876829247,52.45664876829247,0.0,2.3021728866442674,9581.352524565622,73.6831052548683,36.84155262743415,36.84155262743415,36.84155262743415,0.0,2.3021728866442674,8287.946199149703,81.71413586399846,40.85706793199923,40.85706793199923,40.85706793199923,0.0,1.51657508881031,7835.379110164357,34.44996371551064,17.22498185775532,17.22498185775532,17.22498185775532,0.0,1.6431676725154982,3522.95404454841,75.59100475585703,37.795502377928514,37.795502377928514,37.795502377928514,0.0,1.816590212458495,7238.49191475683,91.61877536837086,45.80938768418543,45.80938768418543,45.80938768418543,0.0,1.7320508075688772,10949.143770176735,76.42774365372826,38.21387182686413,38.21387182686413,38.21387182686413,0.0,3.3911649915626345,10254.459015472245,38.34057902536163,19.170289512680814,19.170289512680814,19.170289512680814,0.0,0.8944271909999159,4151.887101066212,77.2916554357584,38.6458277178792,38.6458277178792,38.6458277178792,0.0,2.4899799195977463,8473.711772299079,112.72444277972724,56.36222138986362,56.36222138986362,56.36222138986362,0.0,2.701851217221259,11387.008443836336,93.78059500770935,46.890297503854676,46.890297503854676,46.890297503854676,0.0,1.51657508881031,9598.237999758081,38.50714219466306,19.25357109733153,19.25357109733153,19.25357109733153,0.0,2.2803508501982757,2560.9984966805428,103.19883720275146,51.59941860137573,51.59941860137573,51.59941860137573,0.0,1.4832396974191324,10366.27207823526,91.94128561206875,45.97064280603438,45.97064280603438,45.97064280603438,0.0,2.3874672772626644,9383.310759001855,72.4762029910508,36.2381014955254,36.2381014955254,36.2381014955254,0.0,1.7888543819998317,8468.35106735662,109.5226004074045,54.76130020370225,54.76130020370225,54.76130020370225,0.0,1.51657508881031,12470.865294758018,22.108821768696767,11.054410884348384,11.054410884348384,11.054410884348384,0.0,2.5495097567963922,1844.5248710711385,55.11079749014707,27.555398745073536,27.555398745073536,27.555398745073536,0.0,1.51657508881031,5745.184218108241,103.23371542282105,51.616857711410525,51.616857711410525,51.616857711410525,0.0,2.16794833886788,10304.830639074084
0.0,33.61547262794322,16.80773631397161,16.80773631397161,16.80773631397161,0.0,0.7071067811865476,4107.361537532337,104.89041900955492,52.44520950477746,52.44520950477746,52.44520950477746,0.0,2.3021728866442674,9583.174614917543,73.6831052548683,36.84155262743415,36.84155262743415,36.84155262743415,0.0,2.3021728866442674,8286.446270869075,81.98048548282695,40.990242741413475,40.990242741413475,40.990242741413475,0.0,1.51657508881031,7834.147388197391,34.04115156689033,17.020575783445164,17.020575783445164,17.020575783445164,0.0,1.6431676725154982,3527.0329315162344,74.84116514325522,37.42058257162761,37.42058257162761,37.42058257162761,0.0,1.816590212458495,7238.278925269459,91.61877536837086,45.80938768418543,45.80938768418543,45.80938768418543,0.0,1.7320508075688772,10945.222062617095,77.14402115523924,38.57201057761962,38.57201057761962,38.57201057761962,0.0,3.3911649915626345,10255.279211216046,38.06835956539236,19.03417978269618,19.03417978269618,19.03417978269618,0.0,0.8944271909999159,4151.187504799079,77.23211767134188,38.61605883567094,38.61605883567094,38.61605883567094,0.0,2.4899799195977463,8472.792438151662,112.72444277972724,56.36222138986362,56.36222138986362,56.36222138986362,0.0,2.701851217221259,11385.768770706702,93.34452313874661,46.672261569373305,46.672261569373305,46.672261569373305,0.0,1.51657508881031,9598.070655084803,38.43435962781219,19.217179813906096,19.217179813906096,19.217179813906096,0.0,2.2803508501982757,2560.289300059663,103.19883720275146,51.59941860137573,51.59941860137573,51.59941860137573,0.0,1.4832396974191324,10367.086895555569,92.78577477178277,46.392887385891385,46.392887385891385,46.392887385891385,0.0,2.3874672772626644,9380.942527273046,72.4762029910508,36.2381014955254,36.2381014955254,36.2381014955254,0.0,1.7888543819998317,8467.56614972685,109.5226004074045,54.76130020370225,54.76130020370225,54.76130020370225,0.0,1.51657508881031,12471.232429074522,22.135943621178658,11.067971810589329,11.067971810589329,11.067971810589329,0.0,2.5495097567963922,1844.4141346237834,55.774546165791435,27.887273082895717,27.887273082895717,27.887273082895717,0.0,1.51657508881031,5742.303083258494,102.84357053311597,51.42178526655798,51.42178526655798,51.42178526655798,0.0,2.073644135332772,10307.557242140352
0.0,33.61547262794322,16.80773631397161,16.80773631397161,16.80773631397161,0.0,0.7071067811865476,4109.549951028701,105.66550998315391,52.832754991576955,52.832754991576955,52.832754991576955,0.0,2.3021728866442674,9583.712469601747,74.74489949153721,37.372449745768606,37.372449745768606,37.372449745768606,0.0,2.3021728866442674,8290.35621671349,81.98048548282695,40.990242741413475,40.990242741413475,40.990242741413475,0.0,1.51657508881031,7838.492616568571,33.9587985653203,16.97939928266015,16.97939928266015,16.97939928266015,0.0,1.5811388300841893,3532.057431582901,75.1398695766768,37.5699347883384,37.5699347883384,37.5699347883384,0.0,1.816590212458495,7238.478445087752,92.0152161329853,46.00760806649265,46.00760806649265,46.00760806649265,0.0,1.7320508075688772,10946.239788164701,76.67333304350346,38.33666652175173,38.33666652175173,38.33666652175173,0.0,3.1144823004794873,10257.67943055348,37.587231874667225,18.793615937333612,18.793615937333612,18.793615937333612,0.0,0.8944271909999159,4147.387949059022,76.91033740661915,38.455168703309575,38.455168703309575,38.455168703309575,0.0,2.5099800796022262,8466.660486874385,112.72444277972724,56.36222138986362,56.36222138986362,56.36222138986362,0.0,2.701851217221259,11386.97740842582,93.34452313874661,46.672261569373305,46.672261569373305,46.672261569373305,0.0,1.51657508881031,9600.800227064408,37.85762802923606,18.92881401461803,18.92881401461803,18.92881401461803,0.0,2.0,2564.8275770507457,103.55095364119057,51.77547682059529,51.77547682059529,51.77547682059529,0.0,1.4832396974191324,10367.397923297822,92.07605551933683,46.03802775966842,46.03802775966842,46.03802775966842,0.0,2.3874672772626644,9383.497759364576,73.32121111929344,36.66060555964672,36.66060555964672,36.66060555964672,0.0,1.7888543819998317,8467.800806584906,109.35629840114377,54.67814920057189,54.67814920057189,54.67814920057189,0.0,1.51657508881031,12470.146238116055,22.063544592834578,11.031772296417289,11.031772296417289,11.031772296417289,0.0,2.5495097567963922,1843.4476667375181,54.79781017522507,27.398905087612533,27.398905087612533,27.398905087612533,0.0,1.51657508881031,5737.173415541838,103.12128781197411,51.56064390598706,51.56064390598706,51.56064390598706,0.0,2.073644135332772,10304.768231260712
0.0,33.61547262794322,16.80773631397161,16.80773631397161,16.80773631397161,0.0,0.7071067811865476,4111.685505969541,105.66550998315391,52.832754991576955,52.832754991576955,52.832754991576955,0.0,2.3021728866442674,9581.287700512912,74.69404260046447,37.347021300232235,37.347021300232235,37.347021300232235,0.0,2.3021728866442674,8287.82758025286,81.98048548282695,40.990242741413475,40.990242741413475,40.990242741413475,0.0,1.51657508881031,7839.370969663319,33.59761896325393,16.798809481626964,16.798809481626964,16.798809481626964,0.0,1.5811388300841893,3528.0381658933343,75.15849918671873,37.579249593359364,37.579249593359364,37.579249593359364,0.0,1.816590212458495,7239.970773421672,91.87600339588134,45.93800169794067,45.93800169794067,45.93800169794067,0.0,1.7320508075688772,10947.065976781176,76.67333304350346,38.33666652175173,38.33666652175173,38.33666652175173,0.0,3.1144823004794873,10259.485367210189,37.93151723830725,18.965758619153625,18.965758619153625,18.965758619153625,0.0,0.8944271909999159,4145.273609787417,76.3072735720521,38.15363678602605,38.15363678602605,38.15363678602605,0.0,2.5099800796022262,8467.263885104798,112.63214461245067,56.31607230622534,56.31607230622534,56.31607230622534,0.0,2.701851217221259,11385.98171876277,59.77624946414755,29.888124732073774,29.888124732073774,29.888124732073774,0.0,1.30384048104053,6822.212493025998,38.03682426281143,19.018412131405714,19.018412131405714,19.018412131405714,0.0,2.0,2565.3599162690602,102.83384656814117,51.416923284070585,51.416923284070585,51.416923284070585,0.0,1.4832396974191324,10366.62596026306,92.51594457173316,46.25797228586658,46.25797228586658,46.25797228586658,0.0,2.073644135332772,9388.38892994959,73.32121111929344,36.66060555964672,36.66060555964672,36.66060555964672,0.0,1.7888543819998317,8468.554640551125,109.07795377618706,54.53897688809353,54.53897688809353,54.53897688809353,0.0,1.51657508881031,12468.587101191539,21.335416564951338,10.667708282475669,10.667708282475669,10.667708282475669,0.0,2.16794833886788,1849.1430988433535,54.79781017522507,27.398905087612533,27.398905087612533,27.398905087612533,0.0,1.51657508881031,5735.503003224739,102.73655629813567,51.368278149067834,51.368278149067834,51.368278149067834,0.0,2.073644135332772,10303.708152893307
0.0,33.61547262794322,16.80773631397161,16.80773631397161,16.80773631397161,0.0,0.7071067811865476,4116.457919133876,105.66550998315391,52.832754991576955,52.832754991576955,52.832754991576955,0.0,2.3021728866442674,9581.12254905447,74.69404260046447,37.347021300232235,37.347021300232235,37.347021300232235,0.0,2.3021728866442674,8287.339361942408,81.98048548282695,40.990242741413475,40.990242741413475,40.990242741413475,0.0,1.51657508881031,7843.110530905452,32.385181796618035,16.192590898309017,16.192590898309017,16.192590898309017,0.0,1.5811388300841893,3526.670923122825,74.87322618933953,37.43661309466977,37.43661309466977,37.43661309466977,0.0,1.816590212458495,7239.313144214719,91.76491704349762,45.88245852174881,45.88245852174881,45.88245852174881,0.0,1.7320508075688772,10948.562385080519,76.67333304350346,38.33666652175173,38.33666652175173,38.33666652175173,0.0,3.1144823004794873,10260.405537794302,37.560617673302445,18.780308836651223,18.780308836651223,18.780308836651223,0.0,0.8944271909999159,4143.776381514814,76.26270385975047,38.13135192987524,38.13135192987524,38.13135192987524,0.0,2.5099800796022262,8467.023544315913,112.10352358422995,56.051761792114974,56.051761792114974,56.051761792114974,0.0,2.701851217221259,11385.482949791809,59.39023488756379,29.695117443781896,29.695117443781896,29.695117443781896,0.0,1.30384048104053,6821.981002612071,37.693500766047194,18.846750383023597,18.846750383023597,18.846750383023597,0.0,2.0,2568.45221874965,97.51512703165596,48.75756351582798,48.75756351582798,48.75756351582798,0.0,1.6733200530681507,9323.09613272329,92.51594457173316,46.25797228586658,46.25797228586658,46.25797228586658,0.0,2.073644135332772,9386.51142864057,73.32121111929344,36.66060555964672,36.66060555964672,36.66060555964672,0.0,1.7888543819998317,8466.9053201273,108.5504491008674,54.2752245504337,54.2752245504337,54.2752245504337,0.0,1.3038404810405297,12466.5591604099,22.86482013924448,11.43241006962224,11.43241006962224,11.43241006962224,0.0,3.082207001484488,1944.8610490212404,55.774546165791435,27.887273082895717,27.887273082895717,27.887273082895717,0.0,1.6431676725154984,5732.910403974582,101.67202171689122,50.83601085844561,50.83601085844561,50.83601085844561,0.0,2.073644135332772,10306.16522766834
0.0,33.89985250705377,16.949926253526886,16.949926253526886,16.949926253526886,0.0,0.7071067811865476,4113.4453928549965,107.27907531294255,53.639537656471276,53.639537656471276,53.639537656471276,0.0,2.3021728866442674,9576.362477475464,75.16116018263688,37.58058009131844,37.58058009131844,37.58058009131844,0.0,2.3021728866442674,8281.964634070831,81.75084097426766,40.87542048713383,40.87542048713383,40.87542048713383,0.0,1.51657508881031,7843.683363063556,32.385181796618035,16.192590898309017,16.192590898309017,16.192590898309017,0.0,1.5811388300841893,3527.6591813835985,74.87322618933953,37.43661309466977,37.43661309466977,37.43661309466977,0.0,1.816590212458495,7243.151075326263,91.39584235620349,45.697921178101744,45.697921178101744,45.697921178101744,0.0,1.7320508075688772,10948.88545469355,75.75486783039094,37.87743391519547,37.87743391519547,37.87743391519547,0.0,3.1144823004794873,10261.817650884272,38.13135192987524,19.06567596493762,19.06567596493762,19.06567596493762,0.0,0.8944271909999159,4143.260829346857,76.58459375096272,38.29229687548136,38.29229687548136,38.29229687548136,0.0,2.5099800796022262,8465.654889020694,112.57530812749303,56.287654063746515,56.287654063746515,56.287654063746515,0.0,2.701851217221259,11384.877900091858,59.39023488756379,29.695117443781896,29.695117443781896,29.695117443781896,0.0,1.30384048104053,6821.010716895261,37.693500766047194,18.846750383023597,18.846750383023597,18.846750383023597,0.0,2.0,2565.326626377234,97.51512703165596,48.75756351582798,48.75756351582798,48.75756351582798,0.0,1.6733200530681507,9325.198855788545,91.81503144910424,45.90751572455212,45.90751572455212,45.90751572455212,0.0,2.073644135332772,9381.856042383084,74.16737827373973,37.083689136869864,37.083689136869864,37.083689136869864,0.0,1.7888543819998317,8468.205169928278,108.27372719178001,54.136863595890006,54.136863595890006,54.136863595890006,0.0,1.3038404810405297,12464.095221876316,24.372115213907882,12.186057606953941,12.186057606953941,12.186057606953941,0.0,3.082207001484488,1941.1923397747064,56.593285820846276,28.296642910423138,28.296642910423138,28.296642910423138,0.0,1.6431676725154984,5729.034412534105,101.67202171689122,50.83601085844561,50.83601085844561,50.83601085844561,0.0,2.073644135332772,10302.741688502143
0.0,33.89985250705377,16.949926253526886,16.949926253526886,16.949926253526886,0.0,0.7071067811865476,4112.597330155239,106.77640188730842,53.38820094365421,53.38820094365421,53.38820094365421,0.0,2.3021728866442674,9577.0308655658,75.59100475585703,37.795502377928514,37.795502377928514,37.795502377928514,0.0,2.3021728866442674,8284.741607316428,82.08044834185544,41.04022417092772,41.04022417092772,41.04022417092772,0.0,1.414213562373095,8058.534370467126,32.385181796618035,16.192590898309017,16.192590898309017,16.192590898309017,0.0,1.5811388300841893,3528.0090419385265,83.6253550067203,41.81267750336015,41.81267750336015,41.81267750336015,0.0,3.420526275297414,7925.13966438447,91.39584235620349,45.697921178101744,45.697921178101744,45.697921178101744,0.0,1.7320508075688772,10947.629104057189,75.75486783039094,37.87743391519547,37.87743391519547,37.87743391519547,0.0,3.1144823004794873,10260.323108947397,38.714338429062686,19.357169214531343,19.357169214531343,19.357169214531343,0.0,0.8944271909999159,4144.230628234872,76.98571296026296,38.49285648013148,38.49285648013148,38.49285648013148,0.0,2.5099800796022262,8466.403031984717,112.57530812749303,56.287654063746515,56.287654063746515,56.287654063746515,0.0,2.701851217221259,11383.61367053538,59.319474036778175,29.659737018389087,29.659737018389087,29.659737018389087,0.0,1.30384048104053,6819.280555894441,37.110645372992366,18.555322686496183,18.555322686496183,18.555322686496183,0.0,2.0,2567.0439614467064,98.37072735321215,49.18536367660607,49.18536367660607,49.18536367660607,0.0,1.6733200530681507,9324.49528392824,92.22364122067617,46.111820610338086,46.111820610338086,46.111820610338086,0.0,2.073644135332772,9378.595817071979,73.91346291441093,36.956731457205464,36.956731457205464,36.956731457205464,0.0,1.7888543819998317,8468.964564809561,107.77198151653332,53.88599075826666,53.88599075826666,53.88599075826666,0.0,1.3038404810405297,12460.749748710952,24.355697485393435,12.177848742696717,12.177848742696717,12.177848742696717,0.0,2.701851217221259,1943.2134468451993,55.992856687259675,27.996428343629837,27.996428343629837,27.996428343629837,0.0,1.6431676725154984,5729.789376582703,101.67202171689122,50.83601085844561,50.83601085844561,50.83601085844561,0.0,2.073644135332772,10301.16846770307
0.0,34.72751070837067,17.363755354185336,17.363755354185336,17.363755354185336,0.0,0.8366600265340757,4108.081182255288,106.48380158502982,53.24190079251491,53.24190079251491,53.24190079251491,0.0,2.3021728866442674,9575.703509403369,76.05787270230479,38.028936351152396,38.028936351152396,38.028936351152396,0.0,2.3021728866442674,8282.499079384193,81.79731046923243,40.898655234616214,40.898655234616214,40.898655234616214,0.0,1.414213562373095,8058.805848263129,33.05752561823102,16.52876280911551,16.52876280911551,16.52876280911551,0.0,1.5811388300841893,3524.7096618019477,83.41942219891001,41.709711099455006,41.709711099455006,41.709711099455006,0.0,3.420526275297414,7926.1294904890365,91.0494371207203,45.52471856036015,45.52471856036015,45.52471856036015,0.0,1.3038404810405297,10945.568340657328,74.61903242471053,37.30951621235526,37.30951621235526,37.30951621235526,0.0,2.6076809620810595,10259.91068187243,39.2071422064909,19.60357110324545,19.60357110324545,19.60357110324545,0.0,1.30384048104053,4145.969633270364,77.44159089274962,38.72079544637481,38.72079544637481,38.72079544637481,0.0,2.5099800796022262,8467.33008096413,112.48466562158595,56.24233281079297,56.24233281079297,56.24233281079297,0.0,2.701851217221259,11386.35003853298,60.3390420871926,30.1695210435963,30.1695210435963,30.1695210435963,0.0,1.30384048104053,6815.964297148276,37.110645372992366,18.555322686496183,18.555322686496183,18.555322686496183,0.0,2.0,2567.4366983433106,99.20685460188727,49.603427300943636,49.603427300943636,49.603427300943636,0.0,1.6733200530681507,9327.513505752753,92.22364122067617,46.111820610338086,46.111820610338086,46.111820610338086,0.0,2.073644135332772,9380.445207984532,74.63779203593847,37.31889601796924,37.31889601796924,37.31889601796924,0.0,1.7888543819998317,8469.047998447051,108.21644976619774,54.10822488309887,54.10822488309887,54.10822488309887,0.0,1.4142135623730951,12461.510851417655,24.470390270692455,12.235195135346228,12.235195135346228,12.235195135346228,0.0,2.701851217221259,1985.6086472414447,55.40036100965408,27.70018050482704,27.70018050482704,27.70018050482704,0.0,1.6431676725154984,5729.2533283142575,100.60815076324582,50.30407538162291,50.30407538162291,50.30407538162291,0.0,1.6733200530681511,10299.51051264088
0.0,35.34402354005554,17.67201177002777,17.67201177002777,17.67201177002777,0.0,0.8366600265340757,4108.26258897846,105.71092658755762,52.85546329377881,52.85546329377881,52.85546329377881,0.0,2.3021728866442674,9574.318252491925,76.61070421292314,38.30535210646157,38.30535210646157,38.30535210646157,0.0,2.3021728866442674,8280.044667753913,80.50590040487715,40.252950202438576,40.252950202438576,40.252950202438576,0.0,1.414213562373095,8056.164316844586,32.984845004941285,16.492422502470642,16.492422502470642,16.492422502470642,0.0,1.5811388300841893,3525.6265116997292,87.65158298627584,43.82579149313792,43.82579149313792,43.82579149313792,0.0,3.03315017762062,8226.602384946047,91.0494371207203,45.52471856036015,45.52471856036015,45.52471856036015,0.0,1.3038404810405297,10940.667653301603,73.26117662172783,36.630588310863914,36.630588310863914,36.630588310863914,0.0,2.6076809620810595,10257.175230052375,39.14077158156185,19.570385790780925,19.570385790780925,19.570385790780925,0.0,1.2247448713915892,4143.782330190619,77.18030836942802,38.59015418471401,38.59015418471401,38.59015418471401,0.0,2.5099800796022262,8466.344913833833,112.48466562158595,56.24233281079297,56.24233281079297,56.24233281079297,0.0,2.701851217221259,11385.97031438252,60.73878497303021,30.369392486515103,30.369392486515103,30.369392486515103,0.0,1.30384048104053,6812.278642275285,37.110645372992366,18.555322686496183,18.555322686496183,18.555322686496183,0.0,2.0,2562.9609829258034,98.73601166747622,49.36800583373811,49.36800583373811,49.36800583373811,0.0,1.6733200530681507,9327.019958164557,92.81810168280755,46.409050841403776,46.409050841403776,46.409050841403776,0.0,2.073644135332772,9379.908272472605,74.63779203593847,37.31889601796924,37.31889601796924,37.31889601796924,0.0,1.7888543819998317,8473.906696441729,108.1480466767662,54.0740233383831,54.0740233383831,54.0740233383831,0.0,1.4142135623730951,12458.874848877807,24.96397404260788,12.48198702130394,12.48198702130394,12.48198702130394,0.0,2.701851217221259,1985.8203594484573,54.81605604200288,27.40802802100144,27.40802802100144,27.40802802100144,0.0,1.6431676725154984,5725.70246345372,101.35679552945624,50.67839776472812,50.67839776472812,50.67839776472812,0.0,1.6733200530681511,10298.020620488192
0.0,34.56587912956938,17.28293956478469,17.28293956478469,17.28293956478469,0.0,0.8366600265340757,4108.02413576162,105.71092658755762,52.85546329377881,52.85546329377881,52.85546329377881,0.0,2.3021728866442674,9570.11706824948,76.4539076829955,38.22695384149775,38.22695384149775,38.22695384149775,0.0,2.3021728866442674,8278.565080978708,80.50590040487715,40.252950202438576,40.252950202438576,40.252950202438576,0.0,1.414213562373095,8057.540487022079,32.984845004941285,16.492422502470642,16.492422502470642,16.492422502470642,0.0,1.5811388300841893,3527.2058771781385,87.3040663428686,43.6520331714343,43.6520331714343,43.6520331714343,0.0,3.03315017762062,8229.67713218447,91.47021373102831,45.735106865514155,45.735106865514155,45.735106865514155,0.0,1.3038404810405297,10938.270864263694,76.6159252375118,38.3079626187559,38.3079626187559,38.3079626187559,0.0,3.1937438845342627,10358.05734681943,40.28399185780873,20.141995928904365,20.141995928904365,20.141995928904365,0.0,1.2247448713915892,4141.491736077714,79.38009826146602,39.69004913073301,39.69004913073301,39.69004913073301,0.0,2.5099800796022262,8470.37987341772,112.40106761058811,56.20053380529406,56.20053380529406,56.20053380529406,0.0,2.701851217221259,11385.278037887349,60.17308368365377,30.086541841826886,30.086541841826886,30.086541841826886,0.0,1.30384048104053,6813.256453414916,37.85762802923606,18.92881401461803,18.92881401461803,18.92881401461803,0.0,2.0,2559.7891514732223,98.75829079120396,49.37914539560198,49.37914539560198,49.37914539560198,0.0,1.6733200530681507,9327.986615556434,93.39593138889937,46.697965694449685,46.697965694449685,46.697965694449685,0.0,2.073644135332772,9379.227404216192,73.74822031751003,36.874110158755016,36.874110158755016,36.874110158755016,0.0,1.7888543819998317,8471.332085333452,108.6425331074345,54.32126655371725,54.32126655371725,54.32126655371725,0.0,1.4142135623730951,12455.751013086285,25.00399968005119,12.501999840025595,12.501999840025595,12.501999840025595,0.0,2.701851217221259,1984.401471476979,54.972720507539016,27.486360253769508,27.486360253769508,27.486360253769508,0.0,1.6431676725154984,5729.9892408275955,101.36074190730847,50.68037095365423,50.68037095365423,50.68037095365423,0.0,1.6733200530681511,10297.92623298497
0.0,33.7934904974316,16.8967452487158,16.8967452487158,16.8967452487158,0.0,0.8366600265340757,4108.298881532355,104.44520094288679,52.22260047144339,52.22260047144339,52.22260047144339,0.0,2.3021728866442674,9567.986684773345,76.92073842599277,38.46036921299638,38.46036921299638,38.46036921299638,0.0,2.3021728866442674,8277.083647034142,80.17979795434758,40.08989897717379,40.08989897717379,40.08989897717379,0.0,1.414213562373095,8056.816784562003,32.91200388915874,16.45600194457937,16.45600194457937,16.45600194457937,0.0,1.5811388300841893,3525.767902173937,88.0954028312488,44.0477014156244,44.0477014156244,44.0477014156244,0.0,3.03315017762062,8223.963430122973,91.96303605253581,45.981518026267906,45.981518026267906,45.981518026267906,0.0,1.3038404810405297,10938.94491255898,76.12358373066786,38.06179186533393,38.06179186533393,38.06179186533393,0.0,2.8809720581775866,10355.845851498563,39.43095230906806,19.71547615453403,19.71547615453403,19.71547615453403,0.0,1.095445115010332,4142.753999454952,78.78578551997816,39.39289275998908,39.39289275998908,39.39289275998908,0.0,2.073644135332772,8470.607563805563,112.40106761058811,56.20053380529406,56.20053380529406,56.20053380529406,0.0,2.701851217221259,11385.7636898014,60.64651680022522,30.32325840011261,30.32325840011261,30.32325840011261,0.0,1.30384048104053,6816.006037262584,37.76241517699841,18.881207588499205,18.881207588499205,18.881207588499205,0.0,2.0,2561.247293800425,98.75829079120396,49.37914539560198,49.37914539560198,49.37914539560198,0.0,1.6733200530681507,9328.78233211602,93.2459114385183,46.62295571925915,46.62295571925915,46.62295571925915,0.0,2.073644135332772,9379.655670652308,74.57345372181713,37.286726860908566,37.286726860908566,37.286726860908566,0.0,1.7888543819998317,8476.022315921544,108.6425331074345,54.32126655371725,54.32126655371725,54.32126655371725,0.0,1.4142135623730951,12454.313437520352,24.26520142096496,12.13260071048248,12.13260071048248,12.13260071048248,0.0,2.280350850198276,1981.1487829034952,54.39485269765881,27.197426348829406,27.197426348829406,27.197426348829406,0.0,1.6431676725154984,5732.66131042119,101.64054309181941,50.820271545909705,50.820271545909705,50.820271545909705,0.0,1.6733200530681511,10296.943551365133
0.0,33.027261466854924,16.513630733427462,16.513630733427462,16.513630733427462,0.0,0.8366600265340757,4112.601694791267,103.95191195932858,51.97595597966429,51.97595597966429,51.97595597966429,0.0,2.3021728866442674,9564.00631534714,76.4591394144611,38.22956970723055,38.22956970723055,38.22956970723055,0.0,2.3021728866442674,8274.41089745971,81.95852609704497,40.97926304852248,40.97926304852248,40.97926304852248,0.0,1.414213562373095,8057.9048951945315,32.29860678109816,16.14930339054908,16.14930339054908,16.14930339054908,0.0,1.4832396974191326,3527.194593441082,88.0954028312488,44.0477014156244,44.0477014156244,44.0477014156244,0.0,3.03315017762062,8223.02768449675,92.39480504876883,46.197402524384415,46.197402524384415,46.197402524384415,0.0,1.3038404810405297,10941.111360369201,76.12358373066786,38.06179186533393,38.06179186533393,38.06179186533393,0.0,2.8809720581775866,10354.544258440348,40.620192023179804,20.310096011589902,20.310096011589902,20.310096011589902,0.0,1.095445115010332,4142.341089287554,78.78578551997816,39.39289275998908,39.39289275998908,39.39289275998908,0.0,2.073644135332772,8469.512571571047,112.8751522701077,56.43757613505385,56.43757613505385,56.43757613505385,0.0,2.701851217221259,11388.493548314456,60.64651680022522,30.32325840011261,30.32325840011261,30.32325840011261,0.0,1.30384048104053,6815.972586505905,38.50714219466306,19.25357109733153,19.25357109733153,19.25357109733153,0.0,2.0,2560.785172559385,98.75829079120396,49.37914539560198,49.37914539560198,49.37914539560198,0.0,1.6733200530681507,9326.90333390456,92.96666069080894,46.48333034540447,46.48333034540447,46.48333034540447,0.0,1.9235384061671346,9381.73361911326,74.43117626371358,37.21558813185679,37.21558813185679,37.21558813185679,0.0,1.7888543819998317,8475.165396616163,107.74970997640783,53.874854988203914,53.874854988203914,53.874854988203914,0.0,1.4142135623730951,12456.246718012615,24.355697485393435,12.177848742696717,12.177848742696717,12.177848742696717,0.0,2.280350850198276,1978.9361283275416,55.074495004493684,27.537247502246842,27.537247502246842,27.537247502246842,0.0,1.6431676725154984,5732.168673373106,101.95096860746347,50.97548430373173,50.97548430373173,50.97548430373173,0.0,1.6733200530681511,10299.480724774428
0.0,33.781651824622195,16.890825912311097,16.890825912311097,16.890825912311097,0.0,0.8366600265340757,4114.563682822275,103.95191195932858,51.97595597966429,51.97595597966429,51.97595597966429,0.0,2.3021728866442674,9563.545697072817,76.00526297566505,38.002631487832524,38.002631487832524,38.002631487832524,0.0,2.3021728866442674,8273.814857730382,82.77197593388719,41.385987966943595,41.385987966943595,41.385987966943595,0.0,1.414213562373095,8054.768575198173,32.29860678109816,16.14930339054908,16.14930339054908,16.14930339054908,0.0,1.4832396974191326,3527.7518761953766,88.0954028312488,44.0477014156244,44.0477014156244,44.0477014156244,0.0,3.03315017762062,8227.610722439413,92.83318372220141,46.416591861100706,46.416591861100706,46.416591861100706,0.0,1.3038404810405297,10940.76728570716,76.12358373066786,38.06179186533393,38.06179186533393,38.06179186533393,0.0,2.8809720581775866,10355.372484850557,40.620192023179804,20.310096011589902,20.310096011589902,20.310096011589902,0.0,1.095445115010332,4141.3436829125885,78.73245836375237,39.366229181876186,39.366229181876186,39.366229181876186,0.0,2.073644135332772,8473.402427596602,113.20247347120998,56.60123673560499,56.60123673560499,56.60123673560499,0.0,2.701851217221259,11383.939507042367,61.194771018445685,30.597385509222843,30.597385509222843,30.597385509222843,0.0,1.30384048104053,6816.13000903005,39.25812017914255,19.629060089571276,19.629060089571276,19.629060089571276,0.0,2.0,2557.025850475509,98.75829079120396,49.37914539560198,49.37914539560198,49.37914539560198,0.0,1.6733200530681507,9329.098257602393,92.96666069080894,46.48333034540447,46.48333034540447,46.48333034540447,0.0,1.9235384061671346,9383.483345751725,74.42311468891906,37.21155734445953,37.21155734445953,37.21155734445953,0.0,1.7888543819998317,8472.560811230569,107.74970997640783,53.874854988203914,53.874854988203914,53.874854988203914,0.0,1.4142135623730951,12457.458950363834,23.55419283269966,11.77709641634983,11.77709641634983,11.77709641634983,0.0,2.280350850198276,1979.0585388007098,55.21956175124898,27.60978087562449,27.60978087562449,27.60978087562449,0.0,1.6431676725154984,5730.1774143563825,101.95096860746347,50.97548430373173,50.97548430373173,50.97548430373173,0.0,1.6733200530681511,10302.358797867604
0.0,33.781651824622195,16.890825912311097,16.890825912311097,16.890825912311097,0.0,0.8366600265340757,4118.806708259081,103.92689738465207,51.96344869232603,51.96344869232603,51.96344869232603,0.0,2.3021728866442674,9561.16492379459,76.00526297566505,38.002631487832524,38.002631487832524,38.002631487832524,0.0,2.3021728866442674,8273.094191413513,84.40379138403677,42.20189569201838,42.20189569201838,42.20189569201838,0.0,1.414213562373095,8054.586593984821,32.29860678109816,16.14930339054908,16.14930339054908,16.14930339054908,0.0,1.4832396974191326,3524.6254410929964,88.0954028312488,44.0477014156244,44.0477014156244,44.0477014156244,0.0,3.03315017762062,8231.11233673797,92.83318372220141,46.416591861100706,46.416591861100706,46.416591861100706,0.0,1.3038404810405297,10945.276789556307,76.12358373066786,38.06179186533393,38.06179186533393,38.06179186533393,0.0,2.8809720581775866,10355.192576673791,41.19223227745736,20.59611613872868,20.59611613872868,20.59611613872868,0.0,1.095445115010332,4140.271392070815,79.47326594522211,39.736632972611055,39.736632972611055,39.736632972611055,0.0,2.073644135332772,8472.01415249054,113.20247347120998,56.60123673560499,56.60123673560499,56.60123673560499,0.0,2.701851217221259,11382.936321529696,61.67008999506973,30.835044997534865,30.835044997534865,30.835044997534865,0.0,1.30384048104053,6814.986148188417,38.69366873275265,19.346834366376324,19.346834366376324,19.346834366376324,0.0,2.0,2556.3002953487294,98.75829079120396,49.37914539560198,49.37914539560198,49.37914539560198,0.0,1.6733200530681507,9330.542883455388,92.96666069080894,46.48333034540447,46.48333034540447,46.48333034540447,0.0,1.9235384061671346,9376.50549511917,75.26752287673615,37.633761438368076,37.633761438368076,37.633761438368076,0.0,1.7888543819998317,8471.893932291645,107.74970997640783,53.874854988203914,53.874854988203914,53.874854988203914,0.0,1.4142135623730951,12459.341563662181,14.548768561863463,7.274384280931732,7.274384280931732,13.322912594474229,0.0,0.9574271077563381,2127.5834883736056,55.21956175124898,27.60978087562449,27.60978087562449,27.60978087562449,0.0,1.6431676725154984,5730.648977210173,102.24871637336089,51.124358186680446,51.124358186680446,51.124358186680446,0.0,1.6733200530681511,10300.024766960514
0.0,33.781651824622195,16.890825912311097,16.890825912311097,16.890825912311097,0.0,0.8366600265340757,4121.028366803606,103.89032678743484,51.94516339371742,51.94516339371742,51.94516339371742,0.0,2.3021728866442674,9561.215769974026,77.9307384797552,38.9653692398776,38.9653692398776,38.9653692398776,0.0,2.5884358211089564,8351.978107011535,84.40379138403677,42.20189569201838,42.20189569201838,42.20189569201838,0.0,1.414213562373095,8058.871366388721,32.29860678109816,16.14930339054908,16.14930339054908,16.14930339054908,0.0,1.4832396974191326,3522.023878397192,87.25365321864753,43.626826609323764,43.626826609323764,43.626826609323764,0.0,3.03315017762062,8230.18017421247,93.13001664340021,46.565008321700105,46.565008321700105,46.565008321700105,0.0,1.3038404810405297,10944.52593765486,76.3753887060485,38.18769435302425,38.18769435302425,38.18769435302425,0.0,2.8809720581775866,10356.932629886129,41.70371686073077,20.851858430365386,20.851858430365386,20.851858430365386,0.0,1.095445115010332,4147.267449779433,79.47326594522211,39.736632972611055,39.736632972611055,39.736632972611055,0.0,2.073644135332772,8471.305625462937,113.61690015134192,56.80845007567096,56.80845007567096,56.80845007567096,0.0,2.701851217221259,11381.768513724042,61.8287958802369,30.91439794011845,30.91439794011845,30.91439794011845,0.0,1.30384048104053,6816.2761241017815,38.141840542899864,19.070920271449932,19.070920271449932,19.070920271449932,0.0,2.0,2561.505358182957,99.37202825745281,49.686014128726406,49.686014128726406,49.686014128726406,0.0,1.4832396974191326,9331.367761480627,93.81471099992794,46.90735549996397,46.90735549996397,46.90735549996397,0.0,1.9235384061671346,9377.292573019144,74.39623646395025,37.19811823197512,37.19811823197512,37.19811823197512,0.0,1.7888543819998317,8471.098169658995,108.26449094693976,54.13224547346988,54.13224547346988,54.13224547346988,0.0,1.4142135623730951,12460.578136667658,26.48018126826174,13.24009063413087,13.24009063413087,13.24009063413087,0.0,3.1304951684997055,2121.386645569355,55.37869626489956,27.68934813244978,27.68934813244978,27.68934813244978,0.0,1.6431676725154984,5731.119236239986,102.55340072372051,51.27670036186026,51.27670036186026,51.27670036186026,0.0,1.6733200530681511,10297.784315084484
0.0,33.781651824622195,16.890825912311097,16.890825912311097,16.890825912311097,0.0,0.8366600265340757,4121.313467815813,103.62046129988033,51.810230649940166,51.810230649940166,51.810230649940166,0.0,2.3021728866442674,9559.513753324487,77.91533866960985,38.957669334804926,38.957669334804926,38.957669334804926,0.0,2.5884358211089564,8354.375422495688,84.55057657993824,42.27528828996912,42.27528828996912,42.27528828996912,0.0,1.414213562373095,8061.838766683442,32.35428874198906,16.17714437099453,16.17714437099453,16.17714437099453,0.0,1.4832396974191326,3525.6764315518235,86.7571322716467,43.37856613582335,43.37856613582335,43.37856613582335,0.0,2.6457513110645907,8232.221285898479,93.19442043384358,46.59721021692179,46.59721021692179,46.59721021692179,0.0,1.3038404810405297,10940.069643288383,75.95524998313151,37.977624991565754,37.977624991565754,37.977624991565754,0.0,2.8809720581775866,10357.3488065238,41.70371686073077,20.851858430365386,20.851858430365386,20.851858430365386,0.0,1.095445115010332,4143.686486692737,78.83653975156444,39.41826987578222,39.41826987578222,39.41826987578222,0.0,2.073644135332772,8469.078255630893,113.8911761287941,56.94558806439705,56.94558806439705,56.94558806439705,0.0,2.701851217221259,11383.5538255854,62.95077441938265,31.475387209691323,31.475387209691323,31.475387209691323,0.0,1.30384048104053,6815.197451284886,38.141840542899864,19.070920271449932,19.070920271449932,19.070920271449932,0.0,2.0,2564.790771193627,98.46420669461568,49.23210334730784,49.23210334730784,49.23210334730784,0.0,1.4832396974191326,9336.574200422765,95.51334985225887,47.756674926129435,47.756674926129435,47.756674926129435,0.0,1.9235384061671346,9381.091834109717,74.39085965358916,37.19542982679458,37.19542982679458,37.19542982679458,0.0,1.7888543819998317,8469.243472707583,108.1905726022374,54.0952863011187,54.0952863011187,54.0952863011187,0.0,1.4142135623730951,12458.227731102044,25.706030420895406,12.853015210447703,12.853015210447703,12.853015210447703,0.0,2.701851217221259,2121.3908645037577,55.37869626489956,27.68934813244978,27.68934813244978,27.68934813244978,0.0,1.6431676725154984,5729.046020063026,102.86496002040734,51.43248001020367,51.43248001020367,51.43248001020367,0.0,1.6733200530681511,10296.631915340084
0.0,34.39185950192284,17.19592975096142,17.19592975096142,17.19592975096142,0.0,0.8366600265340757,4121.8796440459055,103.95191195932858,51.97595597966429,51.97595597966429,51.97595597966429,0.0,2.3021728866442674,9558.213091368072,77.28389224152728,38.64194612076364,38.64194612076364,38.64194612076364,0.0,2.5884358211089564,8351.591207668152,94.71430726136363,47.357153630681815,47.357153630681815,47.357153630681815,0.0,1.6431676725154984,9160.308712046774,32.723080539582455,16.361540269791227,16.361540269791227,16.361540269791227,0.0,1.4832396974191326,3527.0902029860254,86.7571322716467,43.37856613582335,43.37856613582335,43.37856613582335,0.0,2.6457513110645907,8231.260219431773,92.9020990075036,46.4510495037518,46.4510495037518,46.4510495037518,0.0,1.3038404810405297,10935.031101921933,76.21548399111562,38.10774199555781,38.10774199555781,38.10774199555781,0.0,2.8809720581775866,10357.753738142263,41.890333013715704,20.945166506857852,20.945166506857852,20.945166506857852,0.0,1.095445115010332,4143.983892343213,78.83653975156444,39.41826987578222,39.41826987578222,39.41826987578222,0.0,2.073644135332772,8468.133755438681,114.31010454023739,57.155052270118695,57.155052270118695,57.155052270118695,0.0,2.863564212655271,11389.691624447081,62.95077441938265,31.475387209691323,31.475387209691323,31.475387209691323,0.0,1.30384048104053,6816.533231782853,37.21827508093302,18.60913754046651,18.60913754046651,18.60913754046651,0.0,2.0,2567.142711264802,99.30357496082405,49.651787480412025,49.651787480412025,49.651787480412025,0.0,1.4832396974191326,9337.20454418773,94.67206557374777,47.336032786873886,47.336032786873886,47.336032786873886,0.0,1.9235384061671346,9382.494177989134,74.39085965358916,37.19542982679458,37.19542982679458,37.19542982679458,0.0,1.7888543819998317,8469.913458825893,108.51175051578515,54.255875257892576,54.255875257892576,54.255875257892576,0.0,1.4142135623730951,12464.816031534521,25.706030420895406,12.853015210447703,12.853015210447703,12.853015210447703,0.0,2.701851217221259,2118.871680871685,55.48693539924511,27.743467699622556,27.743467699622556,27.743467699622556,0.0,1.6431676725154984,5733.193569032883,103.53743284435828,51.76871642217914,51.76871642217914,51.76871642217914,0.0,1.6733200530681511,10299.681655274595
0.0,34.26368339802363,17.131841699011815,17.131841699011815,17.131841699011815,0.0,0.8944271909999159,4120.550788426227,103.91727479105676,51.95863739552838,51.95863739552838,51.95863739552838,0.0,2.3021728866442674,9557.73086040824,76.85831119664287,38.42915559832144,38.42915559832144,38.42915559832144,0.0,2.5884358211089564,8349.60069105104,94.71430726136363,47.357153630681815,47.357153630681815,47.357153630681815,0.0,1.6431676725154984,9163.419138072863,32.723080539582455,16.361540269791227,16.361540269791227,16.361540269791227,0.0,1.4832396974191326,3525.5562398010334,86.7571322716467,43.37856613582335,43.37856613582335,43.37856613582335,0.0,2.6457513110645907,8233.202366029878,92.39480504876883,46.197402524384415,46.197402524384415,46.197402524384415,0.0,1.3038404810405297,10934.18143712642,76.86871925562438,38.43435962781219,38.43435962781219,38.43435962781219,0.0,2.8809720581775866,10358.104208782608,40.75782133529711,20.378910667648555,20.378910667648555,20.378910667648555,0.0,1.095445115010332,4141.3861447587815,78.83653975156444,39.41826987578222,39.41826987578222,39.41826987578222,0.0,2.073644135332772,8466.198338097212,134.0402924496959,67.02014622484795,67.02014622484795,67.02014622484795,0.0,2.966479394838265,13685.72719295544,63.3340350838315,31.66701754191575,31.66701754191575,31.66701754191575,0.0,1.30384048104053,6817.802079849488,37.21827508093302,18.60913754046651,18.60913754046651,18.60913754046651,0.0,2.0,2572.5459568295373,98.84735707139569,49.423678535697846,49.423678535697846,49.423678535697846,0.0,1.4832396974191326,9337.326507089703,94.67206557374777,47.336032786873886,47.336032786873886,47.336032786873886,0.0,1.9235384061671346,9387.140501771559,74.39085965358916,37.19542982679458,37.19542982679458,37.19542982679458,0.0,1.7888543819998317,8464.68491439581,108.51175051578515,54.255875257892576,54.255875257892576,54.255875257892576,0.0,1.4142135623730951,12464.298127050719,26.130442016927304,13.065221008463652,13.065221008463652,13.065221008463652,0.0,2.1908902300206643,2173.9365906116027,55.48693539924511,27.743467699622556,27.743467699622556,27.743467699622556,0.0,1.6431676725154984,5733.440354621299,103.85952050726982,51.92976025363491,51.92976025363491,51.92976025363491,0.0,1.6733200530681511,10298.961928272189
0.0,34.39185950192284,17.19592975096142,17.19592975096142,17.19592975096142,0.0,0.8944271909999159,4121.086786273738,103.64940906729764,51.82470453364882,51.82470453364882,51.82470453364882,0.0,2.3021728866442674,9551.671387772927,76.81145747868608,38.40572873934304,38.40572873934304,38.40572873934304,0.0,2.5884358211089564,8349.017505072079,94.23375191511798,47.11687595755899,47.11687595755899,47.11687595755899,0.0,1.6431676725154984,9163.392395832452,32.47768464653846,16.23884232326923,16.23884232326923,16.23884232326923,0.0,1.4832396974191326,3524.6493726326876,87.20779781647968,43.60389890823984,43.60389890823984,43.60389890823984,0.0,2.6457513110645907,8228.465391553882,92.48351204403951,46.24175602201976,46.24175602201976,46.24175602201976,0.0,1.51657508881031,10935.171521288543,76.81926841619881,38.409634208099405,38.409634208099405,38.409634208099405,0.0,2.8809720581775866,10359.978267351722,40.36334971233185,20.181674856165927,20.181674856165927,20.181674856165927,0.0,1.095445115010332,4140.807372964842,78.7273777030583,39.36368885152915,39.36368885152915,39.36368885152915,0.0,2.073644135332772,8466.744344788025,134.42172443470588,67.21086221735294,67.21086221735294,67.21086221735294,0.0,2.966479394838265,13683.495368508735,63.26768527455387,31.633842637276935,31.633842637276935,31.633842637276935,0.0,1.30384048104053,6813.988053995986,37.21827508093302,18.60913754046651,18.60913754046651,18.60913754046651,0.0,2.0,2571.5822366784228,98.84735707139569,49.423678535697846,49.423678535697846,49.423678535697846,0.0,1.4832396974191326,9333.244864461663,94.67417810575384,47.33708905287692,47.33708905287692,47.33708905287692,0.0,1.9235384061671346,9386.857125790293,74.3989247234125,37.19946236170625,37.19946236170625,37.19946236170625,0.0,1.7888543819998317,8461.668612041007,107.98703625898806,53.99351812949403,53.99351812949403,53.99351812949403,0.0,1.4142135623730951,12462.861019846127,26.130442016927304,13.065221008463652,13.065221008463652,13.065221008463652,0.0,2.1908902300206643,2176.7804666525285,55.074495004493684,27.537247502246842,27.537247502246842,27.537247502246842,0.0,1.4142135623730951,5728.970701618223,104.1882910887783,52.09414554438915,52.09414554438915,52.09414554438915,0.0,1.6733200530681511,10305.037908712418
0.0,34.39185950192284,17.19592975096142,17.19592975096142,17.19592975096142,0.0,0.8944271909999159,4124.326151021522,103.62046129988033,51.810230649940166,51.810230649940166,51.810230649940166,0.0,2.3021728866442674,9547.51635243428,76.38586256631524,38.19293128315762,38.19293128315762,38.19293128315762,0.0,2.5884358211089564,8346.784249038668,94.23375191511798,47.11687595755899,47.11687595755899,47.11687595755899,0.0,1.6431676725154984,9160.15596482942,32.802438933713454,16.401219466856727,16.401219466856727,16.401219466856727,0.0,1.4832396974191326,3526.7224586009033,87.20779781647968,43.60389890823984,43.60389890823984,43.60389890823984,0.0,2.6457513110645907,8226.609283295276,92.48351204403951,46.24175602201976,46.24175602201976,46.24175602201976,0.0,1.51657508881031,10932.583075376102,76.6159252375118,38.3079626187559,38.3079626187559,38.3079626187559,0.0,2.8809720581775866,10360.486426804486,39.984997186444815,19.992498593222408,19.992498593222408,19.992498593222408,0.0,1.095445115010332,4141.034327314856,78.68163699364675,39.340818496823374,39.340818496823374,39.340818496823374,0.0,2.073644135332772,8463.577712764265,134.8080116313567,67.40400581567835,67.40400581567835,67.40400581567835,0.0,2.966479394838265,13678.886127897988,63.346665263453296,31.673332631726648,31.673332631726648,31.673332631726648,0.0,1.1401754250991378,6813.424373984054,36.138621999185304,18.069310999592652,18.069310999592652,18.069310999592652,0.0,2.0,2569.9479177602025,98.8736567544662,49.4368283772331,49.4368283772331,49.4368283772331,0.0,1.4832396974191326,9333.080504313675,95.5259127148231,47.76295635741155,47.76295635741155,47.76295635741155,0.0,1.9235384061671346,9386.293134139802,74.3989247234125,37.19946236170625,37.19946236170625,37.19946236170625,0.0,1.7888543819998317,8466.49086103564,107.98703625898806,53.99351812949403,53.99351812949403,53.99351812949403,0.0,1.4142135623730951,12457.910029374912,26.1686835740738,13.0843417870369,13.0843417870369,13.0843417870369,0.0,2.1908902300206643,2176.497254765096,54.39485269765881,27.197426348829406,27.197426348829406,27.197426348829406,0.0,1.4142135623730951,5734.159110104986,103.79402680308728,51.89701340154364,51.89701340154364,51.89701340154364,0.0,1.6733200530681511,10300.392240104258
0.0,34.26368339802363,17.131841699011815,17.131841699011815,17.131841699011815,0.0,0.8944271909999159,4124.138067523928,103.62046129988033,51.810230649940166,51.810230649940166,51.810230649940166,0.0,2.3021728866442674,9545.229578171497,75.9025691264795,37.95128456323975,37.95128456323975,37.95128456323975,0.0,2.5884358211089564,8344.910017489703,94.41821858094973,47.20910929047486,47.20910929047486,47.20910929047486,0.0,1.6431676725154984,9164.289104998816,32.802438933713454,16.401219466856727,16.401219466856727,16.401219466856727,0.0,1.4832396974191326,3525.4990426888503,86.87462230133724,43.43731115066862,43.43731115066862,43.43731115066862,0.0,2.6457513110645907,8224.325036135186,92.33200961746691,46.166004808733454,46.166004808733454,46.166004808733454,0.0,1.51657508881031,10932.501808826742,76.6159252375118,38.3079626187559,38.3079626187559,38.3079626187559,0.0,2.8809720581775866,10360.932911663891,39.78944583680451,19.894722918402255,19.894722918402255,19.894722918402255,0.0,0.8944271909999157,4139.982572427087,78.09737511594099,39.048687557970496,39.048687557970496,39.048687557970496,0.0,2.073644135332772,8465.101044878318,134.8109787814034,67.4054893907017,67.4054893907017,67.4054893907017,0.0,2.6832815729997477,13676.096464269327,63.346665263453296,31.673332631726648,31.673332631726648,31.673332631726648,0.0,1.1401754250991378,6809.353104370488,35.89986072396382,17.94993036198191,17.94993036198191,17.94993036198191,0.0,1.9235384061671343,2564.546802068545,99.71358984611877,49.85679492305938,49.85679492305938,49.85679492305938,0.0,1.4832396974191326,9335.809461423256,95.96874491208062,47.98437245604031,47.98437245604031,47.98437245604031,0.0,1.9235384061671346,9384.73797183491,74.26169941497434,37.13084970748717,37.13084970748717,37.13084970748717,0.0,1.7888543819998317,8467.675625577542,115.59757782929536,57.79878891464768,57.79878891464768,57.79878891464768,0.0,1.9493588689617927,13077.723834826917,27.509998182479038,13.754999091239519,13.754999091239519,13.754999091239519,0.0,2.588435821108957,2241.0082106052178,54.39485269765881,27.197426348829406,27.197426348829406,27.197426348829406,0.0,1.4142135623730951,5732.543571574489,103.11546925655723,51.55773462827862,51.55773462827862,51.55773462827862,0.0,1.6733200530681511,10297.63931685316
0.0,34.91704454847231,17.458522274236156,17.458522274236156,17.458522274236156,0.0,0.8944271909999159,4125.553877965964,103.62046129988033,51.810230649940166,51.810230649940166,51.810230649940166,0.0,2.3021728866442674,9549.562147030616,75.47979862188292,37.73989931094146,37.73989931094146,37.73989931094146,0.0,2.5884358211089564,8343.310865597661,95.00105262574726,47.50052631287363,47.50052631287363,47.50052631287363,0.0,1.6431676725154984,9163.952056836613,32.16830738475371,16.084153692376855,16.084153692376855,16.084153692376855,0.0,1.4832396974191326,3525.0815167879455,87.71544903835355,43.85772451917678,43.85772451917678,43.85772451917678,0.0,2.6457513110645907,8227.80501105854,92.39480504876883,46.197402524384415,46.197402524384415,46.197402524384415,0.0,1.51657508881031,10930.743350751585,76.12358373066786,38.06179186533393,38.06179186533393,38.06179186533393,0.0,2.6076809620810595,10358.414294668852,40.422765862815474,20.211382931407737,20.211382931407737,20.211382931407737,0.0,0.8944271909999157,4139.976714910363,78.09737511594099,39.048687557970496,39.048687557970496,39.048687557970496,0.0,2.073644135332772,8467.531635606683,135.19911242312207,67.59955621156104,67.59955621156104,67.59955621156104,0.0,2.6832815729997477,13674.87730475122,63.821626428664445,31.910813214332222,31.910813214332222,31.910813214332222,0.0,1.1401754250991378,6802.95003656502,35.68192819901974,17.84096409950987,17.84096409950987,17.84096409950987,0.0,1.9235384061671343,2563.4189084111867,99.30357496082405,49.651787480412025,49.651787480412025,49.651787480412025,0.0,1.4832396974191326,9333.695393572687,95.70161963101773,47.85080981550887,47.85080981550887,47.85080981550887,0.0,1.9235384061671346,9380.73393717144,73.85120175054702,36.92560087527351,36.92560087527351,36.92560087527351,0.0,1.7888543819998317,8472.491162580225,115.59757782929536,57.79878891464768,57.79878891464768,57.79878891464768,0.0,1.9493588689617927,13074.15767076411,27.473623714391955,13.736811857195978,13.736811857195978,13.736811857195978,0.0,2.588435821108957,2240.580215033597,53.99259208447025,26.996296042235127,26.996296042235127,26.996296042235127,0.0,1.4142135623730951,5733.800981896738,102.72292830717006,51.36146415358503,51.36146415358503,51.36146415358503,0.0,1.6733200530681511,10297.042623977042
0.0,35.15679166249389,17.578395831246944,17.578395831246944,17.578395831246944,0.0,0.8944271909999159,4126.038657114109,103.3576315518114,51.6788157759057,51.6788157759057,51.6788157759057,0.0,2.1679483388678804,9553.035056985816,75.33126840827785,37.665634204138925,37.665634204138925,37.665634204138925,0.0,2.5884358211089564,8344.439447919794,95.00105262574726,47.50052631287363,47.50052631287363,47.50052631287363,0.0,1.6431676725154984,9166.971926432414,32.2055895769663,16.10279478848315,16.10279478848315,16.10279478848315,0.0,1.140175425099138,3531.494343758744,88.51440560722305,44.25720280361153,44.25720280361153,44.25720280361153,0.0,2.6457513110645907,8230.108474376264,92.39480504876883,46.197402524384415,46.197402524384415,46.197402524384415,0.0,1.51657508881031,10933.362712358901,76.845299140546,38.422649570273,38.422649570273,38.422649570273,0.0,2.6076809620810595,10354.593521717788,40.15968127363563,20.079840636817814,20.079840636817814,20.079840636817814,0.0,0.8944271909999157,4143.370524102328,77.51902992169084,38.75951496084542,38.75951496084542,38.75951496084542,0.0,2.073644135332772,8468.625815325648,135.7541896222728,67.8770948111364,67.8770948111364,67.8770948111364,0.0,2.6832815729997477,13671.51040668148,63.821626428664445,31.910813214332222,31.910813214332222,31.910813214332222,0.0,1.1401754250991378,6799.406128479163,35.70434147271169,17.852170736355845,17.852170736355845,17.852170736355845,0.0,1.816590212458495,2564.9482061047547,98.8736567544662,49.4368283772331,49.4368283772331,49.4368283772331,0.0,1.4832396974191326,9327.633756746669,96.20810776644555,48.104053883222775,48.104053883222775,48.104053883222775,0.0,2.121320343559643,9382.332050188801,73.85120175054702,36.92560087527351,36.92560087527351,36.92560087527351,0.0,1.7888543819998317,8471.951032672463,115.4816002660164,57.7408001330082,57.7408001330082,57.7408001330082,0.0,1.9493588689617927,13074.207023754825,27.473623714391955,13.736811857195978,13.736811857195978,13.736811857195978,0.0,2.588435821108957,2246.7197644566177,54.673576799035196,27.336788399517598,27.336788399517598,27.336788399517598,0.0,1.4142135623730951,5734.345341885157,103.37698002940499,51.688490014702495,51.688490014702495,51.688490014702495,0.0,1.6733200530681511,10292.795456045942
0.0,34.42673379802388,17.21336689901194,17.21336689901194,17.21336689901194,0.0,0.8944271909999159,4122.547998507719,103.32473082471591,51.66236541235796,51.66236541235796,51.66236541235796,0.0,2.23606797749979,9553.6570118463,75.33126840827785,37.665634204138925,37.665634204138925,37.665634204138925,0.0,2.5884358211089564,8342.51614922021,95.00105262574726,47.50052631287363,47.50052631287363,47.50052631287363,0.0,1.6431676725154984,9158.92475676048,31.949960876345372,15.974980438172686,15.974980438172686,15.974980438172686,0.0,1.140175425099138,3527.2545272492034,88.56184279925526,44.28092139962763,44.28092139962763,44.28092139962763,0.0,2.6457513110645907,8229.901712657327,92.31901212643038,46.15950606321519,46.15950606321519,46.15950606321519,0.0,1.51657508881031,10937.074663729785,77.51644986710885,38.75822493355442,38.75822493355442,38.75822493355442,0.0,2.6076809620810595,10351.618023285057,40.15968127363563,20.079840636817814,20.079840636817814,20.079840636817814,0.0,0.8944271909999157,4140.924329180624,76.94673482351281,38.473367411756406,38.473367411756406,38.473367411756406,0.0,1.6431676725154982,8471.306203886152,135.83372188083487,67.91686094041744,67.91686094041744,67.91686094041744,0.0,2.6832815729997477,13674.828785034202,62.72160712226688,31.36080356113344,31.36080356113344,31.36080356113344,0.0,1.1401754250991378,6798.25568068751,35.02570484658375,17.512852423291875,17.512852423291875,17.512852423291875,0.0,1.816590212458495,2568.1012051708553,98.90803809600108,49.45401904800054,49.45401904800054,49.45401904800054,0.0,1.4832396974191326,9327.411189606686,96.04582239743694,48.02291119871847,48.02291119871847,48.02291119871847,0.0,2.121320343559643,9381.42717287727,73.55814027012919,36.77907013506459,36.77907013506459,36.77907013506459,0.0,1.7888543819998317,8470.486131267793,114.9138807977522,57.4569403988761,57.4569403988761,57.4569403988761,0.0,1.9493588689617927,13071.51623951866,27.473623714391955,13.736811857195978,13.736811857195978,13.736811857195978,0.0,2.588435821108957,2246.971139111493,54.673576799035196,27.336788399517598,27.336788399517598,27.336788399517598,0.0,1.4142135623730951,5734.294838949249,102.69371937952194,51.34685968976097,51.34685968976097,51.34685968976097,0.0,1.6733200530681511,10289.19827780571
0.0,35.02570484658374,17.51285242329187,17.51285242329187,17.51285242329187,0.0,0.8944271909999159,4119.8453490392085,103.32473082471591,51.66236541235796,51.66236541235796,51.66236541235796,0.0,2.23606797749979,9553.766916771625,75.33126840827785,37.665634204138925,37.665634204138925,37.665634204138925,0.0,2.5884358211089564,8339.667996988848,94.32921074619463,47.16460537309732,47.16460537309732,47.16460537309732,0.0,1.414213562373095,9160.21526493783,32.61901286060018,16.30950643030009,16.30950643030009,16.30950643030009,0.0,1.140175425099138,3530.0749708752646,88.56184279925526,44.28092139962763,44.28092139962763,44.28092139962763,0.0,2.6457513110645907,8231.884960323487,92.18025819013528,46.09012909506764,46.09012909506764,46.09012909506764,0.0,1.51657508881031,10940.89254585749,77.51644986710885,38.75822493355442,38.75822493355442,38.75822493355442,0.0,2.6076809620810595,10350.065763076098,40.15968127363563,20.079840636817814,20.079840636817814,20.079840636817814,0.0,0.8944271909999157,4138.746150707965,76.94673482351281,38.473367411756406,38.473367411756406,38.473367411756406,0.0,1.6431676725154982,8471.242665630587,135.35878250043476,67.67939125021738,67.67939125021738,67.67939125021738,0.0,2.6832815729997477,13674.888471208824,62.1353361622837,31.06766808114185,31.06766808114185,31.06766808114185,0.0,1.1401754250991378,6796.042767670021,34.71599055190562,17.35799527595281,17.35799527595281,17.35799527595281,0.0,1.816590212458495,2569.136372402212,98.71777955363461,49.35888977681731,49.35888977681731,49.35888977681731,0.0,1.4832396974191326,9328.921148771704,96.04582239743694,48.02291119871847,48.02291119871847,48.02291119871847,0.0,2.121320343559643,9379.62801501211,73.55814027012919,36.77907013506459,36.77907013506459,36.77907013506459,0.0,1.7888543819998317,8475.499766975398,114.67868154107808,57.33934077053904,57.33934077053904,57.33934077053904,0.0,1.9493588689617927,13069.150737519252,27.48090245970827,13.740451229854134,13.740451229854134,13.740451229854134,0.0,2.1908902300206643,2247.2792883840675,54.442630355264804,27.221315177632402,27.221315177632402,27.221315177632402,0.0,1.4142135623730951,5735.027262358915,102.69371937952194,51.34685968976097,51.34685968976097,51.34685968976097,0.0,1.6733200530681511,10292.420551065721
0.0,34.26368339802363,17.131841699011815,17.131841699011815,17.131841699011815,0.0,0.8944271909999159,4114.519413005606,103.1561922523316,51.5780961261658,51.5780961261658,51.5780961261658,0.0,2.23606797749979,9554.076182446946,75.66240810336399,37.83120405168199,37.83120405168199,37.83120405168199,0.0,2.5884358211089564,8339.740865278729,94.26982550105839,47.134912750529196,47.134912750529196,47.134912750529196,0.0,1.414213562373095,9157.642911797773,33.184333653096004,16.592166826548002,16.592166826548002,16.592166826548002,0.0,1.140175425099138,3532.279405709577,88.6837076356193,44.34185381780965,44.34185381780965,44.34185381780965,0.0,2.6457513110645907,8229.442040624626,92.04998642042268,46.02499321021134,46.02499321021134,46.02499321021134,0.0,1.51657508881031,10942.07177823286,78.19718665016025,39.098593325080124,39.098593325080124,39.098593325080124,0.0,2.6832815729997477,10353.066632645614,40.0349847008838,20.0174923504419,20.0174923504419,20.0174923504419,0.0,0.8944271909999157,4135.922545212858,76.94673482351281,38.473367411756406,38.473367411756406,38.473367411756406,0.0,1.6431676725154982,8474.662606853444,135.35878250043476,67.67939125021738,67.67939125021738,67.67939125021738,0.0,2.6832815729997477,13678.728424089719,61.747874457344686,30.873937228672343,30.873937228672343,30.873937228672343,0.0,1.1401754250991378,6796.197782584023,34.85398112124352,17.42699056062176,17.42699056062176,17.42699056062176,0.0,1.816590212458495,2566.241551374305,98.49263931888515,49.24631965944258,49.24631965944258,49.24631965944258,0.0,1.4832396974191326,9329.598662321976,96.04582239743694,48.02291119871847,48.02291119871847,48.02291119871847,0.0,2.121320343559643,9383.575933512766,73.01506693826967,36.507533469134835,36.507533469134835,36.507533469134835,0.0,1.7888543819998317,8471.90768363301,114.67868154107808,57.33934077053904,57.33934077053904,57.33934077053904,0.0,1.9493588689617927,13069.96259749813,28.049955436684744,14.024977718342372,14.024977718342372,14.024977718342372,0.0,2.1908902300206643,2249.9108426779935,54.02962150524469,27.014810752622346,27.014810752622346,27.014810752622346,0.0,1.0954451150103321,5734.613762059307,102.69371937952194,51.34685968976097,51.34685968976097,51.34685968976097,0.0,1.6733200530681511,10294.595630718091
0.0,34.26368339802363,17.131841699011815,17.131841699011815,17.131841699011815,0.0,0.8944271909999159,4121.2817181066375,103.1561922523316,51.5780961261658,51.5780961261658,51.5780961261658,0.0,2.23606797749979,9556.70478250741,75.66240810336399,37.83120405168199,37.83120405168199,37.83120405168199,0.0,2.5884358211089564,8337.422125573348,94.14244526248508,47.07122263124254,47.07122263124254,47.07122263124254,0.0,1.414213562373095,9159.934262864555,33.48432469081615,16.742162345408076,16.742162345408076,16.742162345408076,0.0,1.140175425099138,3536.7445907218125,88.25417837133831,44.127089185669156,44.127089185669156,44.127089185669156,0.0,2.6457513110645907,8229.77212321216,92.6563543422684,46.3281771711342,46.3281771711342,46.3281771711342,0.0,1.51657508881031,10938.830659627198,77.77660316573358,38.88830158286679,38.88830158286679,38.88830158286679,0.0,2.6832815729997477,10350.06165682118,40.0349847008838,20.0174923504419,20.0174923504419,20.0174923504419,0.0,0.8944271909999157,4129.515141030482,76.94673482351281,38.473367411756406,38.473367411756406,38.473367411756406,0.0,1.6431676725154982,8475.221696215385,135.1931950950195,67.59659754750975,67.59659754750975,67.59659754750975,0.0,2.6832815729997477,13680.239562960876,61.747874457344686,30.873937228672343,30.873937228672343,30.873937228672343,0.0,1.1401754250991378,6796.32235109548,35.014282800023196,17.507141400011598,17.507141400011598,17.507141400011598,0.0,1.816590212458495,2562.6194606300796,98.27512401416749,49.137562007083744,49.137562007083744,49.137562007083744,0.0,1.4832396974191326,9329.416873524304,96.04582239743694,48.02291119871847,48.02291119871847,48.02291119871847,0.0,2.121320343559643,9383.2785475014,73.01506693826967,36.507533469134835,36.507533469134835,36.507533469134835,0.0,1.7888543819998317,8471.69778143673,115.52835149866893,57.76417574933446,57.76417574933446,57.76417574933446,0.0,1.9493588689617927,13073.972846843459,28.71933146854223,14.359665734271115,14.359665734271115,14.359665734271115,0.0,2.1908902300206643,2252.457702155581,54.02962150524469,27.014810752622346,27.014810752622346,27.014810752622346,0.0,1.0954451150103321,5734.244867460754,102.3073799879559,51.15368999397795,51.15368999397795,51.15368999397795,0.0,1.6733200530681511,10289.27957633575
0.0,33.39461034358688,16.69730517179344,16.69730517179344,16.69730517179344,0.0,0.8944271909999159,4119.470026593227,103.98461424653168,51.99230712326584,51.99230712326584,51.99230712326584,0.0,2.23606797749979,9560.435460793615,76.1393459388771,38.06967296943855,38.06967296943855,38.06967296943855,0.0,2.5884358211089564,8340.198037217102,94.02765550623923,47.013827753119614,47.013827753119614,47.013827753119614,0.0,1.414213562373095,9160.429673328648,33.48432469081615,16.742162345408076,16.742162345408076,16.742162345408076,0.0,1.140175425099138,3536.032974959368,88.25417837133831,44.127089185669156,44.127089185669156,44.127089185669156,0.0,2.6457513110645907,8230.975501117713,92.5483657338151,46.27418286690755,46.27418286690755,46.27418286690755,0.0,1.51657508881031,10942.799655481225,87.32239117202414,43.66119558601207,43.66119558601207,43.66119558601207,0.0,3.847076812334269,11366.98595934736,40.15968127363563,20.079840636817814,20.079840636817814,20.079840636817814,0.0,0.8944271909999157,4132.94165214076,77.09734106958553,38.54867053479276,38.54867053479276,38.54867053479276,0.0,1.6431676725154982,8472.720017798298,136.1425723276889,68.07128616384445,68.07128616384445,68.07128616384445,0.0,2.6832815729997477,13677.077951814123,61.747874457344686,30.873937228672343,30.873937228672343,30.873937228672343,0.0,1.1401754250991378,6800.252914414287,35.014282800023196,17.507141400011598,17.507141400011598,17.507141400011598,0.0,1.816590212458495,2562.457180130041,99.11003985469887,49.555019927349434,49.555019927349434,49.555019927349434,0.0,1.4832396974191326,9328.50970412745,95.7768239189419,47.88841195947095,47.88841195947095,47.88841195947095,0.0,2.121320343559643,9386.00812379789,72.99315036357864,36.49657518178932,36.49657518178932,36.49657518178932,0.0,1.7888543819998317,8471.842851469803,115.4816002660164,57.7408001330082,57.7408001330082,57.7408001330082,0.0,1.9493588689617927,13074.28812593634,28.74021572639983,14.370107863199914,14.370107863199914,14.370107863199914,0.0,2.1908902300206643,2253.930722094182,55.396750807245006,27.698375403622503,27.698375403622503,27.698375403622503,0.0,1.0954451150103321,5734.295841687975,101.62283208019741,50.811416040098706,50.811416040098706,50.811416040098706,0.0,1.6733200530681511,10288.450723991442
0.0,33.39461034358688,16.69730517179344,16.69730517179344,16.69730517179344,0.0,0.8944271909999159,4121.544213034721,103.95191195932857,51.975955979664285,51.975955979664285,51.975955979664285,0.0,2.23606797749979,9562.529806489494,75.51688552899941,37.758442764499705,37.758442764499705,37.758442764499705,0.0,2.5884358211089564,8345.154342491216,94.02765550623923,47.013827753119614,47.013827753119614,47.013827753119614,0.0,1.414213562373095,9165.084816847033,34.54272716506327,17.271363582531635,17.271363582531635,17.271363582531635,0.0,1.140175425099138,3536.202086985414,88.25417837133831,44.127089185669156,44.127089185669156,44.127089185669156,0.0,2.6457513110645907,8230.202871132644,91.75401898554635,45.877009492773176,45.877009492773176,45.877009492773176,0.0,1.51657508881031,10935.953104325201,87.65158298627584,43.82579149313792,43.82579149313792,43.82579149313792,0.0,3.5071355833500366,11368.31103110748,40.15968127363563,20.079840636817814,20.079840636817814,20.079840636817814,0.0,0.8944271909999157,4130.760862117293,77.09734106958553,38.54867053479276,38.54867053479276,38.54867053479276,0.0,1.6431676725154982,8471.361590677145,134.57042765778817,67.28521382889409,67.28521382889409,67.28521382889409,0.0,2.6832815729997477,13675.333213490632,61.747874457344686,30.873937228672343,30.873937228672343,30.873937228672343,0.0,1.1401754250991378,6797.443357616156,35.014282800023196,17.507141400011598,17.507141400011598,17.507141400011598,0.0,1.816590212458495,2565.084832905142,99.11003985469887,49.555019927349434,49.555019927349434,49.555019927349434,0.0,1.4832396974191326,9324.100508896287,95.7768239189419,47.88841195947095,47.88841195947095,47.88841195947095,0.0,2.121320343559643,9382.354464631999,72.86151247400784,36.43075623700392,36.43075623700392,36.43075623700392,0.0,1.7888543819998317,8472.196922876616,116.33056348182966,58.16528174091483,58.16528174091483,58.16528174091483,0.0,1.9493588689617927,13076.795241954353,28.621670111997307,14.310835055998654,14.310835055998654,14.310835055998654,0.0,2.1908902300206643,2252.956657372707,55.569775957799216,27.784887978899608,27.784887978899608,27.784887978899608,0.0,1.0954451150103321,5739.193697724446,100.55247386315266,50.27623693157633,50.27623693157633,50.27623693157633,0.0,1.6733200530681511,10290.593238487274
0.0,34.058772731852805,17.029386365926403,17.029386365926403,17.029386365926403,0.0,0.8944271909999159,4126.7411234532265,104.51411387941822,52.25705693970911,52.25705693970911,52.25705693970911,0.0,2.23606797749979,9561.757458752027,75.51688552899941,37.758442764499705,37.758442764499705,37.758442764499705,0.0,2.5884358211089564,8345.546189435416,93.25663515267962,46.62831757633981,46.62831757633981,46.62831757633981,0.0,1.414213562373095,9163.866531110107,34.42673379802388,17.21336689901194,17.21336689901194,17.21336689901194,0.0,1.140175425099138,3538.6864512132183,86.94826047713663,43.474130238568314,43.474130238568314,43.474130238568314,0.0,2.5884358211089573,8230.735040079957,91.6515138991168,45.8257569495584,45.8257569495584,45.8257569495584,0.0,1.51657508881031,10938.436803309694,87.77926862306384,43.88963431153192,43.88963431153192,43.88963431153192,0.0,3.5071355833500366,11367.346774863518,39.73914946246334,19.86957473123167,19.86957473123167,19.86957473123167,0.0,0.8944271909999157,4127.081377923144,77.09734106958553,38.54867053479276,38.54867053479276,38.54867053479276,0.0,1.6431676725154982,8474.957976296992,122.37156532462923,61.185782662314615,61.185782662314615,61.185782662314615,0.0,2.6076809620810595,11920.222116219144,61.747874457344686,30.873937228672343,30.873937228672343,30.873937228672343,0.0,1.1401754250991378,6798.538056082351,35.7603131977336,17.8801565988668,17.8801565988668,17.8801565988668,0.0,1.816590212458495,2562.447423850878,98.43373405494684,49.21686702747342,49.21686702747342,49.21686702747342,0.0,1.4832396974191326,9329.08528206276,95.51334985225887,47.756674926129435,47.756674926129435,47.756674926129435,0.0,2.121320343559643,9384.640296782823,72.8642573557159,36.43212867785795,36.43212867785795,36.43212867785795,0.0,1.7888543819998317,8471.396472837285,116.33056348182966,58.16528174091483,58.16528174091483,58.16528174091483,0.0,1.9493588689617927,13078.291983282832,28.50964748992874,14.25482374496437,14.25482374496437,14.25482374496437,0.0,2.1908902300206647,2250.616537751378,54.60036629913759,27.300183149568795,27.300183149568795,27.300183149568795,0.0,1.0954451150103321,5736.748512877307,100.16985574512923,50.08492787256461,50.08492787256461,50.08492787256461,0.0,1.6733200530681511,10287.106527104694
0.0,34.058772731852805,17.029386365926403,17.029386365926403,17.029386365926403,0.0,0.8944271909999159,4122.388846288036,105.3432484784858,52.6716242392429,52.6716242392429,52.6716242392429,0.0,2.23606797749979,9563.418714037361,75.08661665037252,37.54330832518626,37.54330832518626,37.54330832518626,0.0,2.5099800796022262,8343.769591737298,92.85903294779673,46.42951647389837,46.42951647389837,46.42951647389837,0.0,1.414213562373095,9164.704206901606,34.42673379802388,17.21336689901194,17.21336689901194,17.21336689901194,0.0,1.140175425099138,3535.097339536777,86.94826047713663,43.474130238568314,43.474130238568314,43.474130238568314,0.0,2.5884358211089573,8234.088213032455,91.97390934390036,45.98695467195018,45.98695467195018,45.98695467195018,0.0,1.51657508881031,10940.269521360065,87.5168555193798,43.7584277596899,43.7584277596899,43.7584277596899,0.0,3.5071355833500366,11365.416433197684,39.7994974842648,19.8997487421324,19.8997487421324,19.8997487421324,0.0,0.8944271909999157,4126.33186983306,76.24434405252629,38.122172026263144,38.122172026263144,38.122172026263144,0.0,1.6431676725154982,8473.826361213687,121.50226335340425,60.75113167670212,60.75113167670212,60.75113167670212,0.0,2.6076809620810595,11920.115003639856,61.747874457344686,30.873937228672343,30.873937228672343,30.873937228672343,0.0,1.1401754250991378,6801.324407790001,35.7603131977336,17.8801565988668,17.8801565988668,17.8801565988668,0.0,1.816590212458495,2561.961611734259,98.23848533034291,49.119242665171456,49.119242665171456,49.119242665171456,0.0,1.4832396974191326,9328.370506149506,94.60021141625425,47.30010570812713,47.30010570812713,47.30010570812713,0.0,2.121320343559643,9386.749527924989,72.45136299615073,36.22568149807537,36.22568149807537,36.22568149807537,0.0,1.51657508881031,8472.19161138368,116.22048012291121,58.110240061455606,58.110240061455606,58.110240061455606,0.0,1.9493588689617927,13076.097670941435,27.914154115788644,13.957077057894322,13.957077057894322,13.957077057894322,0.0,1.7888543819998317,2247.696976907697,55.29195239815646,27.64597619907823,27.64597619907823,27.64597619907823,0.0,1.0954451150103321,5738.970770094582,100.16985574512923,50.08492787256461,50.08492787256461,50.08492787256461,0.0,1.6733200530681511,10288.041149801064
0.0,34.058772731852805,17.029386365926403,17.029386365926403,17.029386365926403,0.0,0.8944271909999159,4123.933765229504,105.3432484784858,52.6716242392429,52.6716242392429,52.6716242392429,0.0,2.23606797749979,9563.493493488664,75.08661665037252,37.54330832518626,37.54330832518626,37.54330832518626,0.0,2.5099800796022262,8347.731110906723,92.85903294779673,46.42951647389837,46.42951647389837,46.42951647389837,0.0,1.414213562373095,9166.223202606403,34.42673379802388,17.21336689901194,17.21336689901194,17.21336689901194,0.0,1.140175425099138,3534.051966228001,87.23072853071903,43.61536426535952,43.61536426535952,43.61536426535952,0.0,2.5884358211089573,8233.986045652493,91.97390934390036,45.98695467195018,45.98695467195018,45.98695467195018,0.0,1.51657508881031,10937.85028239096,87.12519727380823,43.56259863690411,43.56259863690411,43.56259863690411,0.0,3.1937438845342623,11382.061794771631,39.7994974842648,19.8997487421324,19.8997487421324,19.8997487421324,0.0,0.8944271909999157,4124.276421385938,75.96841448918096,37.98420724459048,37.98420724459048,37.98420724459048,0.0,1.6431676725154982,8473.969034637783,121.7094901805114,60.8547450902557,60.8547450902557,60.8547450902557,0.0,2.6076809620810595,11918.343559404553,60.722318796304215,30.361159398152108,30.361159398152108,30.361159398152108,0.0,1.1401754250991378,6803.887579906064,36.29325006113396,18.14662503056698,18.14662503056698,18.14662503056698,0.0,1.816590212458495,2559.576566543771,98.86758821777742,49.43379410888871,49.43379410888871,49.43379410888871,0.0,1.4832396974191326,9322.23655031345,94.15943925066674,47.07971962533337,47.07971962533337,47.07971962533337,0.0,1.7888543819998315,9388.432499624205,72.89718787443039,36.44859393721519,36.44859393721519,36.44859393721519,0.0,1.51657508881031,8470.617875928532,116.07239120479943,58.036195602399715,58.036195602399715,58.036195602399715,0.0,1.9493588689617927,13080.439816764572,27.914154115788644,13.957077057894322,13.957077057894322,13.957077057894322,0.0,1.7888543819998317,2247.6972216025893,54.72476587432787,27.362382937163936,27.362382937163936,27.362382937163936,0.0,1.0954451150103321,5736.6251577037865,100.52462384908486,50.26231192454243,50.26231192454243,50.26231192454243,0.0,1.6733200530681511,10287.480386372554
0.0,34.13502599969714,17.06751299984857,17.06751299984857,17.06751299984857,0.0,0.8944271909999159,4122.450703161895,104.81412118603103,52.407060593015515,52.407060593015515,52.407060593015515,0.0,2.23606797749979,9563.489410251888,75.08661665037252,37.54330832518626,37.54330832518626,37.54330832518626,0.0,2.5099800796022262,8347.79881166287,92.47053584791212,46.23526792395606,46.23526792395606,46.23526792395606,0.0,1.414213562373095,9166.500657284654,34.42673379802388,17.21336689901194,17.21336689901194,17.21336689901194,0.0,1.140175425099138,3534.729579472806,87.29948453456069,43.649742267280345,43.649742267280345,43.649742267280345,0.0,2.5884358211089573,8234.484215784254,91.60131003430027,45.800655017150135,45.800655017150135,45.800655017150135,0.0,1.51657508881031,10937.345656053849,87.12519727380823,43.56259863690411,43.56259863690411,43.56259863690411,0.0,2.7748873851023217,11384.062354888962,39.7994974842648,19.8997487421324,19.8997487421324,19.8997487421324,0.0,0.8944271909999157,4122.941631893423,76.12358373066786,38.06179186533393,38.06179186533393,38.06179186533393,0.0,1.6431676725154982,8473.72336697393,121.7094901805114,60.8547450902557,60.8547450902557,60.8547450902557,0.0,2.6076809620810595,11915.255549084963,60.722318796304215,30.361159398152108,30.361159398152108,30.361159398152108,0.0,1.1401754250991378,6804.106208753652,36.29325006113396,18.14662503056698,18.14662503056698,18.14662503056698,0.0,1.816590212458495,2561.4615359204595,98.47436214568745,49.237181072843725,49.237181072843725,49.237181072843725,0.0,1.4832396974191326,9318.304915594896,94.15943925066674,47.07971962533337,47.07971962533337,47.07971962533337,0.0,1.7888543819998315,9386.181582517995,72.50379300422841,36.25189650211421,36.25189650211421,36.25189650211421,0.0,1.51657508881031,8474.85079514678,115.37244038330817,57.68622019165409,57.68622019165409,57.68622019165409,0.0,1.9235384061671343,13078.657530496012,28.014282071829005,14.007141035914502,14.007141035914502,14.007141035914502,0.0,1.8708286933869707,2247.638694274505,54.72476587432787,27.362382937163936,27.362382937163936,27.362382937163936,0.0,1.0954451150103321,5736.522666215135,100.89995044597396,50.44997522298698,50.44997522298698,50.44997522298698,0.0,1.6733200530681511,10286.478610292252
0.0,34.84250278036869,17.421251390184345,17.421251390184345,17.421251390184345,0.0,0.8944271909999159,4119.487747281208,105.3812127468649,52.69060637343245,52.69060637343245,52.69060637343245,0.0,2.23606797749979,9567.056469991176,74.66458330426816,37.33229165213408,37.33229165213408,37.33229165213408,0.0,2.5099800796022262,8347.99576545173,93.24805628001047,46.62402814000524,46.62402814000524,46.62402814000524,0.0,1.414213562373095,9164.011485152121,33.83489323169204,16.91744661584602,16.91744661584602,16.91744661584602,0.0,1.140175425099138,3536.4399189014935,87.26282140751582,43.63141070375791,43.63141070375791,43.63141070375791,0.0,2.5884358211089573,8230.952545118944,90.80748867797193,45.403744338985966,45.403744338985966,45.403744338985966,0.0,1.51657508881031,10935.299776412168,87.12519727380823,43.56259863690411,43.56259863690411,43.56259863690411,0.0,2.7748873851023217,11388.249593330838,38.8329756778952,19.4164878389476,19.4164878389476,19.4164878389476,0.0,0.8944271909999159,4123.692908061898,76.01841882070423,38.00920941035211,38.00920941035211,38.00920941035211,0.0,1.6431676725154982,8472.108710350689,121.7094901805114,60.8547450902557,60.8547450902557,60.8547450902557,0.0,2.6076809620810595,11915.017763310301,60.639920844275515,30.319960422137758,30.319960422137758,30.319960422137758,0.0,1.1401754250991378,6801.227006945143,36.29325006113396,18.14662503056698,18.14662503056698,18.14662503056698,0.0,1.816590212458495,2561.780494109517,99.12618221237011,49.563091106185055,49.563091106185055,49.563091106185055,0.0,1.4832396974191326,9322.627113641305,95.61798993913227,47.808994969566136,47.808994969566136,47.808994969566136,0.0,1.7888543819998315,9385.408499367515,72.13043740335975,36.065218701679875,36.065218701679875,36.065218701679875,0.0,1.51657508881031,8468.19722254979,117.06921029886553,58.534605149432764,58.534605149432764,58.534605149432764,0.0,1.9235384061671343,13078.606309542314,27.313000567495326,13.656500283747663,13.656500283747663,13.656500283747663,0.0,1.8708286933869707,2247.698222626872,55.03453461236863,27.517267306184316,27.517267306184316,27.517267306184316,0.0,1.0954451150103321,5736.249149052018,101.28178513434683,50.64089256717342,50.64089256717342,50.64089256717342,0.0,1.6733200530681511,10286.464713398866
0.0,34.79655155327895,17.398275776639476,17.398275776639476,17.398275776639476,0.0,0.8944271909999159,4122.513735574449,105.7071426158138,52.8535713079069,52.8535713079069,52.8535713079069,0.0,2.23606797749979,9567.6333959867,74.7475752115077,37.37378760575385,37.37378760575385,37.37378760575385,0.0,2.1908902300206643,8349.22020310879,93.24805628001047,46.62402814000524,46.62402814000524,46.62402814000524,0.0,1.414213562373095,9163.924339495607,34.14674215792775,17.073371078963874,17.073371078963874,17.073371078963874,0.0,1.140175425099138,3538.249750936189,87.26282140751582,43.63141070375791,43.63141070375791,43.63141070375791,0.0,2.5884358211089573,8226.743298535575,91.22938123214472,45.61469061607236,45.61469061607236,45.61469061607236,0.0,1.51657508881031,10935.59748253382,87.12519727380823,43.56259863690411,43.56259863690411,43.56259863690411,0.0,2.7748873851023217,11387.171167590306,38.8329756778952,19.4164878389476,19.4164878389476,19.4164878389476,0.0,0.8944271909999159,4123.779480040124,75.69147904487004,37.84573952243502,37.84573952243502,37.84573952243502,0.0,1.6431676725154982,8469.876929448266,121.7094901805114,60.8547450902557,60.8547450902557,60.8547450902557,0.0,2.6076809620810595,11911.986098044272,60.05663993265025,30.028319966325125,30.028319966325125,30.028319966325125,0.0,1.1401754250991378,6797.842415060826,36.359317925395686,18.179658962697843,18.179658962697843,18.179658962697843,0.0,1.816590212458495,2563.411242855894,99.12618221237011,49.563091106185055,49.563091106185055,49.563091106185055,0.0,1.4832396974191326,9325.392495761238,96.46761114488116,48.23380557244058,48.23380557244058,48.23380557244058,0.0,1.7888543819998315,9388.124429298963,72.97944916207575,36.489724581037876,36.489724581037876,36.489724581037876,0.0,1.51657508881031,8463.700685870217,117.06921029886553,58.534605149432764,58.534605149432764,58.534605149432764,0.0,1.9235384061671343,13081.672492460588,27.313000567495326,13.656500283747663,13.656500283747663,13.656500283747663,0.0,1.8708286933869707,2243.8250377424706,55.12893976850997,27.564469884254986,27.564469884254986,27.564469884254986,0.0,1.0954451150103321,5735.959527402543,101.67005458835949,50.835027294179746,50.835027294179746,50.835027294179746,0.0,1.6733200530681511,10286.723312114504
0.0,34.859718874368454,17.429859437184227,17.429859437184227,17.429859437184227,0.0,0.8944271909999159,4123.959844615367,105.46468603281384,52.73234301640692,52.73234301640692,52.73234301640692,0.0,2.23606797749979,9569.503973561013,74.32899837882924,37.16449918941462,37.16449918941462,37.16449918941462,0.0,2.1908902300206643,8344.348374798357,92.95805505710626,46.47902752855313,46.47902752855313,46.47902752855313,0.0,1.414213562373095,9163.90458265471,33.56784175367847,16.783920876839236,16.783920876839236,16.783920876839236,0.0,1.140175425099138,3535.0538468317563,87.5488435103514,43.7744217551757,43.7744217551757,43.7744217551757,0.0,2.1908902300206647,8225.765070800406,91.22938123214472,45.61469061607236,45.61469061607236,45.61469061607236,0.0,1.51657508881031,10929.886261988275,86.30874810817267,43.15437405408633,43.15437405408633,43.15437405408633,0.0,2.5099800796022267,11389.025542161191,38.95125158451266,19.47562579225633,19.47562579225633,19.47562579225633,0.0,0.8944271909999159,4123.826924108236,75.69147904487004,37.84573952243502,37.84573952243502,37.84573952243502,0.0,1.6431676725154982,8469.23613438662,121.7094901805114,60.8547450902557,60.8547450902557,60.8547450902557,0.0,2.6076809620810595,11906.320821311678,60.530983801686226,30.265491900843113,30.265491900843113,30.265491900843113,0.0,1.1401754250991378,6794.752806394064,36.287738976133525,18.143869488066763,18.143869488066763,18.143869488066763,0.0,1.816590212458495,2562.442721311054,99.12618221237011,49.563091106185055,49.563091106185055,49.563091106185055,0.0,1.4832396974191326,9323.40419053041,97.08346924167884,48.54173462083942,48.54173462083942,48.54173462083942,0.0,1.7888543819998315,9388.231452195882,72.97944916207575,36.489724581037876,36.489724581037876,36.489724581037876,0.0,1.51657508881031,8459.671406148113,117.918616002733,58.9593080013665,58.9593080013665,58.9593080013665,0.0,1.9235384061671343,13079.87500704804,27.400729917285048,13.700364958642524,13.700364958642524,13.700364958642524,0.0,1.8708286933869707,2240.468634013875,54.66991860246364,27.33495930123182,27.33495930123182,27.33495930123182,0.0,1.0954451150103321,5735.633923116084,100.98118636657028,50.49059318328514,50.49059318328514,50.49059318328514,0.0,1.6733200530681511,10287.360414605877
0.0,34.246167668806386,17.123083834403193,17.123083834403193,17.123083834403193,0.0,0.5477225575051662,4128.409839151147,105.3812127468649,52.69060637343245,52.69060637343245,52.69060637343245,0.0,2.23606797749979,9569.198331103815,73.75093219749836,36.87546609874918,36.87546609874918,36.87546609874918,0.0,2.1908902300206643,8338.97852257697,92.47053584791212,46.23526792395606,46.23526792395606,46.23526792395606,0.0,1.414213562373095,9165.0015821057,34.25200724045235,17.126003620226175,17.126003620226175,17.126003620226175,0.0,1.140175425099138,3538.531870705703,87.5488435103514,43.7744217551757,43.7744217551757,43.7744217551757,0.0,2.1908902300206647,8227.441473508032,91.30607865854277,45.65303932927139,45.65303932927139,45.65303932927139,0.0,1.51657508881031,10927.181191871945,85.91158245545242,42.95579122772621,42.95579122772621,42.95579122772621,0.0,2.5099800796022267,11390.811801623271,38.95125158451266,19.47562579225633,19.47562579225633,19.47562579225633,0.0,0.8944271909999159,4122.092878623673,75.37904218017101,37.689521090085506,37.689521090085506,37.689521090085506,0.0,1.6431676725154982,8467.771855689074,122.79576539930031,61.397882699650154,61.397882699650154,61.397882699650154,0.0,2.6076809620810595,11904.21432518753,59.956651007206865,29.978325503603433,29.978325503603433,29.978325503603433,0.0,1.1401754250991378,6796.670927741022,37.02971779530597,18.514858897652985,18.514858897652985,18.514858897652985,0.0,1.816590212458495,2565.3474423555185,98.09587147275873,49.047935736379365,49.047935736379365,49.047935736379365,0.0,1.5811388300841898,9322.109911388086,96.85659502584221,48.428297512921105,48.428297512921105,48.428297512921105,0.0,1.7888543819998315,9383.744337949536,72.600275481571,36.3001377407855,36.3001377407855,36.3001377407855,0.0,1.51657508881031,8460.744293500426,117.918616002733,58.9593080013665,58.9593080013665,58.9593080013665,0.0,1.9235384061671343,13079.026810126203,26.705804612480787,13.352902306240393,13.352902306240393,13.352902306240393,0.0,1.4832396974191326,2235.719190775085,54.27706698044764,27.13853349022382,27.13853349022382,27.13853349022382,0.0,1.0954451150103321,5735.054027644378,100.29556321193874,50.14778160596937,50.14778160596937,50.14778160596937,0.0,1.6733200530681511,10285.435975202996
0.0,34.438350715445125,17.219175357722563,17.219175357722563,17.219175357722563,0.0,0.5477225575051662,4128.7434286959515,104.82747731391802,52.41373865695901,52.41373865695901,52.41373865695901,0.0,2.23606797749979,9571.409493904228,73.83765976789893,36.91882988394946,36.91882988394946,36.91882988394946,0.0,2.1908902300206643,8338.975974302839,92.47053584791212,46.23526792395606,46.23526792395606,46.23526792395606,0.0,1.414213562373095,9163.694080445943,34.25200724045235,17.126003620226175,17.126003620226175,17.126003620226175,0.0,1.140175425099138,3536.250457758896,87.23072853071903,43.61536426535952,43.61536426535952,43.61536426535952,0.0,2.1908902300206647,8230.104027289084,91.72785836374901,45.863929181874504,45.863929181874504,45.863929181874504,0.0,1.51657508881031,10925.702114738438,86.1974477580398,43.0987238790199,43.0987238790199,43.0987238790199,0.0,2.5099800796022267,11390.679751445916,39.09987212255304,19.54993606127652,19.54993606127652,19.54993606127652,0.0,0.8944271909999159,4123.755230369523,75.33126840827784,37.66563420413892,37.66563420413892,37.66563420413892,0.0,1.6431676725154982,8465.641895331977,122.3977123969235,61.19885619846175,61.19885619846175,61.19885619846175,0.0,2.6076809620810595,11901.973563237316,60.28266749240614,30.14133374620307,30.14133374620307,30.14133374620307,0.0,1.1401754250991378,6797.015058097194,36.58961601328989,18.294808006644946,18.294808006644946,18.294808006644946,0.0,1.816590212458495,2563.5597320912966,98.11218069128827,49.05609034564414,49.05609034564414,49.05609034564414,0.0,1.5811388300841898,9324.121325894468,97.70772743237865,48.85386371618932,48.85386371618932,48.85386371618932,0.0,1.7888543819998315,9382.718779756751,71.57373820054391,35.78686910027196,35.78686910027196,35.78686910027196,0.0,1.51657508881031,8462.069132310371,117.86941927404241,58.93470963702121,58.93470963702121,58.93470963702121,0.0,1.5811388300841898,13081.035708230445,26.570660511172846,13.285330255586423,13.285330255586423,13.285330255586423,0.0,1.4832396974191326,2232.5864372964375,53.15261047211134,26.57630523605567,26.57630523605567,26.57630523605567,0.0,1.0954451150103321,5738.398670360923,100.29556321193874,50.14778160596937,50.14778160596937,50.14778160596937,0.0,1.6733200530681511,10288.38462539188
0.0,34.438350715445125,17.219175357722563,17.219175357722563,17.219175357722563,0.0,0.5477225575051662,4127.664133623277,104.82747731391802,52.41373865695901,52.41373865695901,52.41373865695901,0.0,2.23606797749979,9571.333386733533,73.41117081207737,36.705585406038686,36.705585406038686,36.705585406038686,0.0,2.1908902300206643,8339.688525358726,93.25234581499814,46.62617290749907,46.62617290749907,46.62617290749907,0.0,1.414213562373095,9162.938737108308,33.56784175367847,16.783920876839236,16.783920876839236,16.783920876839236,0.0,1.140175425099138,3536.8553405532434,86.98735540295498,43.49367770147749,43.49367770147749,43.49367770147749,0.0,2.302172886644268,8228.796947306453,91.62314118169056,45.81157059084528,45.81157059084528,45.81157059084528,0.0,1.51657508881031,10925.133903069564,85.8067596404852,42.9033798202426,42.9033798202426,42.9033798202426,0.0,2.5099800796022267,11391.289207109088,39.09987212255304,19.54993606127652,19.54993606127652,19.54993606127652,0.0,0.8944271909999159,4121.58638147983,75.49304603736691,37.746523018683455,37.746523018683455,37.746523018683455,0.0,1.6431676725154982,8461.492557462898,121.52695174322443,60.763475871612215,60.763475871612215,60.763475871612215,0.0,2.4083189157584592,11902.593633322109,59.876539646175274,29.938269823087637,29.938269823087637,29.938269823087637,0.0,1.1401754250991378,6797.34203200045,36.58961601328989,18.294808006644946,18.294808006644946,18.294808006644946,0.0,1.816590212458495,2565.507902930724,98.11218069128827,49.05609034564414,49.05609034564414,49.05609034564414,0.0,1.5811388300841898,9322.830487571893,97.68930340625836,48.84465170312918,48.84465170312918,48.84465170312918,0.0,1.7888543819998315,9381.213551561439,71.26008700527947,35.63004350263974,35.63004350263974,35.63004350263974,0.0,1.51657508881031,8461.39701822341,118.72320750384063,59.36160375192031,59.36160375192031,59.36160375192031,0.0,1.5811388300841898,13081.74498299061,26.48018126826174,13.24009063413087,13.24009063413087,13.24009063413087,0.0,1.4832396974191326,2229.214704778344,53.302907988213924,26.651453994106962,26.651453994106962,26.651453994106962,0.0,1.0954451150103321,5738.613229692344,121.70127361700041,60.850636808500205,60.850636808500205,60.850636808500205,0.0,2.7748873851023212,11240.847601493404
0.0,34.438350715445125,17.219175357722563,17.219175357722563,17.219175357722563,0.0,0.5477225575051662,4128.746323038024,104.0826594587206,52.0413297293603,52.0413297293603,52.0413297293603,0.0,2.23606797749979,9570.328327701198,73.09445943435111,36.547229717175554,36.547229717175554,36.547229717175554,0.0,2.1908902300206643,8339.568244219841,92.58077554222582,46.29038777111291,46.29038777111291,46.29038777111291,0.0,1.414213562373095,9158.939349073124,34.158454297582026,17.079227148791013,17.079227148791013,17.079227148791013,0.0,1.140175425099138,3536.3699325721004,86.47543003651384,43.23771501825692,43.23771501825692,43.23771501825692,0.0,2.302172886644268,8230.652203804993,91.62314118169056,45.81157059084528,45.81157059084528,45.81157059084528,0.0,1.51657508881031,10923.37469832469,85.8067596404852,42.9033798202426,42.9033798202426,42.9033798202426,0.0,2.5099800796022267,11390.609478864595,39.20204076320517,19.601020381602584,19.601020381602584,19.601020381602584,0.0,0.8944271909999159,4123.856653667777,76.2312271972582,38.1156135986291,38.1156135986291,38.1156135986291,0.0,1.6431676725154982,8463.52063269181,121.88847361420193,60.944236807100964,60.944236807100964,60.944236807100964,0.0,2.4083189157584592,11904.598846664258,59.876539646175274,29.938269823087637,29.938269823087637,29.938269823087637,0.0,1.1401754250991378,6793.053856698032,35.51337776106351,17.756688880531755,17.756688880531755,17.756688880531755,0.0,1.816590212458495,2565.941776424399,97.18641880427533,48.59320940213767,48.59320940213767,48.59320940213767,0.0,1.3038404810405297,9320.609513331196,97.68930340625836,48.84465170312918,48.84465170312918,48.84465170312918,0.0,1.7888543819998315,9381.618159997774,71.26008700527947,35.63004350263974,35.63004350263974,35.63004350263974,0.0,1.51657508881031,8460.678914838927,118.61197241425505,59.305986207127525,59.305986207127525,59.305986207127525,0.0,1.5811388300841898,13076.947323439063,34.95711658589707,17.478558292948534,17.478558292948534,17.478558292948534,0.0,2.9154759474226504,2857.6860744315495,54.11099703387473,27.055498516937366,27.055498516937366,27.055498516937366,0.0,1.0954451150103321,5742.318408099642,121.84416276539471,60.92208138269736,60.92208138269736,60.92208138269736,0.0,2.7748873851023212,11243.210320010918
0.0,34.438350715445125,17.219175357722563,17.219175357722563,17.219175357722563,0.0,0.5477225575051662,4127.167406345422,103.6050191834353,51.80250959171765,51.80250959171765,51.80250959171765,0.0,2.23606797749979,9571.918757490579,73.09445943435111,36.547229717175554,36.547229717175554,36.547229717175554,0.0,2.1908902300206643,8339.021447388177,92.10428871664988,46.05214435832494,46.05214435832494,46.05214435832494,0.0,1.414213562373095,9158.942553592091,34.158454297582026,17.079227148791013,17.079227148791013,17.079227148791013,0.0,1.140175425099138,3541.6588345011437,86.54940785470458,43.27470392735229,43.27470392735229,43.27470392735229,0.0,2.302172886644268,8227.999410549322,91.62314118169056,45.81157059084528,45.81157059084528,45.81157059084528,0.0,1.51657508881031,10920.537221217644,84.68057628523792,42.34028814261896,42.34028814261896,42.34028814261896,0.0,2.16794833886788,11391.949297639978,38.79690709322072,19.39845354661036,19.39845354661036,19.39845354661036,0.0,0.8944271909999159,4125.657244609639,75.9789444517361,37.98947222586805,37.98947222586805,37.98947222586805,0.0,1.6431676725154982,8462.200499869996,121.41334358298515,60.706671791492575,60.706671791492575,60.706671791492575,0.0,2.16794833886788,11903.665725313358,59.78963120809494,29.89481560404747,29.89481560404747,29.89481560404747,0.0,1.1401754250991378,6793.953583886189,34.93994848307593,17.469974241537965,17.469974241537965,17.469974241537965,0.0,1.816590212458495,2563.5502140586204,98.02448673673328,49.01224336836664,49.01224336836664,49.01224336836664,0.0,1.3038404810405297,9320.454200305905,97.26664381996532,48.63332190998266,48.63332190998266,48.63332190998266,0.0,1.7888543819998315,9387.123350633035,70.8858236885204,35.4429118442602,35.4429118442602,35.4429118442602,0.0,1.51657508881031,8457.915600193703,118.61197241425505,59.305986207127525,59.305986207127525,59.305986207127525,0.0,1.5811388300841898,13075.527037179038,34.95711658589707,17.478558292948534,17.478558292948534,17.478558292948534,0.0,2.9154759474226504,2859.1274368240393,54.11099703387473,27.055498516937366,27.055498516937366,27.055498516937366,0.0,1.0954451150103321,5739.871035136591,122.33069933585763,61.165349667928815,61.165349667928815,61.165349667928815,0.0,2.7748873851023212,11245.352595628116
0.0,33.77573093213528,16.88786546606764,16.88786546606764,16.88786546606764,0.0,0.5477225575051662,4130.087323532034,103.37698002940499,51.688490014702495,51.688490014702495,51.688490014702495,0.0,2.23606797749979,9575.096589591147,73.20655708336514,36.60327854168257,36.60327854168257,36.60327854168257,0.0,2.1908902300206643,8339.110042444578,92.09777413162601,46.048887065813005,46.048887065813005,46.048887065813005,0.0,1.414213562373095,9162.746449618695,34.45576874777285,17.227884373886425,17.227884373886425,17.227884373886425,0.0,1.140175425099138,3541.318003229871,86.8400829110613,43.42004145553065,43.42004145553065,43.42004145553065,0.0,2.302172886644268,8232.044017132075,90.8691366746708,45.4345683373354,45.4345683373354,45.4345683373354,0.0,1.51657508881031,10922.693225573994,84.40379138403677,42.20189569201838,42.20189569201838,42.20189569201838,0.0,2.16794833886788,11387.22907471348,38.79690709322072,19.39845354661036,19.39845354661036,19.39845354661036,0.0,0.8944271909999159,4126.616349989419,76.14459928320589,38.072299641602946,38.072299641602946,38.072299641602946,0.0,1.6431676725154982,8463.708188495159,120.55206344148573,60.276031720742864,60.276031720742864,60.276031720742864,0.0,2.16794833886788,11908.320326561592,59.78963120809494,29.89481560404747,29.89481560404747,29.89481560404747,0.0,1.1401754250991378,6794.100212684532,36.1828688746484,18.0914344373242,18.0914344373242,18.0914344373242,0.0,1.816590212458495,2561.5946205440077,98.05100713404222,49.02550356702111,49.02550356702111,49.02550356702111,0.0,1.3038404810405297,9317.434453753887,97.03607576566563,48.518037882832814,48.518037882832814,48.518037882832814,0.0,1.7888543819998315,9390.23288848578,70.5209188822721,35.26045944113605,35.26045944113605,35.26045944113605,0.0,1.51657508881031,8454.8693839704,118.61197241425505,59.305986207127525,59.305986207127525,59.305986207127525,0.0,1.5811388300841898,13070.991228671222,35.14541221838207,17.572706109191035,17.57270610919104,17.57270610919104,0.0,2.588435821108957,2861.076423306445,54.229143456263444,27.114571728131722,27.114571728131722,27.114571728131722,0.0,1.0954451150103321,5740.362009490343,122.82182216528136,61.41091108264068,61.41091108264068,61.41091108264068,0.0,2.7748873851023212,11246.575825556862
0.0,33.76388603226827,16.881943016134134,16.881943016134134,16.881943016134134,0.0,0.5477225575051662,4125.852069573023,104.17869263913806,52.08934631956903,52.08934631956903,52.08934631956903,0.0,2.23606797749979,9576.995102849327,73.20655708336514,36.60327854168257,36.60327854168257,36.60327854168257,0.0,2.1908902300206643,8339.823781111925,92.09777413162601,46.048887065813005,46.048887065813005,46.048887065813005,0.0,1.414213562373095,9158.910786769353,34.68140712254911,17.340703561274555,17.340703561274555,17.340703561274555,0.0,1.3416407864998738,3540.970813209282,86.5262965808661,43.26314829043305,43.26314829043305,43.26314829043305,0.0,2.302172886644268,8233.710415116626,91.2951258282719,45.64756291413595,45.64756291413595,45.64756291413595,0.0,1.51657508881031,10923.610689694136,83.64926777922207,41.824633889611036,41.824633889611036,41.824633889611036,0.0,2.16794833886788,11386.278395507463,38.382287581643695,19.191143790821847,19.191143790821847,19.191143790821847,0.0,0.8944271909999159,4126.927707144869,76.14459928320589,38.072299641602946,38.072299641602946,38.072299641602946,0.0,1.6431676725154982,8463.503931587673,120.16655108639841,60.08327554319921,60.08327554319921,60.08327554319921,0.0,2.16794833886788,11911.12802382713,60.73878497303021,30.369392486515103,30.369392486515103,30.369392486515103,0.0,1.1401754250991378,6800.0616394265135,36.1828688746484,18.0914344373242,18.0914344373242,18.0914344373242,0.0,1.816590212458495,2562.629547944845,98.05100713404222,49.02550356702111,49.02550356702111,49.02550356702111,0.0,1.3038404810405297,9318.488117715233,96.42198919333701,48.210994596668506,48.210994596668506,48.210994596668506,0.0,1.7888543819998315,9392.938022791377,70.34770785178434,35.17385392589217,35.17385392589217,35.17385392589217,0.0,1.51657508881031,8454.51794604518,118.61197241425505,59.305986207127525,59.305986207127525,59.305986207127525,0.0,1.5811388300841898,13069.72173383963,35.14541221838207,17.572706109191035,17.57270610919104,17.57270610919104,0.0,2.588435821108957,2862.3316195018356,54.38014343489726,27.19007171744863,27.19007171744863,27.19007171744863,0.0,1.0954451150103321,5740.4852321036415,122.82182216528136,61.41091108264068,61.41091108264068,61.41091108264068,0.0,2.7748873851023212,11242.524774266678
0.0,33.544000953970894,16.772000476985447,16.772000476985447,16.772000476985447,0.0,0.5477225575051662,4123.8174426130945,104.17869263913806,52.08934631956903,52.08934631956903,52.08934631956903,0.0,2.23606797749979,9576.985475607657,73.03971522397934,36.51985761198967,36.51985761198967,36.51985761198967,0.0,2.1908902300206643,8338.74557112759,91.31922032080651,45.659610160403254,45.659610160403254,45.659610160403254,0.0,1.414213562373095,9155.048334115992,34.61213659975356,17.30606829987678,17.30606829987678,17.30606829987678,0.0,1.3416407864998738,3536.7944101968947,86.22064717919949,43.110323589599744,43.110323589599744,43.110323589599744,0.0,2.302172886644268,8232.660888194046,91.2951258282719,45.64756291413595,45.64756291413595,45.64756291413595,0.0,1.51657508881031,10922.586561799362,83.28985532464323,41.644927662321614,41.644927662321614,41.644927662321614,0.0,2.16794833886788,11389.875205637682,39.20204076320517,19.601020381602584,19.601020381602584,19.601020381602584,0.0,0.8944271909999159,4125.851584824641,76.14459928320589,38.072299641602946,38.072299641602946,38.072299641602946,0.0,1.6431676725154982,8465.653684152217,119.67957219174875,59.83978609587437,59.83978609587437,59.83978609587437,0.0,2.16794833886788,11904.172449187721,60.89991789813842,30.44995894906921,30.44995894906921,30.44995894906921,0.0,1.1401754250991378,6799.466133454891,36.698773821478014,18.349386910739007,18.349386910739007,18.349386910739007,0.0,1.816590212458495,2562.2179454527286,97.58483488739425,48.792417443697126,48.792417443697126,48.792417443697126,0.0,1.3038404810405297,9316.614127460683,97.09170922380551,48.545854611902755,48.545854611902755,48.545854611902755,0.0,1.7888543819998315,9399.51431192059,69.98571282769076,34.99285641384538,34.99285641384538,34.99285641384538,0.0,1.51657508881031,8452.29644534549,124.59534501738017,62.297672508690084,62.297672508690084,62.297672508690084,0.0,2.073644135332772,13522.277045675406,35.14541221838207,17.572706109191035,17.57270610919104,17.57270610919104,0.0,2.588435821108957,2861.6082890570474,53.702886328390214,26.851443164195107,26.851443164195107,26.851443164195107,0.0,1.0954451150103321,5739.831948759475,122.0409767250328,61.0204883625164,61.0204883625164,61.0204883625164,0.0,2.7748873851023212,11246.877624478715
0.0,32.75973137863008,16.37986568931504,16.37986568931504,16.37986568931504,0.0,0.5477225575051662,4125.135597771302,104.17869263913806,52.08934631956903,52.08934631956903,52.08934631956903,0.0,2.23606797749979,9574.777501331297,73.21748425068974,36.60874212534487,36.60874212534487,36.60874212534487,0.0,2.1908902300206643,8337.6651108089,90.8339143712303,45.41695718561515,45.41695718561515,45.41695718561515,0.0,1.3038404810405295,9153.548421240803,34.61213659975356,17.30606829987678,17.30606829987678,17.30606829987678,0.0,1.3416407864998738,3536.575278429684,86.22064717919949,43.110323589599744,43.110323589599744,43.110323589599744,0.0,2.302172886644268,8229.559726984186,91.2951258282719,45.64756291413595,45.64756291413595,45.64756291413595,0.0,1.51657508881031,10921.281325925087,83.28985532464323,41.644927662321614,41.644927662321614,41.644927662321614,0.0,2.16794833886788,11387.76847323478,40.288956303185614,20.144478151592807,20.144478151592807,20.144478151592807,0.0,0.8944271909999159,4127.028168064764,76.14459928320589,38.072299641602946,38.072299641602946,38.072299641602946,0.0,1.6431676725154982,8465.989044405856,118.82255678110954,59.41127839055477,59.41127839055477,59.41127839055477,0.0,2.16794833886788,11902.8482809788,60.530983801686226,30.265491900843113,30.265491900843113,30.265491900843113,0.0,1.1401754250991378,6797.441923253188,36.851051545376556,18.425525772688278,18.425525772688278,18.425525772688278,0.0,1.816590212458495,2561.37521655848,98.24052117125602,49.12026058562801,49.12026058562801,49.12026058562801,0.0,1.3038404810405297,9320.938552527852,97.93262990443992,48.96631495221996,48.96631495221996,48.96631495221996,0.0,1.7888543819998315,9401.670101636199,69.86272253498285,34.931361267491425,34.931361267491425,34.931361267491425,0.0,1.5165750888103102,8450.742405256475,124.56002569042768,62.28001284521384,62.28001284521384,62.28001284521384,0.0,2.073644135332772,13523.53732201749,35.31571887984159,17.6578594399208,17.657859439920795,17.657859439920795,0.0,2.588435821108957,2864.0836754536344,53.45278290229612,26.72639145114806,26.72639145114806,26.72639145114806,0.0,1.0954451150103321,5743.001001218788,122.5348929897113,61.26744649485565,61.26744649485565,61.26744649485565,0.0,2.7748873851023212,11244.723976158775
0.0,32.75973137863008,16.37986568931504,16.37986568931504,16.37986568931504,0.0,0.5477225575051662,4128.001187015333,104.17869263913806,52.08934631956903,52.08934631956903,52.08934631956903,0.0,2.23606797749979,9576.81787965084,72.52585745787498,36.26292872893749,36.26292872893749,36.26292872893749,0.0,2.1908902300206643,8338.205964114823,90.65318527222306,45.32659263611153,45.32659263611153,45.32659263611153,0.0,1.3038404810405295,9151.723673713057,34.3685903115039,17.18429515575195,17.18429515575195,17.18429515575195,0.0,1.3416407864998738,3541.4149714485593,85.71347618665341,42.856738093326705,42.856738093326705,42.856738093326705,0.0,2.302172886644268,8226.62535308373,88.94492678056461,44.47246339028231,44.47246339028231,44.47246339028231,0.0,1.51657508881031,10920.996671549718,82.93853145553037,41.46926572776518,41.46926572776518,41.46926572776518,0.0,2.16794833886788,11390.491078087898,40.422765862815474,20.211382931407737,20.211382931407737,20.211382931407737,0.0,0.8944271909999159,4123.227170554637,76.14459928320589,38.072299641602946,38.072299641602946,38.072299641602946,0.0,1.6431676725154982,8464.208013748244,118.82255678110954,59.41127839055477,59.41127839055477,59.41127839055477,0.0,2.16794833886788,11904.288122353222,60.93603203360061,30.468016016800306,30.468016016800306,30.468016016800306,0.0,1.140175425099138,6800.197239786505,48.715500613254505,24.357750306627253,24.357750306627253,24.357750306627253,0.0,2.949576240750525,3937.4027353066135,98.24052117125602,49.12026058562801,49.12026058562801,49.12026058562801,0.0,1.3038404810405297,9323.789294058504,96.84420478273339,48.42210239136669,48.42210239136669,48.42210239136669,0.0,1.7888543819998315,9400.896324287382,69.86272253498285,34.931361267491425,34.931361267491425,34.931361267491425,0.0,1.5165750888103102,8453.829812576072,125.00719979265195,62.50359989632597,62.50359989632597,62.50359989632597,0.0,2.073644135332772,13522.833419812581,34.51376536977674,17.25688268488837,17.25688268488837,17.25688268488837,0.0,2.302172886644268,2866.396483391647,53.45278290229612,26.72639145114806,26.72639145114806,26.72639145114806,0.0,1.0954451150103321,5741.970262897571,122.5348929897113,61.26744649485565,61.26744649485565,61.26744649485565,0.0,2.7748873851023212,11243.701725855235
0.0,32.75973137863008,16.37986568931504,16.37986568931504,16.37986568931504,0.0,0.5477225575051662,4128.192001348774,105.83950113261116,52.91975056630558,52.91975056630558,52.91975056630558,0.0,2.23606797749979,9580.585509247334,72.3519177354685,36.17595886773425,36.17595886773425,36.17595886773425,0.0,2.1908902300206643,8342.90385896901,90.65318527222306,45.32659263611153,45.32659263611153,45.32659263611153,0.0,1.3038404810405295,9150.471720080883,34.31034829318991,17.155174146594955,17.155174146594955,17.155174146594955,0.0,1.3416407864998738,3542.5205009992533,85.71347618665341,42.856738093326705,42.856738093326705,42.856738093326705,0.0,2.302172886644268,8223.998145670997,89.38232487466412,44.69116243733206,44.69116243733206,44.69116243733206,0.0,1.51657508881031,10921.247479111533,82.9529987402505,41.47649937012525,41.47649937012525,41.47649937012525,0.0,2.16794833886788,11388.688576829203,40.0349847008838,20.0174923504419,20.0174923504419,20.0174923504419,0.0,0.8944271909999159,4121.951079282722,73.73737180019369,36.86868590009684,36.86868590009684,36.86868590009684,0.0,1.30384048104053,8463.231516388998,119.02940813093208,59.51470406546604,59.51470406546604,59.51470406546604,0.0,2.16794833886788,11906.740372578886,60.358926431804605,30.179463215902302,30.179463215902302,30.179463215902302,0.0,1.140175425099138,6797.8971969278855,47.93745925682754,23.96872962841377,23.96872962841377,23.96872962841377,0.0,2.5495097567963922,3936.2400587362554,98.24052117125602,49.12026058562801,49.12026058562801,49.12026058562801,0.0,1.3038404810405297,9324.575657905298,96.42198919333701,48.210994596668506,48.210994596668506,48.210994596668506,0.0,1.7888543819998315,9393.705647932557,69.52697318307479,34.763486591537394,34.763486591537394,34.763486591537394,0.0,1.5165750888103102,8455.06792994592,125.00719979265195,62.50359989632597,62.50359989632597,62.50359989632597,0.0,2.073644135332772,13524.95329751641,21.475567512873788,10.737783756436894,10.737783756436894,10.737783756436894,0.0,1.8708286933869707,1986.6171749987463,53.602238759216014,26.801119379608007,26.801119379608007,26.801119379608007,0.0,1.0954451150103321,5743.602066647723,123.06583603908926,61.53291801954463,61.53291801954463,61.53291801954463,0.0,2.7748873851023212,11242.028117737475
0.0,33.34666400106613,16.673332000533065,16.673332000533065,16.673332000533065,0.0,0.5477225575051662,4127.5076256743605,105.83950113261116,52.91975056630558,52.91975056630558,52.91975056630558,0.0,2.23606797749979,9580.735916410596,72.3519177354685,36.17595886773425,36.17595886773425,36.17595886773425,0.0,2.1908902300206643,8339.550395554907,90.65318527222306,45.32659263611153,45.32659263611153,45.32659263611153,0.0,1.3038404810405295,9149.65224475772,34.31034829318991,17.155174146594955,17.155174146594955,17.155174146594955,0.0,1.3416407864998738,3542.62717485202,85.28305810651962,42.64152905325981,42.64152905325981,42.64152905325981,0.0,2.302172886644268,8223.424925175641,91.13287003052193,45.566435015260964,45.566435015260964,45.566435015260964,0.0,1.51657508881031,10922.50219501008,82.9529987402505,41.47649937012525,41.47649937012525,41.47649937012525,0.0,2.16794833886788,11384.381603758722,40.0349847008838,20.0174923504419,20.0174923504419,20.0174923504419,0.0,0.8944271909999159,4122.5587564036005,73.4928567957458,36.7464283978729,36.7464283978729,36.7464283978729,0.0,1.30384048104053,8465.17399112387,119.24260983390123,59.62130491695061,59.62130491695061,59.62130491695061,0.0,2.16794833886788,11908.374145952923,60.358926431804605,30.179463215902302,30.179463215902302,30.179463215902302,0.0,1.140175425099138,6798.070402695165,47.93745925682754,23.96872962841377,23.96872962841377,23.96872962841377,0.0,2.5495097567963922,3934.8464773101377,99.0797658455045,49.53988292275225,49.53988292275225,49.53988292275225,0.0,1.3038404810405297,9327.606107678432,96.23512872127309,48.11756436063654,48.11756436063654,48.11756436063654,0.0,1.7888543819998315,9393.76626811632,69.52697318307479,34.763486591537394,34.763486591537394,34.763486591537394,0.0,1.5165750888103102,8452.893173346034,124.64349160706307,62.321745803531535,62.321745803531535,62.321745803531535,0.0,2.073644135332772,13524.235845325977,20.5621010599598,10.2810505299799,10.2810505299799,10.2810505299799,0.0,1.6431676725154984,1986.0480104972287,52.44044240850758,26.22022120425379,26.22022120425379,26.22022120425379,0.0,1.0954451150103321,5740.2117818073575,123.25907674487911,61.629538372439555,61.629538372439555,61.629538372439555,0.0,2.7748873851023212,11242.17228563946
0.0,33.184333653096004,16.592166826548002,16.592166826548002,16.592166826548002,0.0,0.5477225575051662,4132.030820311001,105.83950113261116,52.91975056630558,52.91975056630558,52.91975056630558,0.0,2.23606797749979,9582.407969816355,71.86932586298553,35.93466293149277,35.93466293149277,35.93466293149277,0.0,2.1908902300206643,8337.665458628093,90.65318527222306,45.32659263611153,45.32659263611153,45.32659263611153,0.0,1.3038404810405295,9150.050508057318,34.04115156689033,17.020575783445164,17.020575783445164,17.020575783445164,0.0,1.0954451150103326,3540.2696648701776,86.89073598491383,43.445367992456916,43.445367992456916,43.445367992456916,0.0,2.302172886644268,8225.268828433513,91.13287003052193,45.566435015260964,45.566435015260964,45.566435015260964,0.0,1.51657508881031,10924.495970066537,84.36112848937003,42.180564244685016,42.180564244685016,42.180564244685016,0.0,2.5099800796022267,11484.910435001224,39.66358531449218,19.83179265724609,19.83179265724609,19.83179265724609,0.0,0.8944271909999159,4122.960671653321,73.4928567957458,36.7464283978729,36.7464283978729,36.7464283978729,0.0,1.30384048104053,8463.128458200312,119.99666662036908,59.99833331018454,59.99833331018454,59.99833331018454,0.0,2.16794833886788,11907.42700166581,59.956651007206865,29.978325503603433,29.978325503603433,29.978325503603433,0.0,1.140175425099138,6800.963769937317,49.286915099243124,24.643457549621562,24.643457549621562,24.643457549621562,0.0,2.5495097567963922,3937.561263015472,99.91996797437437,49.95998398718719,49.95998398718719,49.95998398718719,0.0,1.3038404810405297,9325.10772055744,96.00416657624814,48.00208328812407,48.00208328812407,48.00208328812407,0.0,1.6733200530681507,9393.225340637793,69.39164214802817,34.695821074014084,34.695821074014084,34.695821074014084,0.0,1.5165750888103102,8452.696285801354,61.14572756947128,30.57286378473564,30.57286378473564,30.57286378473564,0.0,1.816590212458495,5963.057076701513,22.47665455533808,11.23832727766904,11.23832727766904,11.23832727766904,0.0,2.3874672772626644,2113.442570783507,52.046133381837315,26.023066690918657,26.023066690918657,26.023066690918657,0.0,1.0954451150103321,5739.566142140014,123.1665539016173,61.58327695080865,61.58327695080865,61.58327695080865,0.0,2.7748873851023212,11240.177222802138
0.0,33.184333653096004,16.592166826548002,16.592166826548002,16.592166826548002,0.0,0.5477225575051662,4130.369014991275,105.83950113261116,52.91975056630558,52.91975056630558,52.91975056630558,0.0,2.23606797749979,9580.319916370225,71.70216175262779,35.851080876313894,35.851080876313894,35.851080876313894,0.0,2.1908902300206643,8337.955025064599,90.65318527222306,45.32659263611153,45.32659263611153,45.32659263611153,0.0,1.3038404810405295,9151.631056811677,34.40930106817051,17.204650534085253,17.204650534085253,17.204650534085253,0.0,1.0954451150103326,3540.245655318286,86.89073598491383,43.445367992456916,43.445367992456916,43.445367992456916,0.0,2.302172886644268,8228.033258318783,91.03186255372346,45.51593127686173,45.51593127686173,45.51593127686173,0.0,1.51657508881031,10927.607848930158,85.57569748474154,42.78784874237077,42.78784874237077,42.78784874237077,0.0,2.9154759474226504,11525.360241658393,39.66358531449218,19.83179265724609,19.83179265724609,19.83179265724609,0.0,0.8944271909999159,4127.336465567109,73.4928567957458,36.7464283978729,36.7464283978729,36.7464283978729,0.0,1.30384048104053,8463.780674143205,119.1419321649603,59.57096608248015,59.57096608248015,59.57096608248015,0.0,2.16794833886788,11907.321180685436,59.956651007206865,29.978325503603433,29.978325503603433,29.978325503603433,0.0,1.140175425099138,6801.491696679486,48.744230427815765,24.372115213907882,24.372115213907882,24.372115213907882,0.0,2.16794833886788,3937.05939757073,99.48467218622174,49.74233609311087,49.74233609311087,49.74233609311087,0.0,1.3038404810405297,9325.381600771092,95.58242516278817,47.791212581394085,47.791212581394085,47.791212581394085,0.0,1.6733200530681507,9397.716504555774,70.23674252127586,35.11837126063793,35.11837126063793,35.11837126063793,0.0,1.5165750888103102,8452.980935740954,59.60536888569687,29.802684442848435,29.802684442848435,29.802684442848435,0.0,1.816590212458495,5961.825752233958,22.47665455533808,11.23832727766904,11.23832727766904,11.23832727766904,0.0,2.3874672772626644,2113.066302793171,52.184288823361385,26.092144411680692,26.092144411680692,26.092144411680692,0.0,1.0954451150103321,5738.413395704426,123.06583603908926,61.53291801954463,61.53291801954463,61.53291801954463,0.0,2.7748873851023212,11241.941438203634
0.0,33.184333653096004,16.592166826548002,16.592166826548002,16.592166826548002,0.0,0.5477225575051662,4131.643196114592,105.83950113261116,52.91975056630558,52.91975056630558,52.91975056630558,0.0,2.23606797749979,9581.725288276637,71.349842326385,35.6749211631925,35.6749211631925,35.6749211631925,0.0,2.1908902300206643,8336.482129771526,91.0230739977507,45.51153699887535,45.51153699887535,45.51153699887535,0.0,1.3038404810405295,9151.442563880299,35.08275929855005,17.541379649275026,17.541379649275026,17.541379649275026,0.0,1.0954451150103326,3538.592347247702,86.8262633078264,43.4131316539132,43.4131316539132,43.4131316539132,0.0,2.302172886644268,8231.126605756954,91.03186255372346,45.51593127686173,45.51593127686173,45.51593127686173,0.0,1.51657508881031,10924.753965192993,86.30643081485876,43.15321540742938,43.15321540742938,43.15321540742938,0.0,2.9154759474226504,11522.334711333464,72.10547829395489,36.052739146977444,36.052739146977444,36.052739146977444,0.0,3.5637059362410923,6881.238892815741,73.21748425068974,36.60874212534487,36.60874212534487,36.60874212534487,0.0,1.30384048104053,8464.505655973064,118.65411918681963,59.327059593409814,59.327059593409814,59.327059593409814,0.0,2.16794833886788,11897.539085878223,59.80969821024012,29.90484910512006,29.90484910512006,29.90484910512006,0.0,1.140175425099138,6797.576862382653,48.93669379923413,24.468346899617064,24.468346899617064,24.468346899617064,0.0,2.16794833886788,3931.5277819188814,99.30357496082405,49.651787480412025,49.651787480412025,49.651787480412025,0.0,1.3038404810405297,9327.951447129215,95.58242516278817,47.791212581394085,47.791212581394085,47.791212581394085,0.0,1.6733200530681507,9396.601247259563,69.77965319489628,34.88982659744814,34.88982659744814,34.88982659744814,0.0,1.5165750888103102,8449.353809611715,59.60536888569687,29.802684442848435,29.802684442848435,29.802684442848435,0.0,1.816590212458495,5963.680465953889,22.689204481426845,11.344602240713423,11.344602240713423,11.344602240713423,0.0,2.3874672772626644,2110.965845294518,52.3373671481476,26.1686835740738,26.1686835740738,26.1686835740738,0.0,1.0954451150103321,5739.478983322441,123.25907674487911,61.629538372439555,61.629538372439555,61.629538372439555,0.0,2.7748873851023212,11243.826870776693
0.0,33.19638534539566,16.59819267269783,16.59819267269783,16.59819267269783,0.0,0.5477225575051662,4132.430120401312,105.83950113261116,52.91975056630558,52.91975056630558,52.91975056630558,0.0,2.23606797749979,9586.321020078558,70.95914317408294,35.47957158704147,35.47957158704147,35.47957158704147,0.0,2.1908902300206643,8336.146951679775,90.7259610034526,45.3629805017263,45.3629805017263,45.3629805017263,0.0,1.3038404810405295,9152.08628128035,35.08275929855005,17.541379649275026,17.541379649275026,17.541379649275026,0.0,1.0954451150103326,3538.6172864552623,87.6310447273111,43.81552236365555,43.81552236365555,43.81552236365555,0.0,2.302172886644268,8230.092994614339,91.03186255372346,45.51593127686173,45.51593127686173,45.51593127686173,0.0,1.51657508881031,10926.823898095914,86.32033364161656,43.16016682080828,43.16016682080828,43.16016682080828,0.0,2.7748873851023217,11523.259009499006,72.10547829395489,36.052739146977444,36.052739146977444,36.052739146977444,0.0,3.5637059362410923,6879.33819491381,73.21748425068974,36.60874212534487,36.60874212534487,36.60874212534487,0.0,1.30384048104053,8467.8938526649,118.65411918681963,59.327059593409814,59.327059593409814,59.327059593409814,0.0,2.16794833886788,11896.932007874972,58.28207271537278,29.14103635768639,29.14103635768639,29.14103635768639,0.0,1.140175425099138,6794.046437874855,48.93669379923413,24.468346899617064,24.468346899617064,24.468346899617064,0.0,2.16794833886788,3930.9943398585556,99.30357496082405,49.651787480412025,49.651787480412025,49.651787480412025,0.0,1.3038404810405297,9329.508304299858,95.56568421771489,47.782842108857444,47.782842108857444,47.782842108857444,0.0,1.6733200530681507,9395.519080923628,69.09992764106197,34.549963820530984,34.549963820530984,34.549963820530984,0.0,1.5165750888103102,8449.662963692694,60.441707454372924,30.220853727186462,30.220853727186462,30.220853727186462,0.0,1.816590212458495,5966.170321068616,22.93468988235943,11.467344941179714,11.467344941179714,11.467344941179714,0.0,2.5495097567963927,2147.4663443230024,52.3373671481476,26.1686835740738,26.1686835740738,26.1686835740738,0.0,1.0954451150103321,5741.556261154287,122.67028980156523,61.335144900782616,61.335144900782616,61.335144900782616,0.0,2.7748873851023212,11244.201639067132
0.0,33.19638534539566,16.59819267269783,16.59819267269783,16.59819267269783,0.0,0.5477225575051662,4131.60341756079,105.26727886670197,52.633639433350986,52.633639433350986,52.633639433350986,0.0,1.9235384061671346,9582.861013288255,71.56256004364293,35.781280021821466,35.781280021821466,35.781280021821466,0.0,2.1908902300206643,8337.211932054985,89.94442728707543,44.972213643537714,44.972213643537714,44.972213643537714,0.0,1.1401754250991378,9153.546290919165,35.08275929855005,17.541379649275026,17.541379649275026,17.541379649275026,0.0,1.0954451150103326,3535.143236136267,88.50310729008332,44.25155364504166,44.25155364504166,44.25155364504166,0.0,2.588435821108957,8229.231543710506,91.03186255372346,45.51593127686173,45.51593127686173,45.51593127686173,0.0,1.51657508881031,10923.6529467024,85.49152004731229,42.745760023656146,42.745760023656146,42.745760023656146,0.0,2.5099800796022267,11523.644748949873,72.04720674668796,36.02360337334398,36.02360337334398,36.02360337334398,0.0,3.5637059362410923,6881.922442166869,73.21748425068974,36.60874212534487,36.60874212534487,36.60874212534487,0.0,1.30384048104053,8470.672476255944,119.0428494282626,59.5214247141313,59.5214247141313,59.5214247141313,0.0,2.16794833886788,11895.501872556702,58.76393451769546,29.38196725884773,29.38196725884773,29.38196725884773,0.0,1.140175425099138,6792.8917847997545,48.79754092164891,24.398770460824455,24.398770460824455,24.398770460824455,0.0,2.16794833886788,3927.8507863716004,98.62048468751307,49.310242343756535,49.310242343756535,49.310242343756535,0.0,1.3038404810405297,9329.198475753423,95.13569256593448,47.56784628296724,47.56784628296724,47.56784628296724,0.0,1.6733200530681507,9395.086827698826,69.15200647848188,34.57600323924094,34.57600323924094,34.57600323924094,0.0,1.4832396974191324,8451.218805592482,59.45418404115895,29.727092020579477,29.727092020579477,29.727092020579477,0.0,1.816590212458495,5965.3505932174685,21.890637268019404,10.945318634009702,10.945318634009702,10.945318634009702,0.0,2.1679483388678804,2149.9501854694213,52.687759489277965,26.343879744638983,26.343879744638983,26.343879744638983,0.0,1.0954451150103321,5744.818682952491,123.69801938592227,61.84900969296113,61.84900969296113,61.84900969296113,0.0,2.7748873851023212,11241.02017167481
0.0,33.2084326640087,16.60421633200435,16.60421633200435,16.60421633200435,0.0,0.5477225575051662,4137.761689609492,105.26727886670197,52.633639433350986,52.633639433350986,52.633639433350986,0.0,1.9235384061671346,9582.626664959875,71.56256004364293,35.781280021821466,35.781280021821466,35.781280021821466,0.0,2.1908902300206643,8339.088901073066,89.2703758253543,44.63518791267715,44.63518791267715,44.63518791267715,0.0,0.8944271909999159,9154.772760697013,35.031414473298106,17.515707236649053,17.515707236649053,17.515707236649053,0.0,1.0954451150103326,3530.8113373557644,88.50310729008332,44.25155364504166,44.25155364504166,44.25155364504166,0.0,2.588435821108957,8227.80989692883,91.06041950265768,45.53020975132884,45.53020975132884,45.53020975132884,0.0,1.51657508881031,10927.417467087089,85.79044235810886,42.89522117905443,42.89522117905443,42.89522117905443,0.0,2.5099800796022267,11521.142751480862,72.04720674668796,36.02360337334398,36.02360337334398,36.02360337334398,0.0,3.5637059362410923,6880.884303634236,73.21748425068974,36.60874212534487,36.60874212534487,36.60874212534487,0.0,1.30384048104053,8467.085431244921,119.0428494282626,59.5214247141313,59.5214247141313,59.5214247141313,0.0,2.16794833886788,11897.176652466753,58.930467501963705,29.465233750981852,29.465233750981852,29.465233750981852,0.0,1.140175425099138,6791.573948651373,48.79754092164891,24.398770460824455,24.398770460824455,24.398770460824455,0.0,2.16794833886788,3928.5415487175387,98.62048468751307,49.310242343756535,49.310242343756535,49.310242343756535,0.0,1.3038404810405297,9330.0183654696,95.13569256593448,47.56784628296724,47.56784628296724,47.56784628296724,0.0,1.6733200530681507,9389.700005857481,69.15200647848188,34.57600323924094,34.57600323924094,34.57600323924094,0.0,1.4832396974191324,8452.749256898609,59.45418404115895,29.727092020579477,29.727092020579477,29.727092020579477,0.0,1.816590212458495,5964.701560011196,21.890637268019404,10.945318634009702,10.945318634009702,10.945318634009702,0.0,2.1679483388678804,2150.8231679987084,52.687759489277965,26.343879744638983,26.343879744638983,26.343879744638983,0.0,1.0954451150103321,5747.1694163300945,123.69801938592227,61.84900969296113,61.84900969296113,61.84900969296113,0.0,2.7748873851023212,11242.207269927023
0.0,33.81124073440666,16.90562036720333,16.90562036720333,16.90562036720333,0.0,0.5477225575051662,4141.726837926422,105.20076045352525,52.600380226762624,52.600380226762624,52.600380226762624,0.0,1.9235384061671346,9583.332969275356,71.18145825985866,35.59072912992933,35.59072912992933,35.59072912992933,0.0,2.1908902300206643,8338.977617190252,89.2703758253543,44.63518791267715,44.63518791267715,44.63518791267715,0.0,0.8944271909999159,9153.722614324732,34.65833233148993,17.329166165744965,17.329166165744965,17.329166165744965,0.0,1.0954451150103326,3528.1130650816735,89.30845424706443,44.654227123532216,44.654227123532216,44.654227123532216,0.0,2.588435821108957,8230.27974615687,90.05109660631568,45.02554830315784,45.02554830315784,45.02554830315784,0.0,1.5165750888103102,10927.955238744345,85.79044235810886,42.89522117905443,42.89522117905443,42.89522117905443,0.0,2.5099800796022267,11521.308358862721,71.26008700527947,35.63004350263974,35.63004350263974,35.63004350263974,0.0,3.1304951684997055,6878.513901999472,73.21748425068974,36.60874212534487,36.60874212534487,36.60874212534487,0.0,1.30384048104053,8466.485853056154,119.0428494282626,59.5214247141313,59.5214247141313,59.5214247141313,0.0,2.16794833886788,11899.769817101505,59.04913208506964,29.52456604253482,29.52456604253482,29.52456604253482,0.0,1.140175425099138,6793.186086071837,50.54502942921292,25.27251471460646,25.27251471460646,25.27251471460646,0.0,2.16794833886788,3927.763803998402,98.62048468751307,49.310242343756535,49.310242343756535,49.310242343756535,0.0,1.3038404810405297,9327.545443470108,95.79770352153542,47.89885176076771,47.89885176076771,47.89885176076771,0.0,1.6733200530681507,9392.882076338445,68.8273201570423,34.41366007852115,34.41366007852115,34.41366007852115,0.0,1.4832396974191324,8449.745960678345,58.50470066584394,29.25235033292197,29.25235033292197,29.25235033292197,0.0,1.51657508881031,5961.484110521473,21.890637268019404,10.945318634009702,10.945318634009702,10.945318634009702,0.0,2.1679483388678804,2154.139921175038,51.5286328171047,25.76431640855235,25.764316408552354,25.764316408552354,0.0,1.0954451150103321,5744.679277383551,124.09190142793364,62.04595071396682,62.04595071396682,62.04595071396682,0.0,2.7748873851023212,11242.93919311138
0.0,33.84080377296024,16.92040188648012,16.92040188648012,16.92040188648012,0.0,0.5477225575051662,4139.392467500515,104.43562610527117,52.217813052635584,52.217813052635584,52.217813052635584,0.0,1.9235384061671346,9582.724028166522,71.29375849259176,35.64687924629588,35.64687924629588,35.64687924629588,0.0,2.1908902300206643,8339.999022781718,89.2703758253543,44.63518791267715,44.63518791267715,44.63518791267715,0.0,0.8944271909999159,9155.57580384762,35.33836442168766,17.66918221084383,17.66918221084383,17.66918221084383,0.0,1.0954451150103326,3533.2458589800967,89.30845424706443,44.654227123532216,44.654227123532216,44.654227123532216,0.0,2.588435821108957,8233.343105932121,90.12213934433647,45.06106967216824,45.06106967216824,45.06106967216824,0.0,1.5165750888103102,10931.508139319112,85.83239481687552,42.91619740843776,42.91619740843776,42.91619740843776,0.0,2.4083189157584592,11518.875018854924,73.22567855609124,36.61283927804562,36.61283927804562,36.61283927804562,0.0,4.0,6974.298065038517,73.29938608201299,36.64969304100649,36.64969304100649,36.64969304100649,0.0,1.30384048104053,8467.394746910057,119.80317191126451,59.90158595563226,59.90158595563226,59.90158595563226,0.0,2.16794833886788,11903.170094558844,58.69582608669887,29.347913043349436,29.347913043349436,29.347913043349436,0.0,1.140175425099138,6793.225647658114,50.37062636100528,25.18531318050264,25.18531318050264,25.18531318050264,0.0,2.16794833886788,3925.7652375046578,98.6772516844688,49.3386258422344,49.3386258422344,49.3386258422344,0.0,1.3038404810405297,9328.555960061556,95.79770352153542,47.89885176076771,47.89885176076771,47.89885176076771,0.0,1.6733200530681507,9393.070717289422,69.7853852894716,34.8926926447358,34.8926926447358,34.8926926447358,0.0,1.4832396974191324,8448.976227922529,57.993103038206186,28.996551519103093,28.996551519103093,28.996551519103093,0.0,1.51657508881031,5961.3754704765915,21.51278689523977,10.756393447619885,10.756393447619885,10.756393447619885,0.0,2.1679483388678804,2155.593932075334,51.5286328171047,25.76431640855235,25.764316408552354,25.764316408552354,0.0,1.0954451150103321,5742.4216407365975,123.11458077742051,61.55729038871026,61.55729038871026,61.55729038871026,0.0,2.4083189157584592,11245.921136127534
0.0,33.982348359111384,16.991174179555692,16.991174179555692,16.991174179555692,0.0,0.5477225575051662,4141.544361708564,104.37049391470752,52.18524695735376,52.18524695735376,52.18524695735376,0.0,1.9235384061671346,9581.746109138981,71.74398929527129,35.871994647635645,35.871994647635645,35.871994647635645,0.0,2.1908902300206643,8336.488181482657,89.65935534008706,44.82967767004353,44.82967767004353,44.82967767004353,0.0,1.0954451150103326,9155.16022251932,35.33836442168766,17.66918221084383,17.66918221084383,17.66918221084383,0.0,1.0954451150103326,3533.8890050481214,89.30845424706443,44.654227123532216,44.654227123532216,44.654227123532216,0.0,2.588435821108957,8232.795315079806,90.54722524738126,45.27361262369063,45.27361262369063,45.27361262369063,0.0,1.5165750888103102,10927.530036563616,86.2020881417614,43.1010440708807,43.1010440708807,43.1010440708807,0.0,2.4083189157584592,11514.089555844179,72.43479826713124,36.21739913356562,36.21739913356562,36.21739913356562,0.0,3.5637059362410923,6971.562722948134,73.0479294709987,36.52396473549935,36.52396473549935,36.52396473549935,0.0,1.30384048104053,8474.10514449756,119.32644300405505,59.663221502027525,59.663221502027525,59.663221502027525,0.0,2.16794833886788,11900.461869188102,57.330620090838025,28.665310045419012,28.665310045419012,28.665310045419012,0.0,1.140175425099138,6789.574191361341,51.0098029794274,25.5049014897137,25.5049014897137,25.5049014897137,0.0,2.16794833886788,3921.433309390841,98.22016086323623,49.110080431618115,49.110080431618115,49.110080431618115,0.0,1.3038404810405297,9325.364239535098,95.79770352153542,47.89885176076771,47.89885176076771,47.89885176076771,0.0,1.6733200530681507,9392.77925855814,71.45068229205373,35.725341146026864,35.725341146026864,35.725341146026864,0.0,1.4832396974191324,8449.327624136728,58.532042506647585,29.266021253323792,29.266021253323792,29.266021253323792,0.0,1.51657508881031,5959.79930031205,21.51278689523977,10.756393447619885,10.756393447619885,10.756393447619885,0.0,2.1679483388678804,2156.4347196240374,51.15466743123251,25.577333715616255,25.577333715616255,25.577333715616255,0.0,1.0954451150103321,5741.43812123757,123.02845199383759,61.514225996918796,61.514225996918796,61.514225996918796,0.0,2.4083189157584592,11246.016419159274
0.0,33.982348359111384,16.991174179555692,16.991174179555692,16.991174179555692,0.0,0.5477225575051662,4141.315467336436,104.14028999383476,52.07014499691738,52.07014499691738,52.07014499691738,0.0,1.9235384061671346,9582.858759263856,72.80659310804208,36.40329655402104,36.40329655402104,36.40329655402104,0.0,2.1908902300206643,8335.649272852115,90.43229511629129,45.21614755814564,45.21614755814564,45.21614755814564,0.0,1.0954451150103326,9152.447880212158,35.70994259306503,17.854971296532515,17.854971296532515,17.854971296532515,0.0,1.0954451150103326,3533.9120956809325,88.81891690400194,44.40945845200097,44.40945845200097,44.40945845200097,0.0,2.23606797749979,8227.667846966113,90.97911848330912,45.48955924165456,45.48955924165456,45.48955924165456,0.0,1.5165750888103102,10927.753808537233,86.2020881417614,43.1010440708807,43.1010440708807,43.1010440708807,0.0,2.4083189157584592,11513.648952439014,72.36850143536205,36.184250717681024,36.184250717681024,36.184250717681024,0.0,3.5637059362410923,6971.979152292411,73.0479294709987,36.52396473549935,36.52396473549935,36.52396473549935,0.0,1.30384048104053,8477.356987882486,119.32644300405505,59.663221502027525,59.663221502027525,59.663221502027525,0.0,2.16794833886788,11897.98472431361,57.83424591018716,28.91712295509358,28.91712295509358,28.91712295509358,0.0,0.8366600265340756,6788.395296386327,50.307057159011,25.1535285795055,25.1535285795055,25.1535285795055,0.0,2.16794833886788,3923.056040894649,98.03468773857547,49.017343869287735,49.017343869287735,49.017343869287735,0.0,1.3038404810405297,9327.547560854353,95.62008157285791,47.81004078642896,47.81004078642896,47.81004078642896,0.0,1.6733200530681507,9394.247404662066,70.71633474664817,35.358167373324086,35.358167373324086,35.358167373324086,0.0,1.4832396974191324,8448.12550214543,58.05859109554761,29.029295547773806,29.029295547773806,29.029295547773806,0.0,1.51657508881031,5959.895527607846,21.166010488516726,10.583005244258363,10.583005244258363,10.583005244258363,0.0,2.1679483388678804,2151.7117139617008,50.93917942016734,25.46958971008367,25.46958971008367,25.46958971008367,0.0,1.0954451150103321,5740.234646771854,121.75877791765159,60.87938895882579,60.87938895882579,60.87938895882579,0.0,2.4083189157584592,11244.223481414801
0.0,34.187717092546556,17.093858546273278,17.093858546273278,17.093858546273278,0.0,0.5477225575051662,4142.782060403371,104.08650248711405,52.04325124355702,52.04325124355702,52.04325124355702,0.0,1.9235384061671346,9582.015878717797,72.80659310804208,36.40329655402104,36.40329655402104,36.40329655402104,0.0,2.1908902300206643,8338.417038023465,89.94887436760952,44.97443718380476,44.97443718380476,44.97443718380476,0.0,1.0954451150103326,9153.977507073088,35.42315626818141,17.711578134090704,17.711578134090704,17.711578134090704,0.0,1.0000000000000002,3535.8461080765383,88.81891690400194,44.40945845200097,44.40945845200097,44.40945845200097,0.0,2.23606797749979,8230.311519013116,90.97911848330912,45.48955924165456,45.48955924165456,45.48955924165456,0.0,1.5165750888103102,10927.998846998475,85.84870412533901,42.924352062669506,42.924352062669506,42.924352062669506,0.0,2.4083189157584592,11518.051797070544,72.80659310804207,36.40329655402103,36.40329655402103,36.40329655402103,0.0,3.5637059362410923,6974.822492364949,73.10813908177393,36.554069540886964,36.554069540886964,36.554069540886964,0.0,1.30384048104053,8481.502885691898,118.24889005821576,59.12444502910788,59.12444502910788,59.12444502910788,0.0,2.1213203435596424,11897.276003354718,58.39520528262573,29.197602641312866,29.197602641312866,29.197602641312866,0.0,0.8366600265340756,6788.637219648727,50.1717051733345,25.08585258666725,25.08585258666725,25.08585258666725,0.0,2.16794833886788,3924.206480296367,98.03468773857547,49.017343869287735,49.017343869287735,49.017343869287735,0.0,1.3038404810405297,9328.206971331629,96.04165762834376,48.02082881417188,48.02082881417188,48.02082881417188,0.0,1.6733200530681507,9397.432984597443,70.71633474664817,35.358167373324086,35.358167373324086,35.358167373324086,0.0,1.4832396974191324,8443.449383989935,58.05859109554761,29.029295547773806,29.029295547773806,29.029295547773806,0.0,1.51657508881031,5959.828084768888,21.651789764358973,10.825894882179487,10.825894882179487,10.825894882179487,0.0,2.1679483388678804,2149.8480876564277,51.606201177765456,25.803100588882728,25.803100588882728,25.803100588882728,0.0,1.0954451150103321,5735.359857933938,122.18837915284743,61.094189576423716,61.094189576423716,61.094189576423716,0.0,2.5099800796022262,11240.580278615513
0.0,35.16816742453322,17.58408371226661,17.58408371226661,17.58408371226661,0.0,0.5477225575051662,4139.486646916499,104.08650248711405,52.04325124355702,52.04325124355702,52.04325124355702,0.0,1.9235384061671346,9582.150525847524,72.80659310804208,36.40329655402104,36.40329655402104,36.40329655402104,0.0,2.1908902300206643,8334.777729489851,90.93954035511726,45.46977017755863,45.46977017755863,45.46977017755863,0.0,1.0954451150103326,9153.57535064851,35.031414473298106,17.515707236649053,17.515707236649053,17.515707236649053,0.0,1.0000000000000002,3533.1768565980387,89.62812058723534,44.81406029361767,44.81406029361767,44.81406029361767,0.0,2.23606797749979,8230.836397353552,90.97911848330912,45.48955924165456,45.48955924165456,45.48955924165456,0.0,1.5165750888103102,10933.760158335284,86.54016408581624,43.27008204290812,43.27008204290812,43.27008204290812,0.0,2.4083189157584592,11515.03029522719,73.57173370255727,36.785866851278634,36.785866851278634,36.785866851278634,0.0,4.0,7079.083754272158,74.59758709234501,37.298793546172504,37.298793546172504,37.298793546172504,0.0,1.30384048104053,8480.860610810674,117.29791131985257,58.64895565992629,58.64895565992629,58.64895565992629,0.0,2.1213203435596424,11898.653915464556,58.05859109554761,29.029295547773806,29.029295547773806,29.029295547773806,0.0,0.8366600265340756,6791.914406115554,50.37062636100528,25.18531318050264,25.18531318050264,25.18531318050264,0.0,2.16794833886788,3927.5526476420405,98.18961248523188,49.09480624261594,49.09480624261594,49.09480624261594,0.0,1.3038404810405297,9326.367122304377,95.86866015544392,47.93433007772196,47.93433007772196,47.93433007772196,0.0,1.6733200530681507,9397.012706174233,70.55494312945054,35.27747156472527,35.27747156472527,35.27747156472527,0.0,1.4832396974191324,8440.66006305194,57.68188623822907,28.840943119114534,28.840943119114534,28.840943119114534,0.0,1.51657508881031,5963.7956621601315,21.651789764358973,10.825894882179487,10.825894882179487,10.825894882179487,0.0,2.1679483388678804,2149.5978228496606,51.606201177765456,25.803100588882728,25.803100588882728,25.803100588882728,0.0,1.0954451150103321,5736.403681750439,122.73059928151577,61.36529964075788,61.36529964075788,61.36529964075788,0.0,2.5099800796022262,11241.295307926039
0.0,35.372305551094634,17.686152775547317,17.686152775547317,17.686152775547317,0.0,0.5477225575051662,4138.46203317126,104.08650248711405,52.04325124355702,52.04325124355702,52.04325124355702,0.0,1.9235384061671346,9580.746562768478,72.62231062146122,36.31115531073061,36.31115531073061,36.31115531073061,0.0,2.1908902300206643,8334.68889641359,90.75681792570737,45.37840896285368,45.37840896285368,45.37840896285368,0.0,1.0954451150103326,9149.725050513813,34.65833233148993,17.329166165744965,17.329166165744965,17.329166165744965,0.0,0.8366600265340753,3533.3990292634653,89.14706949754434,44.57353474877217,44.57353474877217,44.57353474877217,0.0,2.23606797749979,8229.631358694021,90.23746450338685,45.11873225169342,45.11873225169342,45.11873225169342,0.0,1.5165750888103102,10935.080260336455,86.12084532794601,43.06042266397301,43.06042266397301,43.06042266397301,0.0,2.4083189157584592,11515.40146933662,72.773621594641,36.3868107973205,36.3868107973205,36.3868107973205,0.0,3.5637059362410923,7080.750857077235,74.59758709234501,37.298793546172504,37.298793546172504,37.298793546172504,0.0,1.30384048104053,8482.775330043818,116.82979072137381,58.414895360686906,58.414895360686906,58.414895360686906,0.0,2.1213203435596424,11901.260155966678,58.50470066584394,29.25235033292197,29.25235033292197,29.25235033292197,0.0,0.8366600265340756,6790.791463445185,50.34679731621466,25.17339865810733,25.17339865810733,25.17339865810733,0.0,2.16794833886788,3927.1463303523587,97.96529997912526,48.98264998956263,48.98264998956263,48.98264998956263,0.0,1.3038404810405297,9326.37776953089,95.63053905526205,47.815269527631024,47.815269527631024,47.815269527631024,0.0,1.6733200530681507,9394.84492687346,71.39187628855261,35.695938144276305,35.695938144276305,35.695938144276305,0.0,1.4832396974191324,8441.747141439384,57.68188623822907,28.840943119114534,28.840943119114534,28.840943119114534,0.0,1.51657508881031,5961.018746825076,21.651789764358973,10.825894882179487,10.825894882179487,10.825894882179487,0.0,2.1679483388678804,2146.1300752750285,52.390838893837156,26.195419446918578,26.195419446918578,26.195419446918578,0.0,1.0954451150103321,5735.286104458957,122.73059928151577,61.36529964075788,61.36529964075788,61.36529964075788,0.0,2.5099800796022262,11239.718737584139
0.0,36.138621999185304,18.069310999592652,18.069310999592652,18.069310999592652,0.0,0.5477225575051662,4141.059973002081,103.34989114653195,51.67494557326597,51.67494557326597,51.67494557326597,0.0,1.9235384061671346,9578.520997523574,72.24126244744066,36.12063122372033,36.12063122372033,36.12063122372033,0.0,2.1908902300206643,8337.903405533072,90.27291952739759,45.136459763698795,45.136459763698795,45.136459763698795,0.0,1.0954451150103326,9149.16661778547,35.08275929855005,17.541379649275026,17.541379649275026,17.541379649275026,0.0,0.8366600265340753,3534.186002462236,88.73556220591607,44.367781102958034,44.367781102958034,44.367781102958034,0.0,2.23606797749979,8233.872976916757,90.23746450338685,45.11873225169342,45.11873225169342,45.11873225169342,0.0,1.5165750888103102,10938.12656262488,86.4291617453276,43.2145808726638,43.2145808726638,43.2145808726638,0.0,2.4083189157584592,11515.79705013943,74.07563702054811,37.03781851027406,37.03781851027406,37.03781851027406,0.0,3.5637059362410923,7099.268575001231,75.50629112862053,37.753145564310266,37.753145564310266,37.753145564310266,0.0,1.30384048104053,8486.6162102454,116.71846469175304,58.35923234587652,58.35923234587652,58.35923234587652,0.0,2.1213203435596424,11903.368842474807,57.59166606376308,28.79583303188154,28.79583303188154,28.79583303188154,0.0,0.8366600265340756,6789.576076604489,48.24106134819175,24.120530674095875,24.120530674095875,24.120530674095875,0.0,1.816590212458495,3924.1115554989005,97.77934342180868,48.88967171090434,48.88967171090434,48.88967171090434,0.0,1.3038404810405297,9324.961485175154,95.62008157285791,47.81004078642896,47.81004078642896,47.81004078642896,0.0,1.6733200530681507,9398.867607323766,71.39187628855261,35.695938144276305,35.695938144276305,35.695938144276305,0.0,1.4832396974191324,8440.93474089215,57.225868276505864,28.612934138252932,28.612934138252932,28.612934138252932,0.0,1.51657508881031,5959.22254157369,20.62037827005121,10.310189135025604,10.310189135025604,10.310189135025604,0.0,1.6733200530681511,2145.927305385716,51.82663407939975,25.913317039699876,25.913317039699876,25.913317039699876,0.0,1.0954451150103321,5733.801505109851,122.93575557989628,61.46787778994814,61.46787778994814,61.46787778994814,0.0,2.5099800796022262,11237.749231941421
0.0,36.698773821478014,18.349386910739007,18.349386910739007,18.349386910739007,0.0,0.5477225575051662,4144.388519432028,103.1271060391011,51.56355301955055,51.56355301955055,51.56355301955055,0.0,1.9235384061671346,9579.840082172563,71.36665888214188,35.68332944107094,35.68332944107094,35.68332944107094,0.0,2.1908902300206643,8340.694953059967,89.96221429022297,44.98110714511149,44.98110714511149,44.98110714511149,0.0,1.0954451150103326,9151.12392004392,35.08275929855005,17.541379649275026,17.541379649275026,17.541379649275026,0.0,0.8366600265340753,3538.0618564406136,88.73556220591607,44.367781102958034,44.367781102958034,44.367781102958034,0.0,2.23606797749979,8232.803671896956,89.45389874119518,44.72694937059759,44.72694937059759,44.72694937059759,0.0,1.5165750888103102,10938.708872622947,86.4291617453276,43.2145808726638,43.2145808726638,43.2145808726638,0.0,2.4083189157584592,11518.148388521482,74.02702209328699,37.013511046643494,37.013511046643494,37.013511046643494,0.0,3.5637059362410923,7097.477263084398,75.50629112862053,37.753145564310266,37.753145564310266,37.753145564310266,0.0,1.30384048104053,8487.042046555443,117.48531823168373,58.74265911584187,58.74265911584187,58.74265911584187,0.0,2.1213203435596424,11903.505840717684,57.473472141501944,28.736736070750972,28.736736070750972,28.736736070750972,0.0,0.8366600265340756,6789.227813234727,48.24106134819175,24.120530674095875,24.120530674095875,24.120530674095875,0.0,1.816590212458495,3929.029103989941,98.62048468751307,49.310242343756535,49.310242343756535,49.310242343756535,0.0,1.3038404810405297,9323.860321776598,96.04165762834376,48.02082881417188,48.02082881417188,48.02082881417188,0.0,1.3416407864998738,9396.42877906282,71.39187628855261,35.695938144276305,35.695938144276305,35.695938144276305,0.0,1.4832396974191324,8437.13688403833,56.69215113223346,28.34607556611673,28.34607556611673,28.34607556611673,0.0,1.51657508881031,5956.102710665758,21.04281350010022,10.52140675005011,10.52140675005011,10.52140675005011,0.0,1.6733200530681511,2142.816674379775,51.40817055682881,25.704085278414404,25.704085278414404,25.704085278414404,0.0,1.0954451150103321,5734.6934791669555,122.93575557989628,61.46787778994814,61.46787778994814,61.46787778994814,0.0,2.5099800796022262,11242.831551704401
0.0,36.698773821478014,18.349386910739007,18.349386910739007,18.349386910739007,0.0,0.5477225575051662,4144.955066101441,103.10577093451171,51.552885467255855,51.552885467255855,51.552885467255855,0.0,1.9235384061671346,9583.923867602456,71.36665888214188,35.68332944107094,35.68332944107094,35.68332944107094,0.0,2.1908902300206643,8336.548488433327,89.96221429022297,44.98110714511149,44.98110714511149,44.98110714511149,0.0,1.0954451150103326,9147.785704748445,35.73793502708292,17.86896751354146,17.86896751354146,17.86896751354146,0.0,0.8366600265340753,3542.9066033413865,90.36149622488551,45.18074811244276,45.18074811244276,45.18074811244276,0.0,2.23606797749979,8229.40451673145,90.31721873485698,45.15860936742849,45.15860936742849,45.15860936742849,0.0,1.5165750888103102,10938.990638994075,86.01627752931418,43.00813876465709,43.00813876465709,43.00813876465709,0.0,2.16794833886788,11521.363903635714,74.47684203831416,37.23842101915708,37.23842101915708,37.23842101915708,0.0,3.5637059362410923,7096.713795835366,74.9186225180362,37.4593112590181,37.4593112590181,37.4593112590181,0.0,1.30384048104053,8488.897024937927,117.6775254668452,58.8387627334226,58.8387627334226,58.8387627334226,0.0,2.1213203435596424,11904.837348741898,57.14192856388381,28.570964281941905,28.570964281941905,28.570964281941905,0.0,0.8366600265340756,6788.732377992227,48.22032766375608,24.11016383187804,24.11016383187804,24.11016383187804,0.0,1.816590212458495,3928.6181667349656,98.26901851550163,49.134509257750814,49.134509257750814,49.134509257750814,0.0,1.3416407864998738,9322.816564751234,96.04165762834376,48.02082881417188,48.02082881417188,48.02082881417188,0.0,1.3416407864998738,9397.06096606806,71.39187628855261,35.695938144276305,35.695938144276305,35.695938144276305,0.0,1.4832396974191324,8438.086080385765,56.16760632250586,28.08380316125293,28.08380316125293,28.08380316125293,0.0,1.51657508881031,5951.334993091887,21.288494545176274,10.644247272588137,10.644247272588137,10.644247272588137,0.0,1.6733200530681511,2145.0630526863306,51.66430102111128,25.83215051055564,25.83215051055564,25.83215051055564,0.0,1.0954451150103321,5734.398556082408,122.93575557989628,61.46787778994814,61.46787778994814,61.46787778994814,0.0,2.5099800796022262,11240.287932255116
0.0,36.12755181298617,18.063775906493085,18.063775906493085,18.063775906493085,0.0,0.5477225575051662,4145.330179852987,103.10577093451171,51.552885467255855,51.552885467255855,51.552885467255855,0.0,1.9235384061671346,9585.841929637689,71.33021800050803,35.66510900025401,35.66510900025401,35.66510900025401,0.0,2.1908902300206643,8335.411819460393,89.96221429022297,44.98110714511149,44.98110714511149,44.98110714511149,0.0,1.0954451150103326,9150.695711256058,35.63705936241092,17.81852968120546,17.81852968120546,17.81852968120546,0.0,0.8366600265340753,3541.6475403405125,90.28399636701955,45.14199818350978,45.14199818350978,45.14199818350978,0.0,2.23606797749979,8227.288332129852,90.31721873485698,45.15860936742849,45.15860936742849,45.15860936742849,0.0,1.5165750888103102,10944.922795524873,86.01627752931418,43.00813876465709,43.00813876465709,43.00813876465709,0.0,2.16794833886788,11520.307491555945,72.89170048777844,36.44585024388922,36.44585024388922,36.44585024388922,0.0,3.1304951684997055,7094.473038922623,74.26439254447585,37.13219627223793,37.13219627223793,37.13219627223793,0.0,1.30384048104053,8488.863893360523,118.33511735744382,59.16755867872191,59.16755867872191,59.16755867872191,0.0,2.1213203435596424,11906.983778438602,57.03332359244024,28.51666179622012,28.51666179622012,28.51666179622012,0.0,0.8366600265340756,6787.819075373179,48.89580759124447,24.447903795622235,24.447903795622235,24.447903795622235,0.0,1.816590212458495,3929.2079990756406,98.26901851550163,49.134509257750814,49.134509257750814,49.134509257750814,0.0,1.3416407864998738,9321.299667964762,96.04165762834376,48.02082881417188,48.02082881417188,48.02082881417188,0.0,1.3416407864998738,9394.014115382199,70.90275029926555,35.451375149632774,35.451375149632774,35.451375149632774,0.0,1.4832396974191324,8441.790941500505,56.61095300381367,28.305476501906835,28.305476501906835,28.305476501906835,0.0,1.51657508881031,5949.48050673334,21.288494545176274,10.644247272588137,10.644247272588137,10.644247272588137,0.0,1.6733200530681511,2146.0390257402123,51.252317020794294,25.626158510397147,25.626158510397147,25.626158510397147,0.0,1.0954451150103321,5738.795561788205,123.3774695801466,61.6887347900733,61.6887347900733,61.6887347900733,0.0,2.5099800796022262,11240.610561708825
0.0,36.12755181298617,18.063775906493085,18.063775906493085,18.063775906493085,0.0,0.5477225575051662,4147.113453958066,103.10577093451171,51.552885467255855,51.552885467255855,51.552885467255855,0.0,1.9235384061671346,9586.4448311144,71.79693586776527,35.898467933882635,35.898467933882635,35.898467933882635,0.0,2.1908902300206643,8336.234209761624,89.36442245099556,44.68221122549778,44.68221122549778,44.68221122549778,0.0,1.0954451150103326,9151.010343126052,35.34402354005554,17.67201177002777,17.67201177002777,17.67201177002777,0.0,0.8366600265340753,3542.477762809528,90.28399636701955,45.14199818350978,45.14199818350978,45.14199818350978,0.0,2.23606797749979,8228.072848486456,90.80088105299419,45.40044052649709,45.40044052649709,45.40044052649709,0.0,1.5165750888103102,10941.793513862342,87.48256969248217,43.741284846241086,43.741284846241086,43.741284846241086,0.0,2.16794833886788,11519.83297187941,72.89170048777844,36.44585024388922,36.44585024388922,36.44585024388922,0.0,3.1304951684997055,7092.771341302355,74.10802925459562,37.05401462729781,37.05401462729781,37.05401462729781,0.0,1.30384048104053,8492.733364471063,118.33511735744382,59.16755867872191,59.16755867872191,59.16755867872191,0.0,2.1213203435596424,11911.01304675635,57.03332359244024,28.51666179622012,28.51666179622012,28.51666179622012,0.0,0.8366600265340756,6785.467360469726,48.89580759124447,24.447903795622235,24.447903795622235,24.447903795622235,0.0,1.816590212458495,3926.9092808467067,98.26901851550163,49.134509257750814,49.134509257750814,49.134509257750814,0.0,1.3416407864998738,9324.533033884323,95.62008157285791,47.81004078642896,47.81004078642896,47.81004078642896,0.0,1.3416407864998738,9395.108929650576,71.4142842854285,35.70714214271425,35.70714214271425,35.70714214271425,0.0,1.4832396974191324,8440.620711772328,56.61095300381367,28.305476501906835,28.305476501906835,28.305476501906835,0.0,1.51657508881031,5949.672327111804,21.288494545176274,10.644247272588137,10.644247272588137,10.644247272588137,0.0,1.6733200530681511,2146.6212288151814,51.92301994298868,25.96150997149434,25.96150997149434,25.96150997149434,0.0,1.0954451150103321,5741.604044167449,123.3774695801466,61.6887347900733,61.6887347900733,61.6887347900733,0.0,2.5099800796022262,11241.007930786278
0.0,36.12755181298617,18.063775906493085,18.063775906493085,18.063775906493085,0.0,0.5477225575051662,4149.427815976559,103.09219175087898,51.54609587543949,51.54609587543949,51.54609587543949,0.0,1.9235384061671346,9588.617236077369,71.79693586776527,35.898467933882635,35.898467933882635,35.898467933882635,0.0,2.1908902300206643,8333.066254386797,88.39230735759759,44.196153678798794,44.196153678798794,44.196153678798794,0.0,1.0954451150103326,9149.613232262882,36.68787265568828,18.34393632784414,18.34393632784414,18.34393632784414,0.0,0.8366600265340753,3534.9962941989065,90.28399636701955,45.14199818350978,45.14199818350978,45.14199818350978,0.0,2.23606797749979,8225.889933618126,91.33017026152969,45.665085130764844,45.665085130764844,45.665085130764844,0.0,1.5165750888103102,10942.072975446654,87.07927422756806,43.53963711378403,43.53963711378403,43.53963711378403,0.0,2.16794833886788,11522.156621049724,72.89170048777844,36.44585024388922,36.44585024388922,36.44585024388922,0.0,3.1304951684997055,7092.617267271652,74.10802925459562,37.05401462729781,37.05401462729781,37.05401462729781,0.0,1.30384048104053,8495.384970676727,118.33511735744382,59.16755867872191,59.16755867872191,59.16755867872191,0.0,2.1213203435596424,11912.31348227539,57.60208329565867,28.801041647829337,28.801041647829337,28.801041647829337,0.0,0.8366600265340756,6786.03335535569,48.2078831727758,24.1039415863879,24.1039415863879,24.1039415863879,0.0,1.816590212458495,3924.498222703127,97.62581625779116,48.81290812889558,48.81290812889558,48.81290812889558,0.0,1.3416407864998738,9322.13265299309,95.80605408845518,47.90302704422759,47.90302704422759,47.90302704422759,0.0,1.3416407864998738,9396.090021918691,71.4142842854285,35.70714214271425,35.70714214271425,35.70714214271425,0.0,1.4832396974191324,8439.538719622062,56.26011020252271,28.130055101261355,28.130055101261355,28.130055101261355,0.0,1.51657508881031,5945.266032735625,21.354156504062622,10.677078252031311,10.677078252031311,10.677078252031311,0.0,1.6733200530681511,2141.6197841820567,52.600380226762624,26.300190113381312,26.300190113381312,26.300190113381312,0.0,1.0954451150103321,5736.567396971816,123.03983094916865,61.51991547458432,61.51991547458432,61.51991547458432,0.0,2.5099800796022262,11241.092909499503
0.0,36.138621999185304,18.069310999592652,18.069310999592652,18.069310999592652,0.0,0.5477225575051662,4151.894663885393,103.08637155317865,51.543185776589326,51.543185776589326,51.543185776589326,0.0,1.9235384061671346,9586.733082755563,71.79693586776527,35.898467933882635,35.898467933882635,35.898467933882635,0.0,2.1908902300206643,8329.830748580669,88.39230735759759,44.196153678798794,44.196153678798794,44.196153678798794,0.0,1.0954451150103326,9147.943402754523,36.68787265568828,18.34393632784414,18.34393632784414,18.34393632784414,0.0,0.8366600265340753,3535.7396680185607,90.28399636701955,45.14199818350978,45.14199818350978,45.14199818350978,0.0,2.23606797749979,8226.139222016607,90.54943401258785,45.274717006293926,45.274717006293926,45.274717006293926,0.0,1.5165750888103102,10938.624447342545,87.07927422756806,43.53963711378403,43.53963711378403,43.53963711378403,0.0,2.16794833886788,11526.604847048413,72.89170048777844,36.44585024388922,36.44585024388922,36.44585024388922,0.0,3.1304951684997055,7094.166455616897,74.10802925459562,37.05401462729781,37.05401462729781,37.05401462729781,0.0,1.30384048104053,8491.949734895987,117.95422841085436,58.97711420542718,58.97711420542718,58.97711420542718,0.0,2.1213203435596424,11911.624805206047,57.264299524223645,28.632149762111823,28.632149762111823,28.632149762111823,0.0,0.8366600265340756,6785.194492422454,48.40661111873047,24.203305559365234,24.203305559365234,24.203305559365234,0.0,2.1908902300206643,3921.42062268255,97.45357869262678,48.72678934631339,48.72678934631339,48.72678934631339,0.0,1.3416407864998738,9322.153570929842,95.57824020141824,47.78912010070912,47.78912010070912,47.78912010070912,0.0,1.3416407864998738,9395.318392688989,72.29937759068193,36.149688795340964,36.149688795340964,36.149688795340964,0.0,1.4832396974191324,8440.349086382623,55.86412086482701,27.932060432413504,27.932060432413504,27.932060432413504,0.0,1.51657508881031,5942.7853570527,21.354156504062622,10.677078252031311,10.677078252031311,10.677078252031311,0.0,1.6733200530681511,2140.0116354823867,52.600380226762624,26.300190113381312,26.300190113381312,26.300190113381312,0.0,1.0954451150103321,5734.773779322075,123.52003886009751,61.76001943004876,61.76001943004876,61.76001943004876,0.0,2.5099800796022262,11243.38308517503
0.0,36.177340974704045,18.088670487352022,18.088670487352022,18.088670487352022,0.0,0.5477225575051662,4151.621454323599,102.34842451156736,51.17421225578368,51.17421225578368,51.17421225578368,0.0,1.9235384061671346,9585.090427325138,72.39613249338669,36.198066246693344,36.198066246693344,36.198066246693344,0.0,2.1908902300206643,8332.223430753642,44.24929377967517,22.124646889837585,22.124646889837585,22.124646889837585,0.0,0.8944271909999157,5471.945513252119,36.99729719857925,18.498648599289623,18.498648599289623,18.498648599289623,0.0,0.8366600265340753,3536.37162922677,90.21529803752799,45.10764901876399,45.10764901876399,45.10764901876399,0.0,2.23606797749979,8226.041131674458,90.54943401258785,45.274717006293926,45.274717006293926,45.274717006293926,0.0,1.5165750888103102,10941.755288800787,87.46885159872627,43.73442579936314,43.73442579936314,43.73442579936314,0.0,2.16794833886788,11528.644304513866,74.43923696546062,37.21961848273031,37.21961848273031,37.21961848273031,0.0,3.5637059362410923,7233.73959304591,74.10802925459562,37.05401462729781,37.05401462729781,37.05401462729781,0.0,1.30384048104053,8492.575327896715,117.75398082442904,58.87699041221452,58.87699041221452,58.87699041221452,0.0,2.1213203435596424,11911.588949422323,57.71308343867966,28.85654171933983,28.85654171933983,28.85654171933983,0.0,1.0,6788.34565266089,49.29503017546495,24.647515087732476,24.647515087732476,24.647515087732476,0.0,2.1908902300206643,3920.9914945074797,97.45357869262678,48.72678934631339,48.72678934631339,48.72678934631339,0.0,1.3416407864998738,9321.13919003466,95.57824020141824,47.78912010070912,47.78912010070912,47.78912010070912,0.0,1.3416407864998738,9396.373742034742,71.31058827411256,35.65529413705628,35.65529413705628,35.65529413705628,0.0,1.4832396974191324,8437.039694110725,55.94640292279746,27.97320146139873,27.97320146139873,27.97320146139873,0.0,1.51657508881031,5945.430623596578,21.881499034572563,10.940749517286282,10.940749517286282,10.940749517286282,0.0,1.6733200530681511,2306.363436234628,53.57984695760151,26.789923478800755,26.789923478800755,26.789923478800755,0.0,1.0954451150103321,5732.199534210232,123.52003886009751,61.76001943004876,61.76001943004876,61.76001943004876,0.0,2.5099800796022262,11243.378509149285
0.0,36.177340974704045,18.088670487352022,18.088670487352022,18.088670487352022,0.0,0.5477225575051662,4147.394941405991,102.26827465054839,51.134137325274196,51.134137325274196,51.134137325274196,0.0,1.9493588689617927,9581.720931022777,72.86425735571592,36.43212867785796,36.43212867785796,36.43212867785796,0.0,2.1908902300206643,8334.680389793,45.882458521748816,22.941229260874408,22.941229260874408,22.941229260874408,0.0,0.8944271909999157,5474.25010389551,36.62239751845856,18.31119875922928,18.31119875922928,18.31119875922928,0.0,0.8366600265340753,3538.7830817952095,91.02746838180221,45.513734190901104,45.513734190901104,45.513734190901104,0.0,2.23606797749979,8224.745752909326,90.54943401258785,45.274717006293926,45.274717006293926,45.274717006293926,0.0,1.5165750888103102,10937.816747413535,87.52599613829025,43.76299806914513,43.76299806914513,43.76299806914513,0.0,2.16794833886788,11528.248249408927,74.43923696546062,37.21961848273031,37.21961848273031,37.21961848273031,0.0,3.5637059362410923,7235.5625005938555,73.79159843776254,36.89579921888127,36.89579921888127,36.89579921888127,0.0,1.30384048104053,8489.013529262395,117.66392820231695,58.831964101158476,58.831964101158476,58.831964101158476,0.0,2.1213203435596424,11909.58629424213,57.60208329565867,28.801041647829337,28.801041647829337,28.801041647829337,0.0,1.0,6785.963638275702,49.29503017546495,24.647515087732476,24.647515087732476,24.647515087732476,0.0,2.1908902300206643,3921.302181673838,98.29140348982713,49.145701744913566,49.145701744913566,49.145701744913566,0.0,1.3416407864998738,9325.157306984156,95.57824020141824,47.78912010070912,47.78912010070912,47.78912010070912,0.0,1.3416407864998738,9394.057068168151,71.02112361825881,35.510561809129406,35.510561809129406,35.510561809129406,0.0,1.4832396974191324,8439.747419206335,56.62861467491501,28.314307337457507,28.314307337457507,28.314307337457507,0.0,1.51657508881031,5948.74846501346,22.432119828495924,11.216059914247962,11.216059914247962,11.216059914247962,0.0,1.6733200530681511,2301.173244238686,53.18646444350292,26.59323222175146,26.59323222175146,26.59323222175146,0.0,0.8944271909999159,5730.135015861319,123.52003886009751,61.76001943004876,61.76001943004876,61.76001943004876,0.0,2.5099800796022262,11244.29770150186
0.0,36.94861296449435,18.474306482247176,18.474306482247176,18.474306482247176,0.0,0.5477225575051662,4145.773606939964,102.26436329435587,51.13218164717794,51.13218164717794,51.13218164717794,0.0,1.9493588689617927,9582.36553258119,73.2666363360568,36.6333181680284,36.6333181680284,36.6333181680284,0.0,2.1908902300206643,8335.105446243617,45.35636669752109,22.678183348760545,22.678183348760545,22.678183348760545,0.0,0.8944271909999157,5476.474112054215,36.62239751845856,18.31119875922928,18.31119875922928,18.31119875922928,0.0,0.8366600265340753,3535.432689219242,91.0867718167682,45.5433859083841,45.5433859083841,45.5433859083841,0.0,2.23606797749979,8224.960790180097,90.54943401258785,45.274717006293926,45.274717006293926,45.274717006293926,0.0,1.5165750888103102,10942.918728565975,87.52599613829025,43.76299806914513,43.76299806914513,43.76299806914513,0.0,2.16794833886788,11528.63742165569,74.43923696546062,37.21961848273031,37.21961848273031,37.21961848273031,0.0,3.5637059362410923,7236.903771641571,73.79159843776254,36.89579921888127,36.89579921888127,36.89579921888127,0.0,1.30384048104053,8490.167536627296,117.11874316265522,58.55937158132761,58.55937158132761,58.55937158132761,0.0,2.1213203435596424,11908.519521754162,57.60208329565867,28.801041647829337,28.801041647829337,28.801041647829337,0.0,1.0,6790.975062537043,49.9879985596543,24.99399927982715,24.99399927982715,24.99399927982715,0.0,2.1908902300206643,3919.53891420917,97.85703858180055,48.928519290900276,48.928519290900276,48.928519290900276,0.0,1.3416407864998738,9328.603014385379,95.35827179642048,47.67913589821024,47.67913589821024,47.67913589821024,0.0,1.3416407864998738,9395.257995393207,71.02112361825881,35.510561809129406,35.510561809129406,35.510561809129406,0.0,1.4832396974191324,8440.593746887716,56.62861467491501,28.314307337457507,28.314307337457507,28.314307337457507,0.0,1.51657508881031,5949.282914772166,21.753160689885966,10.876580344942983,10.876580344942983,10.876580344942983,0.0,1.6733200530681511,2301.6526671068336,53.32166539034579,26.660832695172896,26.660832695172896,26.660832695172896,0.0,0.8944271909999159,5733.991062078838,123.8628273534881,61.93141367674405,61.93141367674405,61.93141367674405,0.0,2.5099800796022262,11240.370523252337
0.0,36.193922141707716,18.096961070853858,18.096961070853858,18.096961070853858,0.0,0.5477225575051662,4145.565522338297,101.7487100655335,50.87435503276675,50.87435503276675,50.87435503276675,0.0,1.9493588689617927,9585.031335368707,73.73465942146882,36.86732971073441,36.86732971073441,36.86732971073441,0.0,2.1908902300206643,8337.999640201479,44.39819816163714,22.19909908081857,22.19909908081857,22.19909908081857,0.0,0.8944271909999157,5481.071218293008,37.29343105695693,18.646715528478467,18.646715528478467,18.646715528478467,0.0,0.8366600265340753,3532.875132240029,92.71030147723607,46.355150738618036,46.355150738618036,46.355150738618036,0.0,2.23606797749979,8230.31040119387,90.41460059083379,45.20730029541689,45.20730029541689,45.20730029541689,0.0,1.5165750888103102,10942.103604883296,87.13208364316786,43.56604182158393,43.56604182158393,43.56604182158393,0.0,2.16794833886788,11528.39270236749,75.2515780565431,37.62578902827155,37.62578902827155,37.62578902827155,0.0,3.5637059362410923,7239.655779109943,73.8836923820135,36.94184619100675,36.94184619100675,36.94184619100675,0.0,1.30384048104053,8488.778375007796,116.56242962464363,58.281214812321814,58.281214812321814,58.281214812321814,0.0,2.1213203435596424,11912.075583205473,57.85499114164654,28.92749557082327,28.92749557082327,28.92749557082327,0.0,1.0,6788.580573286289,49.32747712989181,24.663738564945906,24.663738564945906,24.663738564945906,0.0,1.9235384061671346,3918.625013955788,97.85703858180055,48.928519290900276,48.928519290900276,48.928519290900276,0.0,1.3416407864998738,9326.627622029304,94.96315074806648,47.48157537403324,47.48157537403324,47.48157537403324,0.0,1.3038404810405297,9395.406787361577,70.61727833894479,35.30863916947239,35.30863916947239,35.30863916947239,0.0,1.4832396974191324,8442.376886872558,56.843645203311866,28.421822601655933,28.421822601655933,28.421822601655933,0.0,1.51657508881031,5945.906070566537,21.118712081942874,10.559356040971437,10.559356040971437,10.559356040971437,0.0,1.6733200530681511,2300.2881775986243,52.90746639180523,26.453733195902615,26.453733195902615,26.453733195902615,0.0,0.8944271909999159,5731.752916865835,124.41382559828308,62.20691279914154,62.20691279914154,62.20691279914154,0.0,2.5099800796022262,11242.71919065846
0.0,36.193922141707716,18.096961070853858,18.096961070853858,18.096961070853858,0.0,0.5477225575051662,4141.230795307115,101.7487100655335,50.87435503276675,50.87435503276675,50.87435503276675,0.0,1.9493588689617927,9583.973951341897,73.35666295572612,36.67833147786306,36.67833147786306,36.67833147786306,0.0,2.16794833886788,8338.876860824843,44.39819816163714,22.19909908081857,22.19909908081857,22.19909908081857,0.0,0.8944271909999157,5483.000164143715,36.58961601328989,18.294808006644946,18.294808006644946,18.294808006644946,0.0,0.8366600265340753,3533.284067266599,92.71030147723607,46.355150738618036,46.355150738618036,46.355150738618036,0.0,2.23606797749979,8230.128419411207,90.47651629014017,45.238258145070084,45.238258145070084,45.238258145070084,0.0,1.5165750888103102,10943.259500715498,87.89084138862252,43.94542069431126,43.94542069431126,43.94542069431126,0.0,2.16794833886788,11527.859111734495,76.08679254640715,38.04339627320358,38.04339627320358,38.04339627320358,0.0,3.5637059362410923,7310.232109858072,74.78502523901426,37.39251261950713,37.39251261950713,37.39251261950713,0.0,1.30384048104053,8488.653144050591,115.79810015712694,57.89905007856347,57.89905007856347,57.89905007856347,0.0,2.1213203435596424,11907.118618708726,58.33352380921283,29.166761904606414,29.166761904606414,29.166761904606414,0.0,1.0,6791.085126840923,49.32747712989181,24.663738564945906,24.663738564945906,24.663738564945906,0.0,1.9235384061671346,3917.487051669731,98.2710537238713,49.13552686193565,49.13552686193565,49.13552686193565,0.0,1.3416407864998738,9329.686077248258,94.94840704298309,47.474203521491546,47.474203521491546,47.474203521491546,0.0,1.3038404810405297,9395.64841828386,69.87989696615186,34.93994848307593,34.93994848307593,34.93994848307593,0.0,1.4832396974191324,8443.145255175941,56.55086206239477,28.275431031197385,28.275431031197385,28.275431031197385,0.0,1.7888543819998317,5946.747068776341,21.69792616818483,10.848963084092414,10.848963084092414,10.848963084092414,0.0,1.6733200530681511,2298.3664416276183,52.90746639180523,26.453733195902615,26.453733195902615,26.453733195902615,0.0,0.8944271909999159,5731.34074192069,124.31894465446528,62.15947232723264,62.15947232723264,62.15947232723264,0.0,2.5099800796022262,11246.667470855533
0.0,36.193922141707716,18.096961070853858,18.096961070853858,18.096961070853858,0.0,0.5477225575051662,4137.708218325695,101.52438130813701,50.762190654068505,50.762190654068505,50.762190654068505,0.0,1.9493588689617927,9583.016190114677,73.35666295572612,36.67833147786306,36.67833147786306,36.67833147786306,0.0,2.16794833886788,8338.03752690044,44.39819816163714,22.19909908081857,22.19909908081857,22.19909908081857,0.0,0.8944271909999157,5488.199404176201,36.26568626125804,18.13284313062902,18.13284313062902,18.13284313062902,0.0,0.8366600265340753,3531.266373413368,93.52432838572004,46.76216419286002,46.76216419286002,46.76216419286002,0.0,2.23606797749979,8231.849227239283,90.47651629014017,45.238258145070084,45.238258145070084,45.238258145070084,0.0,1.5165750888103102,10945.780862962678,87.50999942863672,43.75499971431836,43.75499971431836,43.75499971431836,0.0,2.16794833886788,11521.944245655764,76.08679254640715,38.04339627320358,38.04339627320358,38.04339627320358,0.0,3.5637059362410923,7306.913596040396,74.78502523901426,37.39251261950713,37.39251261950713,37.39251261950713,0.0,1.30384048104053,8489.26626393589,115.79810015712694,57.89905007856347,57.89905007856347,57.89905007856347,0.0,2.1213203435596424,11908.882722573097,58.770741019660456,29.385370509830228,29.385370509830228,29.385370509830228,0.0,1.0,6793.234744950302,49.84776825495802,24.92388412747901,24.92388412747901,24.92388412747901,0.0,1.9235384061671346,3916.104914324947,98.2710537238713,49.13552686193565,49.13552686193565,49.13552686193565,0.0,1.3416407864998738,9329.556993769853,94.94840704298309,47.474203521491546,47.474203521491546,47.474203521491546,0.0,1.3038404810405297,9390.159849544629,69.87989696615186,34.93994848307593,34.93994848307593,34.93994848307593,0.0,1.4832396974191324,8443.049786658847,56.55086206239477,28.275431031197385,28.275431031197385,28.275431031197385,0.0,1.7888543819998317,5947.020657438479,21.614809737770074,10.807404868885037,10.807404868885037,10.807404868885037,0.0,1.6733200530681511,2301.2397311014774,53.57984695760151,26.789923478800755,26.789923478800755,26.789923478800755,0.0,0.8944271909999159,5727.914646710442,123.73035197557631,61.865175987788156,61.865175987788156,61.865175987788156,0.0,2.5099800796022262,11248.744907766377
0.0,36.753231150471656,18.376615575235828,18.376615575235828,18.376615575235828,0.0,0.5477225575051662,4136.5944326220815,103.1561922523316,51.5780961261658,51.5780961261658,51.5780961261658,0.0,1.9235384061671346,9698.828444714341,73.76177872041862,36.88088936020931,36.88088936020931,36.88088936020931,0.0,2.16794833886788,8338.089157594803,44.39819816163714,22.19909908081857,22.19909908081857,22.19909908081857,0.0,0.8944271909999157,5483.533641731397,36.26568626125804,18.13284313062902,18.13284313062902,18.13284313062902,0.0,0.8366600265340753,3529.6451238049412,94.26982550105839,47.134912750529196,47.134912750529196,47.134912750529196,0.0,2.23606797749979,8226.022307288013,89.69280907631335,44.846404538156676,44.846404538156676,44.846404538156676,0.0,1.5165750888103102,10942.881645160931,87.97272304527125,43.986361522635626,43.986361522635626,43.986361522635626,0.0,2.16794833886788,11518.411596222806,76.04735366861887,38.023676834309434,38.023676834309434,38.023676834309434,0.0,3.5637059362410923,7305.323620483901,74.04052944165107,37.02026472082554,37.02026472082554,37.02026472082554,0.0,1.30384048104053,8491.528354778073,115.42443415499163,57.712217077495815,57.712217077495815,57.712217077495815,0.0,1.9235384061671343,11911.248620526732,58.07925619358429,29.039628096792146,29.039628096792146,29.039628096792146,0.0,1.0,6796.22147225942,49.84776825495802,24.92388412747901,24.92388412747901,24.92388412747901,0.0,1.9235384061671346,3913.854404548028,98.07140255956372,49.03570127978186,49.03570127978186,49.03570127978186,0.0,1.3416407864998738,9327.550069552026,94.34405121680963,47.172025608404816,47.172025608404816,47.172025608404816,0.0,1.3038404810405297,9386.281814435362,69.10861017268398,34.55430508634199,34.55430508634199,34.55430508634199,0.0,1.4832396974191324,8437.647497970036,56.55086206239477,28.275431031197385,28.275431031197385,28.275431031197385,0.0,1.7888543819998317,5946.167564070155,21.614809737770074,10.807404868885037,10.807404868885037,10.807404868885037,0.0,1.6733200530681511,2302.2492914539034,53.57984695760151,26.789923478800755,26.789923478800755,26.789923478800755,0.0,0.8944271909999159,5724.9169600964515,122.80065146407001,61.40032573203501,61.40032573203501,61.40032573203501,0.0,2.16794833886788,11247.951693530693
0.0,36.753231150471656,18.376615575235828,18.376615575235828,18.376615575235828,0.0,0.5477225575051662,4136.067298775492,103.1174088115096,51.5587044057548,51.5587044057548,51.5587044057548,0.0,1.9235384061671346,9697.82159559558,73.76177872041862,36.88088936020931,36.88088936020931,36.88088936020931,0.0,2.16794833886788,8340.118554313241,44.39819816163714,22.19909908081857,22.19909908081857,22.19909908081857,0.0,0.8944271909999157,5477.221348457629,35.7211421989835,17.86057109949175,17.86057109949175,17.86057109949175,0.0,0.8366600265340753,3533.6949500487444,93.85733855165509,46.928669275827545,46.928669275827545,46.928669275827545,0.0,2.23606797749979,8227.572953186134,90.25962552548066,45.12981276274033,45.12981276274033,45.12981276274033,0.0,1.5165750888103102,10943.947368294495,87.97272304527125,43.986361522635626,43.986361522635626,43.986361522635626,0.0,2.16794833886788,11518.601455906008,76.04735366861887,38.023676834309434,38.023676834309434,38.023676834309434,0.0,3.5637059362410923,7303.391041153418,75.53277434332728,37.76638717166364,37.76638717166364,37.76638717166364,0.0,1.51657508881031,8493.178509839528,115.42443415499163,57.712217077495815,57.712217077495815,57.712217077495815,0.0,1.9235384061671343,11909.722994259775,57.490868840190615,28.745434420095307,28.745434420095307,28.745434420095307,0.0,1.0,6798.7827219289775,49.678969393496885,24.839484696748443,24.839484696748443,24.839484696748443,0.0,1.9235384061671346,3909.7521021159387,97.89177697845719,48.945888489228594,48.945888489228594,48.945888489228594,0.0,1.3416407864998738,9327.127709000237,93.91059578130681,46.955297890653405,46.955297890653405,46.955297890653405,0.0,1.3038404810405297,9384.720118362615,68.65274939869488,34.32637469934744,34.32637469934744,34.32637469934744,0.0,1.4832396974191324,8440.110265867384,56.31340870520981,28.156704352604905,28.156704352604905,28.156704352604905,0.0,1.7888543819998317,5947.374614062915,21.83575050232989,10.917875251164945,10.917875251164945,10.917875251164945,0.0,1.6733200530681511,2304.9210398623204,53.85907537267977,26.929537686339884,26.929537686339884,26.929537686339884,0.0,0.8944271909999159,5727.076872192305,123.2753016625796,61.6376508312898,61.6376508312898,61.6376508312898,0.0,2.16794833886788,11245.99067668118
0.0,36.753231150471656,18.376615575235828,18.376615575235828,18.376615575235828,0.0,0.5477225575051662,4131.53298425657,102.64891621444427,51.324458107222135,51.324458107222135,51.324458107222135,0.0,1.9235384061671346,9697.59677961504,73.76177872041862,36.88088936020931,36.88088936020931,36.88088936020931,0.0,2.16794833886788,8337.20508923704,44.28092139962762,22.14046069981381,22.14046069981381,22.14046069981381,0.0,0.8944271909999157,5479.222864604068,35.139721114431175,17.569860557215588,17.569860557215588,17.569860557215588,0.0,0.8366600265340753,3532.4189304214756,93.91911413551556,46.95955706775778,46.95955706775778,46.95955706775778,0.0,2.23606797749979,8229.102794351278,89.33532336091922,44.66766168045961,44.66766168045961,44.66766168045961,0.0,1.5165750888103102,10946.487715244557,87.86808294255655,43.93404147127828,43.93404147127828,43.93404147127828,0.0,2.16794833886788,11516.970795308982,76.04735366861887,38.023676834309434,38.023676834309434,38.023676834309434,0.0,3.5637059362410923,7304.603603208048,76.28368108579974,38.14184054289987,38.14184054289987,38.14184054289987,0.0,1.51657508881031,8490.332266760824,115.05650785592269,57.528253927961345,57.528253927961345,57.528253927961345,0.0,1.9235384061671343,11911.059377737985,57.490868840190615,28.745434420095307,28.745434420095307,28.745434420095307,0.0,1.0,6796.649343610423,49.86782529848279,24.933912649241396,24.933912649241396,24.933912649241396,0.0,1.9235384061671346,3916.4895378387005,97.69953940526025,48.84976970263013,48.84976970263013,48.84976970263013,0.0,1.3416407864998738,9327.035504381873,93.87864506904646,46.93932253452323,46.93932253452323,46.93932253452323,0.0,1.3038404810405297,9385.536516363889,68.27005199939428,34.13502599969714,34.13502599969714,34.13502599969714,0.0,1.4832396974191324,8438.844334386076,56.31340870520981,28.156704352604905,28.156704352604905,28.156704352604905,0.0,1.7888543819998317,5946.278668209219,21.789905919943756,10.894952959971878,10.894952959971878,10.894952959971878,0.0,1.6431676725154984,2304.8651370524913,54.0296215052447,27.01481075262235,27.01481075262235,27.01481075262235,0.0,0.8944271909999159,5723.925471212916,124.85511603454621,62.42755801727311,62.42755801727311,62.42755801727311,0.0,3.5637059362410923,12280.568586185249
0.0,36.753231150471656,18.376615575235828,18.376615575235828,18.376615575235828,0.0,0.5477225575051662,4135.050459184265,32.35428874198906,16.17714437099453,16.17714437099453,16.17714437099453,0.0,1.140175425099138,2716.696560162728,73.38937252763509,36.694686263817545,36.694686263817545,36.694686263817545,0.0,2.16794833886788,8332.826993283852,44.28092139962762,22.14046069981381,22.14046069981381,22.14046069981381,0.0,0.8944271909999157,5475.275910855999,34.54272716506327,17.271363582531635,17.271363582531635,17.271363582531635,0.0,0.8366600265340753,3531.5629401158917,93.91911413551556,46.95955706775778,46.95955706775778,46.95955706775778,0.0,2.23606797749979,8228.630912855431,87.76787567213873,43.883937836069364,43.883937836069364,43.883937836069364,0.0,1.0954451150103321,10944.957048796492,88.05225721127199,44.026128605635996,44.026128605635996,44.026128605635996,0.0,2.16794833886788,11517.812782816016,76.84529914054599,38.422649570272995,38.422649570272995,38.422649570272995,0.0,4.0,7411.813529764493,75.85512507405153,37.927562537025764,37.927562537025764,37.927562537025764,0.0,1.140175425099138,8489.747328395586,114.98173768038123,57.490868840190615,57.490868840190615,57.490868840190615,0.0,1.9235384061671343,11905.213387419815,57.490868840190615,28.745434420095307,28.745434420095307,28.745434420095307,0.0,1.0,6792.496728008045,49.86782529848279,24.933912649241396,24.933912649241396,24.933912649241396,0.0,1.9235384061671346,3914.168966715668,97.74865727978057,48.87432863989029,48.87432863989029,48.87432863989029,0.0,1.3416407864998738,9329.771513815329,93.87864506904646,46.93932253452323,46.93932253452323,46.93932253452323,0.0,1.3038404810405297,9385.290048794443,68.27005199939428,34.13502599969714,34.13502599969714,34.13502599969714,0.0,1.4832396974191324,8436.947510800337,57.28874234961002,28.64437117480501,28.64437117480501,28.64437117480501,0.0,1.7888543819998317,5950.413893167432,22.653917983430592,11.326958991715296,11.326958991715296,11.326958991715296,0.0,1.8708286933869707,2300.784496644568,53.57984695760151,26.789923478800755,26.789923478800755,26.789923478800755,0.0,0.8944271909999159,5725.004078601167,124.97199686329733,62.48599843164867,62.48599843164867,62.48599843164867,0.0,3.5637059362410923,12280.49633361779
0.0,37.218275080933026,18.609137540466513,18.609137540466513,18.609137540466513,0.0,0.5477225575051662,4134.088811334367,32.66190441477655,16.330952207388275,16.330952207388275,16.330952207388275,0.0,1.140175425099138,2714.8538266359756,73.02602275901378,36.51301137950689,36.51301137950689,36.51301137950689,0.0,2.16794833886788,8337.220058268824,45.07771067833858,22.53885533916929,22.53885533916929,22.53885533916929,0.0,1.095445115010332,5711.365572260281,34.275355578024275,17.137677789012137,17.137677789012137,17.137677789012137,0.0,0.8366600265340753,3531.362668999037,97.25636225975141,48.628181129875706,48.628181129875706,48.628181129875706,0.0,2.588435821108957,8879.923271064903,87.06319543871567,43.53159771935783,43.53159771935783,43.53159771935783,0.0,1.0954451150103321,10945.03004564172,89.20762299265685,44.603811496328426,44.603811496328426,44.603811496328426,0.0,2.16794833886788,11520.360953546551,76.04735366861887,38.023676834309434,38.023676834309434,38.023676834309434,0.0,3.5637059362410923,7409.585953344492,76.76718048749738,38.38359024374869,38.38359024374869,38.38359024374869,0.0,1.140175425099138,8490.01028856856,114.98173768038123,57.490868840190615,57.490868840190615,57.490868840190615,0.0,1.9235384061671343,11900.040894887716,58.51495535331117,29.257477676655586,29.257477676655586,29.257477676655586,0.0,1.0,6793.12635684042,49.91192242340501,24.955961211702505,24.955961211702505,24.955961211702505,0.0,1.9235384061671346,3911.165938693985,97.28309205612247,48.641546028061235,48.641546028061235,48.641546028061235,0.0,1.3416407864998738,9328.013775718815,93.44945157677492,46.72472578838746,46.72472578838746,46.72472578838746,0.0,1.3038404810405297,9385.235649678702,68.94055410279206,34.47027705139603,34.47027705139603,34.47027705139603,0.0,1.4832396974191324,8437.59821868759,57.59513868374656,28.79756934187328,28.79756934187328,28.79756934187328,0.0,1.5811388300841895,5952.6518292270375,22.67156809750927,11.335784048754634,11.335784048754634,11.335784048754634,0.0,1.8708286933869707,2300.404920878061,54.258639865002145,27.129319932501073,27.129319932501073,27.129319932501073,0.0,0.8944271909999159,5723.1001913298705,124.62263036864532,62.31131518432266,62.31131518432266,62.31131518432266,0.0,3.5637059362410923,12274.360622859342
0.0,37.77300623461151,18.886503117305754,18.886503117305754,18.886503117305754,0.0,0.5477225575051662,4135.380417809225,32.66190441477655,16.330952207388275,16.330952207388275,16.330952207388275,0.0,1.140175425099138,2715.8446568240975,73.02602275901378,36.51301137950689,36.51301137950689,36.51301137950689,0.0,2.16794833886788,8339.370869556049,44.88652359004872,22.44326179502436,22.44326179502436,22.44326179502436,0.0,1.095445115010332,5708.666131418092,34.275355578024275,17.137677789012137,17.137677789012137,17.137677789012137,0.0,0.8366600265340753,3527.301617384031,96.20187108367487,48.10093554183744,48.10093554183744,48.10093554183744,0.0,2.23606797749979,8883.835978900106,87.71544903835355,43.85772451917678,43.85772451917678,43.85772451917678,0.0,1.0954451150103321,10943.87584450774,89.20762299265685,44.603811496328426,44.603811496328426,44.603811496328426,0.0,2.16794833886788,11524.034202483086,76.04735366861887,38.023676834309434,38.023676834309434,38.023676834309434,0.0,3.5637059362410923,7406.223362821297,76.19186308261533,38.095931541307664,38.095931541307664,38.095931541307664,0.0,1.140175425099138,8490.096483550702,114.98173768038123,57.490868840190615,57.490868840190615,57.490868840190615,0.0,1.9235384061671343,11901.278145644694,58.52520824396954,29.26260412198477,29.26260412198477,29.26260412198477,0.0,1.0,6790.94862298339,49.262561849745495,24.631280924872748,24.631280924872748,24.631280924872748,0.0,1.9235384061671346,3907.237681534104,97.33858433324372,48.66929216662186,48.66929216662186,48.66929216662186,0.0,1.3416407864998738,9333.97874970797,93.44945157677492,46.72472578838746,46.72472578838746,46.72472578838746,0.0,1.3038404810405297,9384.376788045118,68.78371900384568,34.39185950192284,34.39185950192284,34.39185950192284,0.0,1.4832396974191324,8436.672495717728,56.72741841473134,28.36370920736567,28.36370920736567,28.36370920736567,0.0,1.5811388300841895,5951.417411003869,21.97271034715563,10.986355173577815,10.986355173577815,10.986355173577815,0.0,1.4832396974191326,2301.1695504677614,53.691712582110846,26.845856291055423,26.845856291055423,26.845856291055423,0.0,0.8944271909999159,5726.005833039292,124.84710649430366,62.42355324715183,62.42355324715183,62.42355324715183,0.0,3.2093613071762426,12277.399533288799
0.0,38.02630668366309,19.013153341831543,19.013153341831543,19.013153341831543,0.0,0.5477225575051662,4135.793092019958,31.830802691732423,15.915401345866211,15.915401345866211,15.915401345866211,0.0,1.140175425099138,2715.538160291621,73.02602275901378,36.51301137950689,36.51301137950689,36.51301137950689,0.0,2.16794833886788,8341.797510129336,44.64078852350169,22.320394261750845,22.320394261750845,22.320394261750845,0.0,1.095445115010332,5709.09090836711,34.92849839314596,17.46424919657298,17.46424919657298,17.46424919657298,0.0,1.140175425099138,3525.8836764703397,96.27045237246992,48.13522618623496,48.13522618623496,48.13522618623496,0.0,2.23606797749979,8886.48222301716,86.92985678120033,43.464928390600164,43.464928390600164,43.464928390600164,0.0,1.0954451150103321,10942.168601333102,88.93143426258231,44.46571713129116,44.46571713129116,44.46571713129116,0.0,2.16794833886788,11524.349079232197,75.22499584579583,37.612497922897916,37.612497922897916,37.612497922897916,0.0,3.1304951684997055,7407.932660331086,76.70202083387373,38.351010416936866,38.351010416936866,38.351010416936866,0.0,1.140175425099138,8494.588642188624,114.98173768038123,57.490868840190615,57.490868840190615,57.490868840190615,0.0,1.9235384061671343,11901.056066585015,58.43629009442677,29.218145047213383,29.218145047213383,29.218145047213383,0.0,1.0,6787.478898678065,48.620983124572874,24.310491562286437,24.310491562286437,24.310491562286437,0.0,1.9235384061671346,3907.9309487246574,97.33858433324372,48.66929216662186,48.66929216662186,48.66929216662186,0.0,1.3416407864998738,9335.608801786844,93.44945157677492,46.72472578838746,46.72472578838746,46.72472578838746,0.0,1.3038404810405297,9382.409594555122,69.67639485507269,34.83819742753634,34.83819742753634,34.83819742753634,0.0,1.4832396974191324,8442.105969484153,56.72741841473134,28.36370920736567,28.36370920736567,28.36370920736567,0.0,1.5811388300841895,5952.196762540701,22.565460332109335,11.282730166054668,11.282730166054668,11.282730166054668,0.0,1.4832396974191326,2298.5548720881125,53.691712582110846,26.845856291055423,26.845856291055423,26.845856291055423,0.0,0.8944271909999159,5726.543783120845,124.06127518287083,62.030637591435415,62.030637591435415,62.030637591435415,0.0,3.2093613071762426,12275.536444489911
0.0,38.02630668366309,19.013153341831543,19.013153341831543,19.013153341831543,0.0,0.5477225575051662,4139.067672797824,31.540450218727063,15.770225109363532,15.770225109363532,15.770225109363532,0.0,1.140175425099138,2719.852973967527,72.47896246498014,36.23948123249007,36.23948123249007,36.23948123249007,0.0,2.16794833886788,8344.877830142272,44.9310583004674,22.4655291502337,22.4655291502337,22.4655291502337,0.0,1.095445115010332,5709.801590248124,35.59213396243614,17.79606698121807,17.79606698121807,17.79606698121807,0.0,1.140175425099138,3522.233197844799,96.34728849324199,48.173644246620995,48.173644246620995,48.173644246620995,0.0,2.23606797749979,8884.499068602574,87.01264275954385,43.506321379771926,43.506321379771926,43.506321379771926,0.0,1.0954451150103321,10944.387511414241,88.57313362414135,44.286566812070674,44.286566812070674,44.286566812070674,0.0,2.0,11521.782427211512,74.42580197754002,37.21290098877001,37.21290098877001,37.21290098877001,0.0,3.1304951684997055,7408.092784246159,76.18398781896364,38.09199390948182,38.09199390948182,38.09199390948182,0.0,1.140175425099138,8493.026610107847,114.25935410284796,57.12967705142398,57.12967705142398,57.12967705142398,0.0,1.9235384061671343,11904.24310067633,59.45418404115895,29.727092020579477,29.727092020579477,29.727092020579477,0.0,1.0,6788.6324616965385,48.620983124572874,24.310491562286437,24.310491562286437,24.310491562286437,0.0,1.9235384061671346,3906.4543386554515,97.33858433324372,48.66929216662186,48.66929216662186,48.66929216662186,0.0,1.3416407864998738,9335.097980203529,93.44945157677492,46.72472578838746,46.72472578838746,46.72472578838746,0.0,1.3038404810405297,9383.672138347545,69.67639485507269,34.83819742753634,34.83819742753634,34.83819742753634,0.0,1.4832396974191324,8440.665809046108,56.72741841473134,28.36370920736567,28.36370920736567,28.36370920736567,0.0,1.5811388300841895,5951.276518529449,22.565460332109335,11.282730166054668,11.282730166054668,11.282730166054668,0.0,1.4832396974191326,2296.207373039291,53.86278863928232,26.93139431964116,26.93139431964116,26.93139431964116,0.0,0.8944271909999159,5727.996098113196,124.06127518287083,62.030637591435415,62.030637591435415,62.030637591435415,0.0,3.2093613071762426,12276.614773625504
0.0,38.58497116754138,19.29248558377069,19.29248558377069,19.29248558377069,0.0,0.5477225575051662,4142.398194283113,31.540450218727063,15.770225109363532,15.770225109363532,15.770225109363532,0.0,1.140175425099138,2720.1169092522473,73.1518967628318,36.5759483814159,36.5759483814159,36.5759483814159,0.0,2.16794833886788,8348.885027355449,44.9310583004674,22.4655291502337,22.4655291502337,22.4655291502337,0.0,1.095445115010332,5709.574528806853,35.68192819901974,17.84096409950987,17.84096409950987,17.84096409950987,0.0,1.140175425099138,3516.5567249797064,96.34728849324199,48.173644246620995,48.173644246620995,48.173644246620995,0.0,2.23606797749979,8882.772669611668,87.53742056971979,43.76871028485989,43.76871028485989,43.76871028485989,0.0,1.0954451150103321,10947.39226939457,89.06626746417523,44.53313373208761,44.53313373208761,44.53313373208761,0.0,2.0,11520.952182870997,74.42580197754002,37.21290098877001,37.21290098877001,37.21290098877001,0.0,3.1304951684997055,7409.62881661423,77.44159089274962,38.72079544637481,38.72079544637481,38.72079544637481,0.0,1.140175425099138,8497.014652217566,113.75763710626201,56.878818553131005,56.878818553131005,56.878818553131005,0.0,1.9235384061671343,11904.904170130896,59.45418404115895,29.727092020579477,29.727092020579477,29.727092020579477,0.0,1.0,6786.221312335754,48.81393243736874,24.40696621868437,24.40696621868437,24.40696621868437,0.0,1.9235384061671346,3907.2994894172116,97.40225870070981,48.701129350354904,48.701129350354904,48.701129350354904,0.0,1.3416407864998738,9334.907380365377,93.44945157677492,46.72472578838746,46.72472578838746,46.72472578838746,0.0,1.3038404810405297,9381.695651639951,70.16266813626746,35.08133406813373,35.08133406813373,35.08133406813373,0.0,1.4832396974191324,8439.081774695633,55.86770086552695,27.933850432763474,27.933850432763474,27.933850432763474,0.0,1.3038404810405297,5951.258186299768,22.22611077089287,11.113055385446435,11.113055385446435,11.113055385446435,0.0,1.4832396974191326,2292.8855619066558,53.86278863928232,26.93139431964116,26.93139431964116,26.93139431964116,0.0,0.8944271909999159,5726.820129880106,123.9725776129544,61.9862888064772,61.9862888064772,61.9862888064772,0.0,3.2093613071762426,12275.827923199315
0.0,38.58497116754138,19.29248558377069,19.29248558377069,19.29248558377069,0.0,0.5477225575051662,4143.727995416688,31.71750305430741,15.858751527153705,15.858751527153705,15.858751527153705,0.0,1.140175425099138,2715.490158332377,72.63057207540088,36.31528603770044,36.31528603770044,36.31528603770044,0.0,2.16794833886788,8351.409743270893,44.52864246751747,22.264321233758736,22.264321233758736,22.264321233758736,0.0,1.095445115010332,5708.246639730978,48.977545875635705,24.488772937817853,24.488772937817853,24.488772937817853,0.0,1.8708286933869707,5072.341717589618,95.5259127148231,47.76295635741155,47.76295635741155,47.76295635741155,0.0,2.23606797749979,8878.029161925522,87.94316346368261,43.971581731841304,43.971581731841304,43.971581731841304,0.0,1.0954451150103321,10946.548268746637,89.06626746417523,44.53313373208761,44.53313373208761,44.53313373208761,0.0,2.0,11521.490246491554,74.82512946864843,37.412564734324214,37.412564734324214,37.412564734324214,0.0,3.1304951684997055,7410.046646276932,77.44159089274962,38.72079544637481,38.72079544637481,38.72079544637481,0.0,1.140175425099138,8497.7730788719,113.40194001867869,56.70097000933934,56.70097000933934,56.70097000933934,0.0,1.9235384061671343,11902.57105418825,59.120216508399224,29.560108254199612,29.560108254199612,29.560108254199612,0.0,1.0,6785.865272756305,49.94797293184179,24.973986465920895,24.973986465920895,24.973986465920895,0.0,1.9235384061671346,3910.987215525001,97.40225870070981,48.701129350354904,48.701129350354904,48.701129350354904,0.0,1.3416407864998738,9333.560226408785,93.02687783646186,46.51343891823093,46.51343891823093,46.51343891823093,0.0,1.3038404810405297,9381.675260847607,70.00857090385433,35.00428545192717,35.00428545192717,35.00428545192717,0.0,1.4832396974191324,8439.673779240522,56.096345692032386,28.048172846016193,28.048172846016193,28.048172846016193,0.0,1.3038404810405297,5954.713024151542,22.208106627986098,11.104053313993049,11.104053313993049,11.104053313993049,0.0,1.4832396974191326,2291.1181113159573,52.75225113679984,26.37612556839992,26.37612556839992,26.37612556839992,0.0,0.8944271909999159,5727.091190124355,123.63171114240876,61.81585557120438,61.81585557120438,61.81585557120438,0.0,3.2093613071762426,12271.507315729392
0.0,38.382287581643695,19.191143790821847,19.191143790821847,19.191143790821847,0.0,0.5477225575051662,4145.326404518708,31.71750305430741,15.858751527153705,15.858751527153705,15.858751527153705,0.0,1.140175425099138,2714.445339291252,72.89718787443039,36.44859393721519,36.44859393721519,36.44859393721519,0.0,2.16794833886788,8352.470311231284,45.66399018920707,22.831995094603535,22.831995094603535,22.831995094603535,0.0,1.095445115010332,5707.442045259855,48.838509395762685,24.419254697881343,24.419254697881343,24.419254697881343,0.0,1.4832396974191326,5074.467538569934,95.03052141285977,47.515260706429885,47.515260706429885,47.515260706429885,0.0,2.23606797749979,8876.050709634324,133.67572704122466,66.83786352061233,66.83786352061233,66.83786352061233,0.0,4.4944410108488455,15294.10571756322,89.06626746417523,44.53313373208761,44.53313373208761,44.53313373208761,0.0,2.0,11524.2931887383,75.27283706623525,37.63641853311763,37.63641853311763,37.63641853311763,0.0,3.1304951684997055,7408.556627306024,77.9615289742319,38.98076448711595,38.98076448711595,38.98076448711595,0.0,1.140175425099138,8498.432573127824,112.90172717899404,56.45086358949702,56.45086358949702,56.45086358949702,0.0,1.9235384061671343,11903.259902228465,58.43629009442677,29.218145047213383,29.218145047213383,29.218145047213383,0.0,1.0,6788.491459816385,50.762190654068505,25.381095327034252,25.381095327034252,25.381095327034252,0.0,1.9235384061671346,3909.3804752159904,97.21728241418806,48.60864120709403,48.60864120709403,48.60864120709403,0.0,1.3416407864998738,9335.454284607686,93.02687783646186,46.51343891823093,46.51343891823093,46.51343891823093,0.0,1.3038404810405297,9380.21863817683,69.2733715073837,34.63668575369185,34.63668575369185,34.63668575369185,0.0,1.414213562373095,8440.828555301903,56.096345692032386,28.048172846016193,28.048172846016193,28.048172846016193,0.0,1.3038404810405297,5954.04007376504,23.125743231299616,11.562871615649808,11.562871615649808,11.562871615649808,0.0,1.4832396974191326,2287.12575080602,53.44155686354956,26.72077843177478,26.72077843177478,26.72077843177478,0.0,0.8944271909999159,5724.696437366789,122.67355053148174,61.33677526574087,61.33677526574087,61.33677526574087,0.0,2.8809720581775866,12268.825220859575
0.0,37.61382724477795,18.806913622388976,18.806913622388976,18.806913622388976,0.0,0.5477225575051662,4146.5397381431185,31.79308100829487,15.896540504147435,15.896540504147435,15.896540504147435,0.0,1.140175425099138,2716.848597180196,71.36665888214188,35.68332944107094,35.68332944107094,35.68332944107094,0.0,2.16794833886788,8352.209486118029,45.729640278488965,22.864820139244483,22.864820139244483,22.864820139244483,0.0,1.095445115010332,5706.444225610201,48.81393243736874,24.40696621868437,24.40696621868437,24.40696621868437,0.0,1.4832396974191326,5074.195128293747,94.92523373687314,47.46261686843657,47.46261686843657,47.46261686843657,0.0,2.23606797749979,8875.445188834192,141.59519765867768,70.79759882933884,70.79759882933884,70.79759882933884,0.0,4.159326868617084,15597.536664486479,89.06626746417523,44.53313373208761,44.53313373208761,44.53313373208761,0.0,2.0,11522.014810787217,74.88123930598371,37.440619652991856,37.440619652991856,37.440619652991856,0.0,2.701851217221259,7407.540057265975,77.9615289742319,38.98076448711595,38.98076448711595,38.98076448711595,0.0,1.140175425099138,8497.870821564658,112.75282701555646,56.37641350777823,56.37641350777823,56.37641350777823,0.0,1.9235384061671343,11899.14475077936,73.74822031751003,36.874110158755016,36.874110158755016,36.874110158755016,0.0,2.073644135332772,8637.360378032168,51.291324802543365,25.645662401271682,25.645662401271682,25.645662401271682,0.0,1.9235384061671346,3909.615108933359,98.11218069128829,49.056090345644144,49.056090345644144,49.056090345644144,0.0,1.3416407864998738,9335.532512931439,92.99892472496657,46.499462362483285,46.499462362483285,46.499462362483285,0.0,1.3038404810405297,9381.344477205812,69.2733715073837,34.63668575369185,34.63668575369185,34.63668575369185,0.0,1.414213562373095,8436.04625994903,55.65249320560581,27.826246602802904,27.826246602802904,27.826246602802904,0.0,1.3038404810405297,5956.712616871827,23.435016535091243,11.717508267545622,11.717508267545622,11.717508267545622,0.0,1.4832396974191326,2287.8478314783088,53.76988004450075,26.884940022250376,26.884940022250376,26.884940022250376,0.0,0.8944271909999159,5728.929088407362,122.20147298621241,61.100736493106204,61.100736493106204,61.100736493106204,0.0,2.8809720581775866,12265.560757666157
0.0,37.61382724477795,18.806913622388976,18.806913622388976,18.806913622388976,0.0,0.5477225575051662,4149.365288812254,30.97095413447897,15.485477067239485,15.485477067239485,15.485477067239485,0.0,1.140175425099138,2718.7185768299005,71.00704190430693,35.503520952153465,35.503520952153465,35.503520952153465,0.0,2.16794833886788,8354.805874465306,45.20176987685327,22.600884938426635,22.600884938426635,22.600884938426635,0.0,1.095445115010332,5708.238581208742,47.824679821196916,23.912339910598458,23.912339910598458,23.912339910598458,0.0,1.4832396974191326,5073.024906305902,94.60021141625425,47.30010570812713,47.30010570812713,47.30010570812713,0.0,2.23606797749979,8873.34808851766,142.07322055897797,71.03661027948898,71.03661027948898,71.03661027948898,0.0,4.159326868617084,15597.777511555934,89.06626746417523,44.53313373208761,44.53313373208761,44.53313373208761,0.0,2.0,11523.461480822505,77.27095185126167,38.635475925630836,38.635475925630836,38.635475925630836,0.0,3.5637059362410923,7562.351373746131,87.39565206576354,43.69782603288177,43.69782603288177,43.69782603288177,0.0,1.9235384061671346,9325.549501235839,112.41885962773328,56.20942981386664,56.20942981386664,56.20942981386664,0.0,1.9235384061671343,11900.201040318605,73.74822031751003,36.874110158755016,36.874110158755016,36.874110158755016,0.0,2.073644135332772,8633.853340195212,51.291324802543365,25.645662401271682,25.645662401271682,25.645662401271682,0.0,1.9235384061671346,3911.855160917899,98.11218069128829,49.056090345644144,49.056090345644144,49.056090345644144,0.0,1.3416407864998738,9335.044681199977,92.97956764795155,46.48978382397578,46.48978382397578,46.48978382397578,0.0,1.3038404810405297,9381.178166946835,68.7371806230078,34.3685903115039,34.3685903115039,34.3685903115039,0.0,1.414213562373095,8436.682837466395,55.86770086552695,27.933850432763474,27.933850432763474,27.933850432763474,0.0,1.3038404810405297,5958.3695169064495,23.108440016582687,11.554220008291344,11.554220008291344,11.554220008291344,0.0,1.4832396974191326,2287.312658995267,53.76988004450075,26.884940022250376,26.884940022250376,26.884940022250376,0.0,0.8944271909999159,5728.86404097706,123.00081300544318,61.50040650272159,61.50040650272159,61.50040650272159,0.0,2.8809720581775866,12269.95428679341
0.0,37.54996671103717,18.774983355518586,18.774983355518586,18.774983355518586,0.0,0.5477225575051662,4147.253693711056,48.92034341661963,24.460171708309815,24.460171708309815,24.460171708309815,0.0,1.9235384061671346,4548.3262635831215,70.00857090385435,35.004285451927174,35.004285451927174,35.004285451927174,0.0,2.16794833886788,8354.864918118066,45.20176987685327,22.600884938426635,22.600884938426635,22.600884938426635,0.0,1.095445115010332,5708.676580434383,48.71139497078687,24.355697485393435,24.355697485393435,24.355697485393435,0.0,1.4832396974191326,5072.685511639767,94.60021141625425,47.30010570812713,47.30010570812713,47.30010570812713,0.0,2.23606797749979,8877.44249770169,142.07322055897797,71.03661027948898,71.03661027948898,71.03661027948898,0.0,4.159326868617084,15601.161645851887,88.32213765529002,44.16106882764501,44.16106882764501,44.16106882764501,0.0,2.0,11522.351899677426,77.23988606931007,38.61994303465504,38.61994303465504,38.61994303465504,0.0,3.5637059362410923,7564.003952933923,87.22843573055749,43.614217865278746,43.614217865278746,43.614217865278746,0.0,1.9235384061671346,9326.097908557469,112.41885962773328,56.20942981386664,56.20942981386664,56.20942981386664,0.0,1.9235384061671343,11899.738665197652,72.82307326665087,36.41153663332543,36.41153663332543,36.41153663332543,0.0,2.073644135332772,8636.86136278683,51.291324802543365,25.645662401271682,25.645662401271682,25.645662401271682,0.0,1.9235384061671346,3912.9389466231137,98.69751769928158,49.34875884964079,49.34875884964079,49.34875884964079,0.0,1.1401754250991378,9331.447888725523,92.37965143904798,46.18982571952399,46.18982571952399,46.18982571952399,0.0,1.3038404810405297,9381.71206656866,68.7371806230078,34.3685903115039,34.3685903115039,34.3685903115039,0.0,1.414213562373095,8433.821298794513,55.63092665056012,27.81546332528006,27.81546332528006,27.81546332528006,0.0,1.3038404810405297,5961.9384599306295,24.099792530227308,12.049896265113654,12.049896265113654,12.049896265113654,0.0,1.4832396974191326,2284.9861706364877,53.76988004450075,26.884940022250376,26.884940022250376,26.884940022250376,0.0,0.8944271909999159,5726.310243079744,122.88531238516669,61.44265619258334,61.44265619258334,61.44265619258334,0.0,2.8809720581775866,12267.716250386622
0.0,37.54996671103717,18.774983355518586,18.774983355518586,18.774983355518586,0.0,0.5477225575051662,4147.6642824606715,48.92034341661963,24.460171708309815,24.460171708309815,24.460171708309815,0.0,1.9235384061671346,4550.651568731669,69.83695296904068,34.91847648452034,34.91847648452034,34.91847648452034,0.0,2.16794833886788,8358.514539079299,45.20176987685327,22.600884938426635,22.600884938426635,22.600884938426635,0.0,1.095445115010332,5710.999150761625,48.71139497078687,24.355697485393435,24.355697485393435,24.355697485393435,0.0,1.4832396974191326,5072.219612753375,94.60021141625425,47.30010570812713,47.30010570812713,47.30010570812713,0.0,2.23606797749979,8876.71818297731,141.47084505296488,70.73542252648244,70.73542252648244,70.73542252648244,0.0,3.7682887362833544,15622.710926724592,88.32213765529002,44.16106882764501,44.16106882764501,44.16106882764501,0.0,2.0,11520.025312472191,75.63861447699844,37.81930723849922,37.81930723849922,37.81930723849922,0.0,3.1304951684997055,7562.4907404902,87.22843573055749,43.614217865278746,43.614217865278746,43.614217865278746,0.0,1.9235384061671346,9331.895000480878,111.70138763685974,55.85069381842987,55.85069381842987,55.85069381842987,0.0,1.9235384061671343,11901.077232755026,72.82307326665087,36.41153663332543,36.41153663332543,36.41153663332543,0.0,2.073644135332772,8637.790834466878,50.703057107042376,25.351528553521188,25.351528553521188,25.351528553521188,0.0,1.9235384061671346,3911.6256594924826,99.34183408816249,49.67091704408124,49.67091704408124,49.67091704408124,0.0,1.1401754250991378,9329.964458667568,92.16723929900472,46.08361964950236,46.08361964950236,46.08361964950236,0.0,1.3038404810405297,9381.970485990669,69.23294013690304,34.61647006845152,34.61647006845152,34.61647006845152,0.0,1.414213562373095,8432.446720851545,55.183330816470296,27.591665408235148,27.591665408235148,27.591665408235148,0.0,1.3038404810405297,5963.70206331604,24.099792530227308,12.049896265113654,12.049896265113654,12.049896265113654,0.0,1.4832396974191326,2283.886971809244,54.055527006958314,27.027763503479157,27.027763503479157,27.027763503479157,0.0,0.8944271909999159,5729.529230224766,123.36125809993995,61.68062904996997,61.68062904996997,61.68062904996997,0.0,2.8809720581775866,12336.34575958375
0.0,37.5126645281297,18.75633226406485,18.75633226406485,18.75633226406485,0.0,0.5477225575051662,4146.5213733924,50.23942674832188,25.11971337416094,25.11971337416094,25.11971337416094,0.0,1.9235384061671346,4555.301998770225,70.44714330616962,35.22357165308481,35.22357165308481,35.22357165308481,0.0,2.16794833886788,8361.45282232699,45.29017553509812,22.64508776754906,22.64508776754906,22.64508776754906,0.0,1.095445115010332,5707.932795680062,49.31531202375181,24.657656011875904,24.657656011875904,24.657656011875904,0.0,1.4832396974191326,5072.690587843891,94.9041621848062,47.4520810924031,47.4520810924031,47.4520810924031,0.0,2.23606797749979,8878.786161407425,141.9535135176301,70.97675675881506,70.97675675881506,70.97675675881506,0.0,3.7682887362833544,15620.161522852444,87.93861495384152,43.96930747692076,43.96930747692076,43.96930747692076,0.0,1.7888543819998317,11520.978335193588,78.03845206050669,39.01922603025334,39.01922603025334,39.01922603025334,0.0,4.0,7659.082823680653,86.52860798602968,43.26430399301484,43.26430399301484,43.26430399301484,0.0,1.949358868961793,9331.447995890027,111.70138763685974,55.85069381842987,55.85069381842987,55.85069381842987,0.0,1.9235384061671343,11902.23849954285,73.3403026991299,36.67015134956495,36.67015134956495,36.67015134956495,0.0,2.073644135332772,8637.41921525174,50.703057107042376,25.351528553521188,25.351528553521188,25.351528553521188,0.0,1.9235384061671346,3909.454143483461,99.17056014765672,49.58528007382836,49.58528007382836,49.58528007382836,0.0,1.1401754250991378,9328.645630529654,92.16723929900472,46.08361964950236,46.08361964950236,46.08361964950236,0.0,1.3038404810405297,9379.826315023109,69.23294013690304,34.61647006845152,34.61647006845152,34.61647006845152,0.0,1.414213562373095,8433.900183189271,55.418408493929164,27.709204246964582,27.709204246964582,27.709204246964582,0.0,1.3038404810405297,5966.031402867404,24.099792530227308,12.049896265113654,12.049896265113654,12.049896265113654,0.0,1.4832396974191326,2281.413224297606,54.055527006958314,27.027763503479157,27.027763503479157,27.027763503479157,0.0,0.8944271909999159,5728.896560420689,123.68184992148203,61.84092496074101,61.84092496074101,61.84092496074101,0.0,2.8809720581775866,12335.712273719746
0.0,37.5126645281297,18.75633226406485,18.75633226406485,18.75633226406485,0.0,0.5477225575051662,4149.332922290039,50.23942674832188,25.11971337416094,25.11971337416094,25.11971337416094,0.0,1.9235384061671346,4560.425144654827,70.44714330616962,35.22357165308481,35.22357165308481,35.22357165308481,0.0,2.16794833886788,8361.258918368692,45.29017553509812,22.64508776754906,22.64508776754906,22.64508776754906,0.0,1.095445115010332,5713.498026603317,49.31531202375181,24.657656011875904,24.657656011875904,24.657656011875904,0.0,1.4832396974191326,5072.320228455613,94.33557123376103,47.167785616880515,47.167785616880515,47.167785616880515,0.0,2.23606797749979,8876.599422076,141.80691097404244,70.90345548702122,70.90345548702122,70.90345548702122,0.0,3.7682887362833544,15620.217018338766,87.64701934464172,43.82350967232086,43.82350967232086,43.82350967232086,0.0,1.6733200530681511,11521.373086572625,77.20880778771293,38.604403893856464,38.604403893856464,38.604403893856464,0.0,3.5637059362410923,7658.404520525147,86.52860798602968,43.26430399301484,43.26430399301484,43.26430399301484,0.0,1.949358868961793,9334.169630984858,111.70138763685974,55.85069381842987,55.85069381842987,55.85069381842987,0.0,1.9235384061671343,11903.322926813335,74.35590090907378,37.17795045453689,37.17795045453689,37.17795045453689,0.0,2.0736441353327724,7883.299670823125,51.83820984563413,25.919104922817066,25.919104922817066,25.919104922817066,0.0,1.9235384061671346,3908.1643773004225,98.69751769928158,49.34875884964079,49.34875884964079,49.34875884964079,0.0,1.1401754250991378,9331.329771259829,92.14770751353504,46.07385375676752,46.07385375676752,46.07385375676752,0.0,1.3038404810405297,9383.367774951592,70.11419257183242,35.05709628591621,35.05709628591621,35.05709628591621,0.0,1.414213562373095,8431.259888059434,55.418408493929164,27.709204246964582,27.709204246964582,27.709204246964582,0.0,1.3038404810405297,5965.985878293713,23.790754506740637,11.895377253370318,11.895377253370318,11.895377253370318,0.0,1.4832396974191326,2279.6880707675778,54.306537359695476,27.153268679847738,27.153268679847738,27.153268679847738,0.0,0.8944271909999159,5733.44370339502,123.68184992148203,61.84092496074101,61.84092496074101,61.84092496074101,0.0,2.8809720581775866,12339.576601326318
0.0,37.5126645281297,18.75633226406485,18.75633226406485,18.75633226406485,0.0,0.5477225575051662,4146.249112149438,50.23942674832188,25.11971337416094,25.11971337416094,25.11971337416094,0.0,1.9235384061671346,4562.58539646109,70.23674252127586,35.11837126063793,35.11837126063793,35.11837126063793,0.0,1.8708286933869704,8363.026228584962,44.77499302065831,22.387496510329154,22.387496510329154,22.387496510329154,0.0,1.095445115010332,5716.3742004875785,49.26662156064692,24.63331078032346,24.63331078032346,24.63331078032346,0.0,1.4832396974191326,5070.610683142613,93.83602719638125,46.918013598190626,46.918013598190626,46.918013598190626,0.0,2.23606797749979,8875.278209723907,141.80691097404244,70.90345548702122,70.90345548702122,70.90345548702122,0.0,3.7682887362833544,15620.470565895253,87.38878646599916,43.69439323299958,43.69439323299958,43.69439323299958,0.0,1.6733200530681511,11521.925134282032,77.20880778771293,38.604403893856464,38.604403893856464,38.604403893856464,0.0,3.5637059362410923,7654.087058558976,86.52860798602968,43.26430399301484,43.26430399301484,43.26430399301484,0.0,1.949358868961793,9334.108082725419,80.90241034728199,40.45120517364099,40.45120517364099,40.45120517364099,0.0,3.1144823004794873,9317.97165159886,73.88369238201349,36.941846191006746,36.941846191006746,36.941846191006746,0.0,2.0736441353327724,7883.561473090699,51.83820984563413,25.919104922817066,25.919104922817066,25.919104922817066,0.0,1.9235384061671346,3910.8714757710973,98.23034154475899,49.11517077237949,49.11517077237949,49.11517077237949,0.0,1.1401754250991378,9331.74427960818,91.92823287760947,45.96411643880474,45.96411643880474,45.96411643880474,0.0,1.3038404810405297,9383.695364833622,70.95632459478155,35.478162297390774,35.478162297390774,35.478162297390774,0.0,1.414213562373095,8434.216887180457,56.78027826631356,28.39013913315678,28.39013913315678,28.39013913315678,0.0,1.3038404810405297,5964.206887759679,24.470390270692455,12.235195135346228,12.235195135346228,12.235195135346228,0.0,1.6733200530681513,2276.6071905359518,54.306537359695476,27.153268679847738,27.153268679847738,27.153268679847738,0.0,0.8944271909999159,5732.7000880911255,123.80306942883121,61.901534714415604,61.901534714415604,61.901534714415604,0.0,2.8809720581775866,12336.211140378555
0.0,37.48599738569057,18.742998692845283,18.742998692845283,18.742998692845283,0.0,0.5477225575051662,4148.727419341984,50.46979294588001,25.234896472940004,25.234896472940004,25.234896472940004,0.0,1.9235384061671346,4563.298061709316,70.20541289672755,35.102706448363776,35.102706448363776,35.102706448363776,0.0,1.8708286933869704,8359.520781719488,44.37116180583961,22.185580902919806,22.185580902919806,22.185580902919806,0.0,1.095445115010332,5717.036819891927,49.14468435141282,24.57234217570641,24.57234217570641,24.57234217570641,0.0,1.4832396974191326,5071.231704428422,93.83602719638125,46.918013598190626,46.918013598190626,46.918013598190626,0.0,2.23606797749979,8874.478502988217,142.2912506094454,71.1456253047227,71.1456253047227,71.1456253047227,0.0,3.7682887362833544,15617.407361658978,88.4036198353891,44.20180991769455,44.20180991769455,44.20180991769455,0.0,1.6733200530681511,11520.42519614619,75.59629620556817,37.79814810278408,37.79814810278408,37.79814810278408,0.0,3.1304951684997055,7650.7917694837315,86.52860798602968,43.26430399301484,43.26430399301484,43.26430399301484,0.0,1.949358868961793,9334.09970484567,80.27951170753344,40.13975585376672,40.13975585376672,40.13975585376672,0.0,2.701851217221259,9319.64176886644,73.4384095688353,36.71920478441765,36.71920478441765,36.71920478441765,0.0,2.0736441353327724,7887.046075686384,51.21327952787246,25.60663976393623,25.60663976393623,25.60663976393623,0.0,1.9235384061671346,3904.3035486498743,98.29954221663498,49.14977110831749,49.14977110831749,49.14977110831749,0.0,1.1401754250991378,9330.339988446294,92.1368547325119,46.06842736625595,46.06842736625595,46.06842736625595,0.0,1.3038404810405297,9381.153223351594,71.46187794901559,35.730938974507794,35.730938974507794,35.730938974507794,0.0,1.414213562373095,8437.253623069535,56.78027826631356,28.39013913315678,28.39013913315678,28.39013913315678,0.0,1.3038404810405297,5964.39877942446,24.470390270692455,12.235195135346228,12.235195135346228,12.235195135346228,0.0,1.6733200530681513,2278.842973967272,54.468339427597755,27.234169713798877,27.234169713798877,27.234169713798877,0.0,0.8944271909999159,5736.718426069036,123.3320720656229,61.66603603281145,61.66603603281145,61.66603603281145,0.0,2.8809720581775866,12335.496382391751
0.0,37.282703764614496,18.641351882307248,18.641351882307248,18.641351882307248,0.0,0.5477225575051662,4148.46028063425,50.647803506173894,25.323901753086947,25.323901753086947,25.323901753086947,0.0,1.9235384061671346,4563.155235141579,69.79971346646059,34.899856733230294,34.899856733230294,34.899856733230294,0.0,1.8708286933869704,8360.808047072962,44.5061793462436,22.2530896731218,22.2530896731218,22.2530896731218,0.0,1.095445115010332,5718.750536611997,49.14468435141282,24.57234217570641,24.57234217570641,24.57234217570641,0.0,1.4832396974191326,5066.885305589618,93.78059500770935,46.890297503854676,46.890297503854676,46.890297503854676,0.0,2.23606797749979,8878.055603565455,143.94165484667738,71.97082742333869,71.97082742333869,71.97082742333869,0.0,4.159326868617084,15707.610629882574,88.03862788571844,44.01931394285922,44.01931394285922,44.01931394285922,0.0,1.6733200530681511,11518.795609784904,75.61216833288144,37.80608416644072,37.80608416644072,37.80608416644072,0.0,3.2093613071762426,7648.26529351591,86.52860798602968,43.26430399301484,43.26430399301484,43.26430399301484,0.0,1.949358868961793,9333.704398576163,80.93207028119323,40.46603514059662,40.46603514059662,40.46603514059662,0.0,2.701851217221259,9317.851989595027,72.90541817999538,36.45270908999769,36.45270908999769,36.45270908999769,0.0,2.0736441353327724,7882.511826822716,51.21327952787246,25.60663976393623,25.60663976393623,25.60663976393623,0.0,1.9235384061671346,3904.821353147926,98.11218069128829,49.056090345644144,49.056090345644144,49.056090345644144,0.0,1.1401754250991378,9327.300263205854,92.1368547325119,46.06842736625595,46.06842736625595,46.06842736625595,0.0,1.3038404810405297,9381.6868525868,71.11961754677819,35.55980877338909,35.55980877338909,35.55980877338909,0.0,1.414213562373095,8432.599166330629,56.84012667121705,28.420063335608525,28.420063335608525,28.420063335608525,0.0,1.3038404810405297,5968.241131187647,23.85791273351464,11.92895636675732,11.92895636675732,11.92895636675732,0.0,1.3416407864998738,2280.067586717552,54.57105459856901,27.285527299284507,27.285527299284507,27.285527299284507,0.0,0.8944271909999159,5736.260829146457,123.3320720656229,61.66603603281145,61.66603603281145,61.66603603281145,0.0,2.8809720581775866,12335.533275866106
0.0,37.282703764614496,18.641351882307248,18.641351882307248,18.641351882307248,0.0,0.5477225575051662,4146.8095326407265,50.840928394355664,25.420464197177832,25.420464197177832,25.420464197177832,0.0,1.9235384061671346,4563.220825250516,69.79971346646059,34.899856733230294,34.899856733230294,34.899856733230294,0.0,1.8708286933869704,8361.8352232031,44.5061793462436,22.2530896731218,22.2530896731218,22.2530896731218,0.0,1.095445115010332,5719.609383515626,49.14468435141282,24.57234217570641,24.57234217570641,24.57234217570641,0.0,1.4832396974191326,5069.058857421169,93.73366524360391,46.866832621801954,46.866832621801954,46.866832621801954,0.0,2.23606797749979,8877.057733280775,143.94165484667738,71.97082742333869,71.97082742333869,71.97082742333869,0.0,4.159326868617084,15709.502754702327,88.03862788571844,44.01931394285922,44.01931394285922,44.01931394285922,0.0,1.6733200530681511,11515.73967663389,76.0,38.0,38.0,38.0,0.0,3.2093613071762426,7664.76818305681,87.56026496076859,43.780132480384296,43.780132480384296,43.780132480384296,0.0,2.073644135332772,9334.739701780656,80.86284684575482,40.43142342287741,40.43142342287741,40.43142342287741,0.0,2.701851217221259,9317.817383915613,72.62231062146122,36.31115531073061,36.31115531073061,36.31115531073061,0.0,1.7888543819998315,7881.913555729979,50.59644256269407,25.298221281347036,25.298221281347036,25.298221281347036,0.0,1.9235384061671346,3903.4044755828213,98.23034154475899,49.11517077237949,49.11517077237949,49.11517077237949,0.0,1.1401754250991378,9323.204534922528,92.79439638254026,46.39719819127013,46.39719819127013,46.39719819127013,0.0,1.3038404810405297,9380.054067008356,71.59050216334566,35.79525108167283,35.79525108167283,35.79525108167283,0.0,1.414213562373095,8435.127106333372,56.402127619443576,28.201063809721788,28.201063809721788,28.201063809721788,0.0,1.3038404810405297,5969.026662698031,24.551985663078252,12.275992831539126,12.275992831539126,12.275992831539126,0.0,1.3416407864998738,2280.622678129813,54.57105459856901,27.285527299284507,27.285527299284507,27.285527299284507,0.0,0.8944271909999159,5732.1883430327025,122.51857002103803,61.259285010519015,61.259285010519015,61.259285010519015,0.0,2.8809720581775866,12335.463359760752
0.0,37.282703764614496,18.641351882307248,18.641351882307248,18.641351882307248,0.0,0.5477225575051662,4143.172576661513,50.840928394355664,25.420464197177832,25.420464197177832,25.420464197177832,0.0,1.9235384061671346,4562.1172935381655,70.40454530781376,35.20227265390688,35.20227265390688,35.20227265390688,0.0,1.8708286933869704,8363.916564624495,44.5061793462436,22.2530896731218,22.2530896731218,22.2530896731218,0.0,1.095445115010332,5720.2837604440565,49.71921157862421,24.859605789312106,24.859605789312106,24.859605789312106,0.0,1.4832396974191326,5070.096912288758,94.03829007377793,47.019145036888965,47.019145036888965,47.019145036888965,0.0,2.23606797749979,8881.051232821485,143.94165484667738,71.97082742333869,71.97082742333869,71.97082742333869,0.0,4.159326868617084,15709.50914255439,88.19977324233889,44.099886621169446,44.099886621169446,44.099886621169446,0.0,1.816590212458495,11517.794393893304,76.01841882070424,38.00920941035212,38.00920941035212,38.00920941035212,0.0,3.2093613071762426,7665.262337324144,87.56026496076859,43.780132480384296,43.780132480384296,43.780132480384296,0.0,2.073644135332772,9335.807479805911,80.86284684575482,40.43142342287741,40.43142342287741,40.43142342287741,0.0,2.701851217221259,9321.101394148654,72.62231062146122,36.31115531073061,36.31115531073061,36.31115531073061,0.0,1.7888543819998315,7879.071157185978,52.20344816197489,26.101724080987445,26.101724080987445,26.101724080987445,0.0,1.8708286933869707,4217.4247118354115,98.60020283954795,49.30010141977397,49.30010141977397,49.30010141977397,0.0,0.8366600265340757,9326.662945555607,92.79439638254026,46.39719819127013,46.39719819127013,46.39719819127013,0.0,1.3038404810405297,9380.998017268737,92.62181168601703,46.31090584300851,46.31090584300851,46.31090584300851,0.0,1.9493588689617927,10241.768294586633,57.0894035701898,28.5447017850949,28.5447017850949,28.5447017850949,0.0,1.3038404810405297,5968.206615056151,24.24871130596428,12.12435565298214,12.12435565298214,12.12435565298214,0.0,1.3416407864998738,2273.643067853879,54.57105459856901,27.285527299284507,27.285527299284507,27.285527299284507,0.0,0.8944271909999159,5728.367481228836,122.74689405439145,61.37344702719572,61.37344702719572,61.37344702719572,0.0,2.5884358211089573,12341.432554610506
0.0,37.87875393937873,18.939376969689366,18.939376969689366,18.939376969689366,0.0,0.5477225575051662,4141.374204294994,51.48592040548562,25.74296020274281,25.74296020274281,25.74296020274281,0.0,1.9235384061671346,4559.404807647595,70.40454530781376,35.20227265390688,35.20227265390688,35.20227265390688,0.0,1.8708286933869704,8364.130301471876,44.609416046390926,22.304708023195463,22.304708023195463,22.304708023195463,0.0,1.095445115010332,5717.512264962796,49.71921157862421,24.859605789312106,24.859605789312106,24.859605789312106,0.0,1.4832396974191326,5073.579554909926,93.71872811770335,46.859364058851675,46.859364058851675,46.859364058851675,0.0,2.23606797749979,8880.968995554484,143.9930553880985,71.99652769404925,71.99652769404925,71.99652769404925,0.0,4.159326868617084,15710.826108133208,88.11810256695271,44.05905128347636,44.05905128347636,44.05905128347636,0.0,1.816590212458495,11518.341885879234,75.20106382226251,37.600531911131256,37.600531911131256,37.600531911131256,0.0,2.7748873851023212,7658.49779656559,87.6082187925311,43.80410939626555,43.80410939626555,43.80410939626555,0.0,2.073644135332772,9334.360208391361,80.80346527222703,40.401732636113515,40.401732636113515,40.401732636113515,0.0,2.701851217221259,9319.85461259992,72.87523584867496,36.43761792433748,36.43761792433748,36.43761792433748,0.0,1.7888543819998315,7878.6269235190975,52.812877217587754,26.406438608793877,26.406438608793877,26.406438608793877,0.0,1.9235384061671343,4218.105060332186,99.4323890892701,49.71619454463505,49.71619454463505,49.71619454463505,0.0,1.224744871391589,9328.968174455307,93.43018784097569,46.715093920487845,46.715093920487845,46.715093920487845,0.0,1.3038404810405297,9381.57788967293,92.62181168601703,46.31090584300851,46.31090584300851,46.31090584300851,0.0,1.9493588689617927,10241.6040589353,57.78235024642041,28.891175123210203,28.891175123210203,28.891175123210203,0.0,1.3038404810405297,5969.302873870616,23.97498696558561,11.987493482792805,11.987493482792805,11.987493482792805,0.0,1.3416407864998738,2275.847358677642,55.08901886946254,27.54450943473127,27.54450943473127,27.54450943473127,0.0,0.8944271909999159,5729.0555242552855,125.79030169293657,62.89515084646828,62.89515084646828,62.89515084646828,0.0,2.5884358211089573,12471.95188412784
0.0,37.87875393937873,18.939376969689366,18.939376969689366,18.939376969689366,0.0,0.5477225575051662,4140.793366010915,51.48592040548562,25.74296020274281,25.74296020274281,25.74296020274281,0.0,1.9235384061671346,4561.0788964892945,70.00857090385435,35.004285451927174,35.004285451927174,35.004285451927174,0.0,1.8708286933869704,8364.723414435173,44.75712233823797,22.378561169118985,22.378561169118985,22.378561169118985,0.0,1.095445115010332,5717.802899715939,48.977545875635705,24.488772937817853,24.488772937817853,24.488772937817853,0.0,1.4832396974191326,5073.474085870549,93.22446030951319,46.612230154756595,46.612230154756595,46.612230154756595,0.0,2.23606797749979,8880.140697083578,143.39037624610657,71.69518812305328,71.69518812305328,71.69518812305328,0.0,3.7682887362833544,15710.190498526745,88.39683252243826,44.19841626121913,44.19841626121913,44.19841626121913,0.0,1.816590212458495,11517.219990084412,75.20106382226251,37.600531911131256,37.600531911131256,37.600531911131256,0.0,2.7748873851023212,7664.354982645311,98.29140348982713,49.145701744913566,49.145701744913566,49.145701744913566,0.0,2.4083189157584592,10508.94826802378,80.78366171448283,40.391830857241416,40.391830857241416,40.391830857241416,0.0,2.3021728866442674,9320.697087664636,73.5472637152464,36.7736318576232,36.7736318576232,36.7736318576232,0.0,1.7888543819998315,7882.7879395553955,53.07730211681826,26.53865105840913,26.53865105840913,26.53865105840913,0.0,1.9235384061671343,4217.540894881756,98.98080622019604,49.49040311009802,49.49040311009802,49.49040311009802,0.0,1.224744871391589,9328.845866451005,93.02687783646186,46.51343891823093,46.51343891823093,46.51343891823093,0.0,1.3038404810405297,9375.389634569861,91.99565207117128,45.99782603558564,45.99782603558564,45.99782603558564,0.0,1.9493588689617927,10240.455409795015,57.253820833198546,28.626910416599273,28.626910416599273,28.626910416599273,0.0,1.3038404810405297,5971.050552457247,23.34951819631403,11.674759098157015,11.674759098157015,11.674759098157015,0.0,1.3416407864998738,2274.951691794795,55.78530272392542,27.89265136196271,27.89265136196271,27.89265136196271,0.0,0.8944271909999159,5726.418138767025,125.51812618104208,62.75906309052104,62.75906309052104,62.75906309052104,0.0,2.5884358211089573,12474.909390452502
0.0,37.87875393937873,18.939376969689366,18.939376969689366,18.939376969689366,0.0,0.5477225575051662,4140.863352007646,52.069184744914146,26.034592372457073,26.034592372457073,26.034592372457073,0.0,1.9235384061671346,4563.577029042021,70.00857090385435,35.004285451927174,35.004285451927174,35.004285451927174,0.0,1.8708286933869704,8360.920433780004,44.93105830046739,22.465529150233696,22.465529150233696,22.465529150233696,0.0,1.095445115010332,5724.673990717724,49.57015230963084,24.78507615481542,24.78507615481542,24.78507615481542,0.0,1.4832396974191326,5073.9848935526015,94.03190947758107,47.01595473879053,47.01595473879053,47.01595473879053,0.0,2.23606797749979,8883.00478441839,142.95873530498233,71.47936765249116,71.47936765249116,71.47936765249116,0.0,3.7682887362833544,15713.135295032625,88.39683252243826,44.19841626121913,44.19841626121913,44.19841626121913,0.0,1.816590212458495,11517.608866427094,74.38548245457577,37.19274122728788,37.19274122728788,37.19274122728788,0.0,2.7748873851023212,7661.288814553332,97.85090699630739,48.92545349815369,48.92545349815369,48.92545349815369,0.0,2.16794833886788,10509.437815601746,80.49099328496325,40.245496642481626,40.245496642481626,40.245496642481626,0.0,2.3021728866442674,9323.013075181221,74.22398534166702,37.11199267083351,37.11199267083351,37.11199267083351,0.0,1.7888543819998315,7883.685591143269,53.07730211681826,26.53865105840913,26.53865105840913,26.53865105840913,0.0,1.9235384061671343,4218.671674828464,98.98080622019604,49.49040311009802,49.49040311009802,49.49040311009802,0.0,1.224744871391589,9330.570920367092,93.02687783646186,46.51343891823093,46.51343891823093,46.51343891823093,0.0,1.3038404810405297,9375.642633974483,91.99565207117128,45.99782603558564,45.99782603558564,45.99782603558564,0.0,1.9493588689617927,10241.562795784635,58.01034390520367,29.005171952601835,29.005171952601835,29.005171952601835,0.0,1.3038404810405297,5973.232500078998,23.34951819631403,11.674759098157015,11.674759098157015,11.674759098157015,0.0,1.3416407864998738,2275.984841777291,55.971421279077774,27.985710639538887,27.985710639538887,27.985710639538887,0.0,1.1401754250991378,5723.716869307916,125.51812618104208,62.75906309052104,62.75906309052104,62.75906309052104,0.0,2.5884358211089573,12474.344139072002
0.0,37.560617673302445,18.780308836651223,18.780308836651223,18.780308836651223,0.0,0.5477225575051662,4142.831579970395,52.069184744914146,26.034592372457073,26.034592372457073,26.034592372457073,0.0,1.9235384061671346,4563.6151020873795,69.34551175094175,34.67275587547088,34.67275587547088,34.67275587547088,0.0,1.8708286933869704,8361.724893824241,45.75150270756142,22.87575135378071,22.87575135378071,22.87575135378071,0.0,1.095445115010332,5722.566233780086,48.81393243736874,24.40696621868437,24.40696621868437,24.40696621868437,0.0,1.4832396974191326,5074.514361000469,93.54571075148235,46.77285537574117,46.77285537574117,46.77285537574117,0.0,1.9235384061671346,8882.899059428739,143.4475513907435,71.72377569537176,71.72377569537176,71.72377569537176,0.0,3.7682887362833544,15713.392176738924,87.99318155402725,43.99659077701362,43.99659077701362,43.99659077701362,0.0,1.816590212458495,11517.788793861433,74.82512946864843,37.412564734324214,37.412564734324214,37.412564734324214,0.0,2.7748873851023212,7661.32983234634,98.63062404750362,49.31531202375181,49.31531202375181,49.31531202375181,0.0,2.16794833886788,10509.24704724368,80.18229230946194,40.09114615473097,40.09114615473097,40.09114615473097,0.0,2.3021728866442674,9323.108505214343,73.77533463156911,36.887667315784554,36.887667315784554,36.887667315784554,0.0,1.7888543819998315,7881.535275566556,53.07730211681826,26.53865105840913,26.53865105840913,26.53865105840913,0.0,1.9235384061671343,4219.4530095736345,98.60425954288182,49.30212977144091,49.30212977144091,49.30212977144091,0.0,1.224744871391589,9328.90640428984,93.0225779045066,46.5112889522533,46.5112889522533,46.5112889522533,0.0,1.3038404810405297,9373.918241589266,91.37395690239096,45.68697845119548,45.68697845119548,45.68697845119548,0.0,1.9493588689617927,10240.878097116478,58.71286060140487,29.356430300702435,29.356430300702435,29.356430300702435,0.0,1.3038404810405297,5973.194731464897,22.93468988235943,11.467344941179714,11.467344941179714,11.467344941179714,0.0,1.3416407864998738,2276.5051504444264,55.971421279077774,27.985710639538887,27.985710639538887,27.985710639538887,0.0,1.1401754250991378,5725.129326050199,125.20383380711631,62.601916903558156,62.601916903558156,62.601916903558156,0.0,2.4494897427831783,12468.401601648866
0.0,36.796738985948195,18.398369492974098,18.398369492974098,18.398369492974098,0.0,0.5477225575051662,4144.182609393558,51.36146415358503,25.680732076792516,25.680732076792516,25.680732076792516,0.0,1.9235384061671346,4561.613946839429,69.34551175094175,34.67275587547088,34.67275587547088,34.67275587547088,0.0,1.8708286933869704,8363.490999576672,46.65618930002749,23.328094650013746,23.328094650013746,23.328094650013746,0.0,1.095445115010332,5722.354602783717,48.80573736764972,24.40286868382486,24.40286868382486,24.40286868382486,0.0,1.4832396974191326,5073.279018544121,93.54571075148235,46.77285537574117,46.77285537574117,46.77285537574117,0.0,1.9235384061671346,8876.796426639512,143.4475513907435,71.72377569537176,71.72377569537176,71.72377569537176,0.0,3.7682887362833544,15715.118348265787,88.74232361167923,44.37116180583961,44.37116180583961,44.37116180583961,0.0,1.816590212458495,11512.899799789799,75.20638270785267,37.603191353926334,37.603191353926334,37.603191353926334,0.0,2.7748873851023212,7654.721921794417,98.18961248523186,49.09480624261593,49.09480624261593,49.09480624261593,0.0,2.16794833886788,10508.138574457418,80.50341607658646,40.25170803829323,40.25170803829323,40.25170803829323,0.0,2.3021728866442674,9328.90589511975,72.90267484804656,36.45133742402328,36.45133742402328,36.45133742402328,0.0,1.7888543819998315,7882.20072695437,52.687759489277965,26.343879744638983,26.343879744638983,26.343879744638983,0.0,1.9235384061671343,4218.334410641243,98.72588313102091,49.362941565510454,49.362941565510454,49.362941565510454,0.0,1.224744871391589,9323.807162313044,92.83749242628217,46.418746213141084,46.418746213141084,46.418746213141084,0.0,1.3038404810405297,9374.040414890476,91.1767514227174,45.5883757113587,45.5883757113587,45.5883757113587,0.0,2.0736441353327724,10244.100829257783,58.71286060140487,29.356430300702435,29.356430300702435,29.356430300702435,0.0,1.3038404810405297,5975.6939094970385,23.09112383579457,11.545561917897285,11.545561917897285,11.545561917897285,0.0,1.3416407864998738,2276.0536680843006,55.45448584199479,27.727242920997394,27.727242920997394,27.727242920997394,0.0,1.1401754250991378,5721.0163694923995,125.20383380711631,62.601916903558156,62.601916903558156,62.601916903558156,0.0,2.4494897427831783,12463.032335671765
0.0,36.753231150471656,18.376615575235828,18.376615575235828,18.376615575235828,0.0,0.5477225575051662,4146.126179941947,51.52475133370369,25.762375666851845,25.762375666851845,25.762375666851845,0.0,1.9235384061671346,4565.279651894285,69.95712972957081,34.978564864785405,34.978564864785405,34.978564864785405,0.0,1.8708286933869704,8365.69296591741,46.389654018972806,23.194827009486403,23.194827009486403,23.194827009486403,0.0,1.095445115010332,5725.9129228447055,47.94997393117122,23.97498696558561,23.97498696558561,23.97498696558561,0.0,1.4832396974191326,5073.186474002311,93.54571075148235,46.77285537574117,46.77285537574117,46.77285537574117,0.0,1.9235384061671346,8872.391363099354,143.0202782824869,71.51013914124346,71.51013914124346,71.51013914124346,0.0,3.7682887362833544,15712.701238170348,89.09994388325954,44.54997194162977,44.54997194162977,44.54997194162977,0.0,1.816590212458495,11514.24537258087,75.20638270785267,37.603191353926334,37.603191353926334,37.603191353926334,0.0,2.7748873851023212,7654.95783789826,97.74865727978057,48.87432863989029,48.87432863989029,48.87432863989029,0.0,2.16794833886788,10510.765543003992,79.82981899014929,39.914909495074646,39.914909495074646,39.914909495074646,0.0,2.3021728866442674,9327.848154853295,72.47896246498014,36.23948123249007,36.23948123249007,36.23948123249007,0.0,1.7888543819998315,7881.416687372899,52.687759489277965,26.343879744638983,26.343879744638983,26.343879744638983,0.0,1.9235384061671343,4216.849914331788,98.72588313102091,49.362941565510454,49.362941565510454,49.362941565510454,0.0,1.224744871391589,9324.664524796588,92.37965143904798,46.18982571952399,46.18982571952399,46.18982571952399,0.0,1.3038404810405297,9372.867128045718,90.8118934941894,45.4059467470947,45.4059467470947,45.4059467470947,0.0,2.0736441353327724,10243.982780149525,58.974570791146924,29.487285395573462,29.487285395573462,29.487285395573462,0.0,1.3038404810405297,5976.745627847984,23.09112383579457,11.545561917897285,11.545561917897285,11.545561917897285,0.0,1.3416407864998738,2277.484972508051,55.45448584199479,27.727242920997394,27.727242920997394,27.727242920997394,0.0,1.1401754250991378,5719.621665809724,125.20383380711631,62.601916903558156,62.601916903558156,62.601916903558156,0.0,2.4494897427831783,12459.084248049694
0.0,36.204972034238615,18.102486017119308,18.102486017119308,18.102486017119308,0.0,0.5477225575051662,4143.613133486281,51.896049946021904,25.948024973010952,25.948024973010952,25.948024973010952,0.0,1.9235384061671346,4564.484560166679,70.40454530781376,35.20227265390688,35.20227265390688,35.20227265390688,0.0,1.8708286933869704,8362.369413031214,46.389654018972806,23.194827009486403,23.194827009486403,23.194827009486403,0.0,1.095445115010332,5724.855063667551,47.945802736005994,23.972901368002997,23.972901368002997,23.972901368002997,0.0,1.4832396974191326,5075.753668175791,93.06556828387178,46.53278414193589,46.53278414193589,46.53278414193589,0.0,1.9235384061671346,8873.733526537744,143.58690748114884,71.79345374057442,71.79345374057442,71.79345374057442,0.0,3.7682887362833544,15711.016160643461,90.12657765609431,45.063288828047156,45.063288828047156,45.063288828047156,0.0,1.816590212458495,11514.780818582696,93.32309467650545,46.661547338252724,46.661547338252724,46.661547338252724,0.0,3.4351128074635335,9425.384146017605,97.3139250056229,48.65696250281145,48.65696250281145,48.65696250281145,0.0,2.16794833886788,10505.735695323769,80.4810536710349,40.24052683551745,40.24052683551745,40.24052683551745,0.0,2.3021728866442674,9329.209880799124,71.51782994470679,35.758914972353395,35.758914972353395,35.758914972353395,0.0,1.7888543819998315,7877.9140132398,52.96036253652348,26.48018126826174,26.48018126826174,26.48018126826174,0.0,1.9235384061671343,4219.930271935782,99.55500991913968,49.77750495956984,49.77750495956984,49.77750495956984,0.0,1.224744871391589,9328.389233946018,103.25308712091858,51.62654356045929,51.62654356045929,51.62654356045929,0.0,1.3038404810405297,10411.733837358694,90.8118934941894,45.4059467470947,45.4059467470947,45.4059467470947,0.0,2.0736441353327724,10243.151970951129,59.184457419156935,29.592228709578468,29.592228709578468,29.592228709578468,0.0,1.3038404810405297,5977.307713343859,22.46775467197379,11.233877335986895,11.233877335986895,11.233877335986895,0.0,1.3416407864998738,2272.892034391427,55.54457669295896,27.77228834647948,27.77228834647948,27.77228834647948,0.0,1.1401754250991378,5715.100331577741,126.0111106212464,63.0055553106232,63.0055553106232,63.0055553106232,0.0,2.4494897427831783,12458.127519816131
0.0,37.002702603999076,18.501351301999538,18.501351301999538,18.501351301999538,0.0,0.8366600265340753,4144.651095086292,51.896049946021904,25.948024973010952,25.948024973010952,25.948024973010952,0.0,1.9235384061671346,4565.282105193501,70.40454530781376,35.20227265390688,35.20227265390688,35.20227265390688,0.0,1.8708286933869704,8361.186769831182,45.96955514250709,22.984777571253545,22.984777571253545,22.984777571253545,0.0,1.095445115010332,5724.106856095543,48.55924216871594,24.27962108435797,24.27962108435797,24.27962108435797,0.0,1.4832396974191326,5075.348855004944,92.64340235548346,46.32170117774173,46.32170117774173,46.32170117774173,0.0,1.9235384061671346,8870.021645971334,142.64641600825448,71.32320800412724,71.32320800412724,71.32320800412724,0.0,3.7682887362833544,15713.141850056596,90.12657765609431,45.063288828047156,45.063288828047156,45.063288828047156,0.0,1.816590212458495,11517.254955066333,93.32309467650545,46.661547338252724,46.661547338252724,46.661547338252724,0.0,3.4351128074635335,9425.16767490107,96.46346458633964,48.23173229316982,48.23173229316982,48.23173229316982,0.0,1.8708286933869707,10505.574344127977,80.1373820385967,40.06869101929835,40.06869101929835,40.06869101929835,0.0,1.9235384061671343,9330.756973579368,71.51782994470679,35.758914972353395,35.758914972353395,35.758914972353395,0.0,1.7888543819998315,7878.54579221318,53.07730211681826,26.53865105840913,26.53865105840913,26.53865105840913,0.0,1.6733200530681511,4219.595099058676,100.38525788182248,50.19262894091124,50.19262894091124,50.19262894091124,0.0,1.224744871391589,9327.215768920541,103.25308712091858,51.62654356045929,51.62654356045929,51.62654356045929,0.0,1.3038404810405297,10412.236997878987,90.61567193372237,45.307835966861184,45.307835966861184,45.307835966861184,0.0,2.0736441353327724,10243.98574774487,59.1100668245266,29.5550334122633,29.5550334122633,29.5550334122633,0.0,1.3038404810405297,5979.9767808913775,22.423202269078338,11.211601134539169,11.211601134539169,11.211601134539169,0.0,1.3416407864998738,2270.6880455051505,55.78530272392542,27.89265136196271,27.89265136196271,27.89265136196271,0.0,1.1401754250991378,5714.470771646313,125.17667514357457,62.588337571787285,62.588337571787285,62.588337571787285,0.0,2.4494897427831783,12456.726596501989
0.0,36.97025831665232,18.48512915832616,18.48512915832616,18.48512915832616,0.0,0.8366600265340753,4144.661602591941,51.08815909777921,25.544079548889606,25.544079548889606,25.544079548889606,0.0,1.9235384061671346,4568.940927611124,71.46187794901559,35.730938974507794,35.730938974507794,35.730938974507794,0.0,1.8708286933869704,8361.727166082375,45.96955514250709,22.984777571253545,22.984777571253545,22.984777571253545,0.0,1.095445115010332,5724.630319942066,49.18129725820579,24.590648629102894,24.590648629102894,24.590648629102894,0.0,1.4832396974191326,5075.000068965517,92.31467922275417,46.15733961137708,46.15733961137708,46.15733961137708,0.0,1.816590212458495,8869.539717482525,143.33596896801583,71.66798448400792,71.66798448400792,71.66798448400792,0.0,3.7682887362833544,15711.185817754178,89.73962335557242,44.86981167778621,44.86981167778621,44.86981167778621,0.0,1.816590212458495,11518.91328207657,93.32309467650545,46.661547338252724,46.661547338252724,46.661547338252724,0.0,3.4351128074635335,9422.10158616431,95.57196241576293,47.78598120788146,47.78598120788146,47.78598120788146,0.0,1.8708286933869707,10508.242303068577,79.4808152952648,39.7404076476324,39.7404076476324,39.7404076476324,0.0,1.9235384061671343,9333.248191278319,70.97887009526144,35.48943504763072,35.48943504763072,35.48943504763072,0.0,1.7888543819998315,7881.155803560795,53.07730211681826,26.53865105840913,26.53865105840913,26.53865105840913,0.0,1.6733200530681511,4215.598557737679,100.78095058095056,50.39047529047528,50.39047529047528,50.39047529047528,0.0,1.224744871391589,9326.45204244358,102.88828893513586,51.44414446756793,51.44414446756793,51.44414446756793,0.0,1.3038404810405297,10412.302372674356,89.98444309990478,44.99222154995239,44.99222154995239,44.99222154995239,0.0,2.0736441353327724,10246.508151560705,59.42390091537243,29.711950457686214,29.711950457686214,29.711950457686214,0.0,1.3038404810405297,5978.633556256815,22.653917983430592,11.326958991715296,11.326958991715296,11.326958991715296,0.0,1.3416407864998738,2267.5882121760997,55.882018574851074,27.941009287425537,27.941009287425537,27.941009287425537,0.0,1.1401754250991378,5713.013241714043,125.32677287794496,62.66338643897248,62.66338643897248,62.66338643897248,0.0,2.4494897427831783,12458.512041973554
0.0,36.193922141707716,18.096961070853858,18.096961070853858,18.096961070853858,0.0,0.8366600265340753,4146.460936750761,50.430149712250504,25.215074856125252,25.215074856125252,25.215074856125252,0.0,1.9235384061671346,4566.286259095021,70.50390060131426,35.25195030065713,35.25195030065713,35.25195030065713,0.0,1.8708286933869704,8357.225903372482,45.96955514250709,22.984777571253545,22.984777571253545,22.984777571253545,0.0,1.095445115010332,5720.884223614388,48.73602363755172,24.36801181877586,24.36801181877586,24.36801181877586,0.0,1.4832396974191326,5073.939169915225,93.18368955992246,46.59184477996123,46.59184477996123,46.59184477996123,0.0,1.816590212458495,8866.133779726088,143.33596896801583,71.66798448400792,71.66798448400792,71.66798448400792,0.0,3.7682887362833544,15712.620793489545,89.73962335557242,44.86981167778621,44.86981167778621,44.86981167778621,0.0,1.816590212458495,11517.440188687762,92.2756739341415,46.13783696707075,46.13783696707075,46.13783696707075,0.0,3.1144823004794873,9421.020364058237,95.65981392413431,47.829906962067156,47.829906962067156,47.829906962067156,0.0,1.8708286933869707,10510.160712377332,79.80726783946434,39.90363391973217,39.90363391973217,39.90363391973217,0.0,1.9235384061671343,9333.627697738966,70.59178422451157,35.295892112255785,35.295892112255785,35.295892112255785,0.0,1.8708286933869707,7881.042044044683,52.505237833953295,26.252618916976648,26.252618916976648,26.252618916976648,0.0,1.6733200530681511,4211.895618364729,100.78095058095056,50.39047529047528,50.39047529047528,50.39047529047528,0.0,1.224744871391589,9326.319558110798,102.88828893513586,51.44414446756793,51.44414446756793,51.44414446756793,0.0,1.3038404810405297,10409.50799509756,89.98444309990478,44.99222154995239,44.99222154995239,44.99222154995239,0.0,2.0736441353327724,10245.287687517613,59.42390091537243,29.711950457686214,29.711950457686214,29.711950457686214,0.0,1.3038404810405297,5976.013110762057,22.653917983430592,11.326958991715296,11.326958991715296,11.326958991715296,0.0,1.3416407864998738,2263.816622432126,55.882018574851074,27.941009287425537,27.941009287425537,27.941009287425537,0.0,1.1401754250991378,5715.661492775792,125.32677287794496,62.66338643897248,62.66338643897248,62.66338643897248,0.0,2.4494897427831783,12456.044986270721
0.0,36.193922141707716,18.096961070853858,18.096961070853858,18.096961070853858,0.0,0.8366600265340753,4143.655270410414,49.57015230963084,24.78507615481542,24.78507615481542,24.78507615481542,0.0,1.51657508881031,4566.4220457596775,70.03713300814077,35.018566504070385,35.018566504070385,35.018566504070385,0.0,1.8708286933869704,8353.330132348416,46.05648705665685,23.028243528328424,23.028243528328424,23.028243528328424,0.0,1.095445115010332,5719.483656764831,49.01020301937139,24.505101509685694,24.505101509685694,24.505101509685694,0.0,1.4832396974191326,5075.560786750564,92.64340235548346,46.32170117774173,46.32170117774173,46.32170117774173,0.0,1.816590212458495,8862.61647596239,143.83601774242777,71.91800887121389,71.91800887121389,71.91800887121389,0.0,3.7682887362833544,15716.093471343316,89.18968550230458,44.59484275115229,44.59484275115229,44.59484275115229,0.0,1.816590212458495,11516.877884218447,92.76852914647294,46.38426457323647,46.38426457323647,46.38426457323647,0.0,3.1144823004794873,9421.770921647374,96.44272911941056,48.22136455970528,48.22136455970528,48.22136455970528,0.0,1.8708286933869707,10509.492033395334,79.7370679169983,39.86853395849915,39.86853395849915,39.86853395849915,0.0,1.9235384061671343,9334.901167125445,70.59178422451157,35.295892112255785,35.295892112255785,35.295892112255785,0.0,1.8708286933869707,7880.3019294948335,51.64106892774394,25.82053446387197,25.82053446387197,25.82053446387197,0.0,1.6733200530681511,4210.056911729342,100.53457116832996,50.26728558416498,50.26728558416498,50.26728558416498,0.0,1.224744871391589,9326.227254361755,102.48316934989862,51.24158467494931,51.24158467494931,51.24158467494931,0.0,1.3038404810405297,10406.34713528239,90.12657765609433,45.06328882804716,45.06328882804716,45.06328882804716,0.0,2.0736441353327724,10246.8089325409,58.882934709472494,29.441467354736247,29.441467354736247,29.441467354736247,0.0,1.3038404810405297,5975.246329650352,21.419617176784463,10.709808588392232,10.709808588392232,10.709808588392232,0.0,1.3416407864998738,2260.796541044771,54.037024344425184,27.018512172212592,27.018512172212592,27.018512172212592,0.0,0.8366600265340757,5713.492084531141,124.91597175701753,62.457985878508765,62.457985878508765,62.457985878508765,0.0,2.4494897427831783,12455.060589977073
0.0,36.193922141707716,18.096961070853858,18.096961070853858,18.096961070853858,0.0,0.8366600265340753,4142.691492254764,50.66359639820292,25.33179819910146,25.33179819910146,25.33179819910146,0.0,1.51657508881031,4569.85363004112,70.47836547480368,35.23918273740184,35.23918273740184,35.23918273740184,0.0,1.8708286933869704,8357.825955354658,45.89989106740886,22.94994553370443,22.94994553370443,22.94994553370443,0.0,1.095445115010332,5714.760301184994,49.01836390578536,24.50918195289268,24.50918195289268,24.50918195289268,0.0,1.4832396974191326,5075.582557697195,93.4558719396486,46.7279359698243,46.7279359698243,46.7279359698243,0.0,1.816590212458495,8863.624332066427,143.83601774242777,71.91800887121389,71.91800887121389,71.91800887121389,0.0,3.7682887362833544,15715.931016010474,88.92693630166283,44.46346815083142,44.46346815083142,44.46346815083142,0.0,1.816590212458495,11514.571919962982,92.23231537807125,46.116157689035624,46.116157689035624,46.116157689035624,0.0,3.1144823004794873,9424.218360161229,97.58073580374356,48.79036790187178,48.79036790187178,48.79036790187178,0.0,1.8708286933869707,10508.3676800919,79.7370679169983,39.86853395849915,39.86853395849915,39.86853395849915,0.0,1.9235384061671343,9333.364570185824,70.59178422451157,35.295892112255785,35.295892112255785,35.295892112255785,0.0,1.8708286933869707,7881.865375658226,51.080328894790796,25.540164447395398,25.540164447395398,25.540164447395398,0.0,1.6733200530681511,4208.729832146511,98.92825683291908,49.46412841645954,49.46412841645954,49.46412841645954,0.0,1.224744871391589,9326.555430597085,114.42027792310243,57.210138961551216,57.210138961551216,57.210138961551216,0.0,2.302172886644268,11411.925201297106,88.67468635411123,44.337343177055615,44.337343177055615,44.337343177055615,0.0,2.0736441353327724,10245.615257269814,58.44655678480983,29.223278392404914,29.223278392404914,29.223278392404914,0.0,1.3038404810405297,5974.696661756143,21.419617176784463,10.709808588392232,10.709808588392232,10.709808588392232,0.0,1.3416407864998738,2261.1875862033207,54.037024344425184,27.018512172212592,27.018512172212592,27.018512172212592,0.0,0.8366600265340757,5715.265671865132,124.51024054269593,62.25512027134796,62.25512027134796,62.25512027134796,0.0,2.4494897427831783,12453.798276028083
0.0,36.204972034238615,18.102486017119308,18.102486017119308,18.102486017119308,0.0,0.8366600265340753,4145.609086732612,50.88418221805279,25.442091109026396,25.442091109026396,25.442091109026396,0.0,1.51657508881031,4568.965583148991,70.47836547480368,35.23918273740184,35.23918273740184,35.23918273740184,0.0,1.8708286933869704,8353.203996072405,45.89989106740886,22.94994553370443,22.94994553370443,22.94994553370443,0.0,1.095445115010332,5713.22591011418,48.838509395762685,24.419254697881343,24.419254697881343,24.419254697881343,0.0,1.4832396974191326,5079.894802060373,93.39593138889937,46.697965694449685,46.697965694449685,46.697965694449685,0.0,1.8165902124584952,8866.220107802423,144.43960675659568,72.21980337829784,72.21980337829784,72.21980337829784,0.0,3.7682887362833544,15720.95773800057,88.92693630166283,44.46346815083142,44.46346815083142,44.46346815083142,0.0,1.816590212458495,11516.635671931279,91.81067476061811,45.90533738030906,45.90533738030906,45.90533738030906,0.0,3.1144823004794873,9431.52472827167,97.15348681339233,48.57674340669617,48.57674340669617,48.57674340669617,0.0,1.8708286933869707,10506.73082837854,79.76966842102328,39.88483421051164,39.88483421051164,39.88483421051164,0.0,1.9235384061671343,9333.217424875518,70.59178422451157,35.295892112255785,35.295892112255785,35.295892112255785,0.0,1.8708286933869707,7878.679572111052,50.950956811427986,25.475478405713993,25.475478405713993,25.475478405713993,0.0,1.6733200530681511,4209.779887357533,98.73803725008919,49.369018625044596,49.369018625044596,49.369018625044596,0.0,1.224744871391589,9326.22390359571,113.85604946598139,56.92802473299069,56.92802473299069,56.92802473299069,0.0,2.302172886644268,11411.16616739937,88.82116864801995,44.410584324009974,44.410584324009974,44.410584324009974,0.0,2.0736441353327724,10247.965700567112,58.44655678480983,29.223278392404914,29.223278392404914,29.223278392404914,0.0,1.3038404810405297,5976.283209487315,21.419617176784463,10.709808588392232,10.709808588392232,10.709808588392232,0.0,1.3416407864998738,2256.833511803651,53.50513994000951,26.752569970004753,26.752569970004753,26.752569970004753,0.0,0.8366600265340757,5718.408100162142,124.10962895762763,62.05481447881382,62.05481447881382,62.05481447881382,0.0,2.16794833886788,12457.33845169184
0.0,36.23810149552539,18.119050747762696,18.119050747762696,18.119050747762696,0.0,0.8366600265340753,4142.120447307152,50.88418221805279,25.442091109026396,25.442091109026396,25.442091109026396,0.0,1.51657508881031,4569.908511119233,70.51241025521678,35.25620512760839,35.25620512760839,35.25620512760839,0.0,1.8708286933869704,8352.398026914187,45.89989106740886,22.94994553370443,22.94994553370443,22.94994553370443,0.0,1.095445115010332,5713.764494621738,48.22862220714998,24.11431110357499,24.11431110357499,24.11431110357499,0.0,1.140175425099138,5078.292262168455,93.39593138889937,46.697965694449685,46.697965694449685,46.697965694449685,0.0,1.8165902124584952,8870.389579945178,144.43960675659568,72.21980337829784,72.21980337829784,72.21980337829784,0.0,3.7682887362833544,15723.08173673342,88.92693630166283,44.46346815083142,44.46346815083142,44.46346815083142,0.0,1.816590212458495,11515.857123983433,91.2951258282719,45.64756291413595,45.64756291413595,45.64756291413595,0.0,3.1144823004794873,9429.867300232809,96.31822257496242,48.15911128748121,48.15911128748121,48.15911128748121,0.0,1.8708286933869707,10505.895092756256,79.22120928135344,39.61060464067672,39.61060464067672,39.61060464067672,0.0,1.9235384061671343,9330.36835821609,70.59178422451157,35.295892112255785,35.295892112255785,35.295892112255785,0.0,1.8708286933869707,7882.02044529193,51.67978328127935,25.839891640639674,25.839891640639674,25.839891640639674,0.0,1.6733200530681511,4208.792261445081,98.73803725008919,49.369018625044596,49.369018625044596,49.369018625044596,0.0,1.224744871391589,9325.60937955263,113.26958991715296,56.63479495857648,56.63479495857648,56.63479495857648,0.0,1.9235384061671348,11410.235418254962,88.91569040388767,44.45784520194383,44.45784520194383,44.45784520194383,0.0,2.0736441353327724,10250.556019065503,59.11683347406219,29.558416737031095,29.558416737031095,29.558416737031095,0.0,1.3038404810405297,5975.072024670498,20.83266665599966,10.41633332799983,10.41633332799983,10.41633332799983,0.0,1.3416407864998738,2254.194379373704,52.896124621752776,26.448062310876388,26.448062310876388,26.448062310876388,0.0,0.8366600265340757,5722.85525764893,123.38881634897062,61.69440817448531,61.69440817448531,61.69440817448531,0.0,2.16794833886788,12454.690473873688
0.0,36.1828688746484,18.0914344373242,18.0914344373242,18.0914344373242,0.0,0.7071067811865476,4139.627724808113,50.88418221805279,25.442091109026396,25.442091109026396,25.442091109026396,0.0,1.51657508881031,4567.305025942542,70.51241025521678,35.25620512760839,35.25620512760839,35.25620512760839,0.0,1.8708286933869704,8350.068101518693,45.40925015897091,22.704625079485456,22.704625079485456,22.704625079485456,0.0,1.095445115010332,5714.550874740727,48.8344140949802,24.4172070474901,24.4172070474901,24.4172070474901,0.0,1.140175425099138,5076.629817112924,93.39593138889937,46.697965694449685,46.697965694449685,46.697965694449685,0.0,1.8165902124584952,8872.126661629669,143.93470741971862,71.96735370985931,71.96735370985931,71.96735370985931,0.0,3.3911649915626345,15723.45670328252,89.20089685647785,44.60044842823893,44.60044842823893,44.60044842823893,0.0,1.816590212458495,11515.675199483529,90.78546139112804,45.39273069556402,45.39273069556402,45.39273069556402,0.0,3.1144823004794873,9432.502425125584,96.31822257496242,48.15911128748121,48.15911128748121,48.15911128748121,0.0,1.8708286933869707,10504.794752873566,80.20723159416487,40.10361579708243,40.10361579708243,40.10361579708243,0.0,2.2360679774997894,9334.94401161571,70.41874750377204,35.20937375188602,35.20937375188602,35.20937375188602,0.0,1.8708286933869707,7879.720077515444,51.94227565288221,25.971137826441105,25.971137826441105,25.971137826441105,0.0,1.6733200530681511,4206.214057795918,99.3921526077386,49.6960763038693,49.6960763038693,49.6960763038693,0.0,1.224744871391589,9327.67257680071,113.26958991715296,56.63479495857648,56.63479495857648,56.63479495857648,0.0,1.9235384061671348,11412.113572866334,88.91569040388767,44.45784520194383,44.45784520194383,44.45784520194383,0.0,2.0736441353327724,10253.167252122634,59.11683347406219,29.558416737031095,29.558416737031095,29.558416737031095,0.0,1.3038404810405297,5973.787324637528,20.83266665599966,10.41633332799983,10.41633332799983,10.41633332799983,0.0,1.3416407864998738,2252.1424688504944,52.896124621752776,26.448062310876388,26.448062310876388,26.448062310876388,0.0,0.8366600265340757,5729.176616233785,123.38881634897062,61.69440817448531,61.69440817448531,61.69440817448531,0.0,2.16794833886788,12451.183024114616
0.0,36.1828688746484,18.0914344373242,18.0914344373242,18.0914344373242,0.0,0.7071067811865476,4138.67898006115,51.041159861429485,25.52057993071474,25.520579930714742,25.520579930714742,0.0,1.51657508881031,4569.456061721132,70.51241025521678,35.25620512760839,35.25620512760839,35.25620512760839,0.0,1.8708286933869704,8347.175378533746,46.22553406938637,23.112767034693185,23.112767034693185,23.112767034693185,0.0,1.095445115010332,5715.511508167926,48.8344140949802,24.4172070474901,24.4172070474901,24.4172070474901,0.0,1.140175425099138,5074.783808203065,55.110797490147064,27.555398745073532,27.555398745073532,27.555398745073532,0.0,2.949576240750525,6934.116475802811,143.3275967844295,71.66379839221474,71.66379839221474,71.66379839221474,0.0,3.3911649915626345,15725.400780266302,88.83242651194439,44.416213255972195,44.416213255972195,44.416213255972195,0.0,1.816590212458495,11516.419352385532,90.78546139112804,45.39273069556402,45.39273069556402,45.39273069556402,0.0,3.1144823004794873,9432.848816767922,96.31822257496242,48.15911128748121,48.15911128748121,48.15911128748121,0.0,1.8708286933869707,10505.498060539538,80.22967032214454,40.11483516107227,40.11483516107227,40.11483516107227,0.0,2.2360679774997894,9335.91078577768,70.41874750377204,35.20937375188602,35.20937375188602,35.20937375188602,0.0,1.8708286933869707,7876.798956428937,51.2757252508436,25.6378626254218,25.6378626254218,25.6378626254218,0.0,1.6733200530681511,4203.022150786265,99.3921526077386,49.6960763038693,49.6960763038693,49.6960763038693,0.0,1.224744871391589,9330.597140590735,112.98141440077656,56.49070720038828,56.49070720038828,56.49070720038828,0.0,1.9235384061671348,11413.629865209403,89.07749435182828,44.53874717591414,44.53874717591414,44.53874717591414,0.0,2.0736441353327724,10253.426656489039,58.59351499952875,29.296757499764375,29.296757499764375,29.296757499764375,0.0,1.3038404810405297,5974.4143394980565,21.288494545176274,10.644247272588137,10.644247272588137,10.644247272588137,0.0,1.3416407864998738,2249.270037145385,52.896124621752776,26.448062310876388,26.448062310876388,26.448062310876388,0.0,0.8366600265340757,5731.821551653541,123.24447249268424,61.62223624634212,61.62223624634212,61.62223624634212,0.0,2.16794833886788,12452.4378416437
0.0,36.68787265568828,18.34393632784414,18.34393632784414,18.34393632784414,0.0,0.7071067811865476,4140.075784330524,51.485920405485615,25.742960202742807,25.742960202742807,25.742960202742807,0.0,1.51657508881031,4567.751656997127,70.970416371894,35.485208185947,35.485208185947,35.485208185947,0.0,1.8708286933869704,8350.51622955132,46.22553406938637,23.112767034693185,23.112767034693185,23.112767034693185,0.0,1.095445115010332,5716.877792991556,48.56747883100378,24.28373941550189,24.28373941550189,24.28373941550189,0.0,1.140175425099138,5074.811159048187,55.110797490147064,27.555398745073532,27.555398745073532,27.555398745073532,0.0,2.949576240750525,6934.049156156884,143.3275967844295,71.66379839221474,71.66379839221474,71.66379839221474,0.0,3.3911649915626345,15723.285350078717,88.83242651194439,44.416213255972195,44.416213255972195,44.416213255972195,0.0,1.816590212458495,11516.743689081562,91.1767514227174,45.5883757113587,45.5883757113587,45.5883757113587,0.0,3.1144823004794873,9434.959644852754,96.39917012090923,48.199585060454616,48.199585060454616,48.199585060454616,0.0,1.8708286933869707,10503.080205349286,79.91995995994994,39.95997997997497,39.95997997997497,39.95997997997497,0.0,2.2360679774997894,9332.74813224915,72.03610206000877,36.018051030004386,36.018051030004386,36.018051030004386,0.0,1.8708286933869707,7877.925424881858,51.03724130475706,25.51862065237853,25.51862065237853,25.51862065237853,0.0,1.6733200530681511,4201.333573997666,99.3921526077386,49.6960763038693,49.6960763038693,49.6960763038693,0.0,1.224744871391589,9330.46572792591,112.60195380187682,56.30097690093841,56.30097690093841,56.30097690093841,0.0,1.9235384061671348,11412.976539886517,89.07749435182828,44.53874717591414,44.53874717591414,44.53874717591414,0.0,2.0736441353327724,10252.319030346256,58.59351499952875,29.296757499764375,29.296757499764375,29.296757499764375,0.0,1.3038404810405297,5973.75120841168,20.717142660125695,10.358571330062848,10.358571330062848,10.358571330062848,0.0,1.0954451150103321,2249.663819329457,48.485049242008614,24.242524621004307,24.242524621004307,24.242524621004307,0.0,1.140175425099138,5619.774043500326,123.24447249268424,61.62223624634212,61.62223624634212,61.62223624634212,0.0,2.16794833886788,12454.388595992981
0.0,37.5126645281297,18.75633226406485,18.75633226406485,18.75633226406485,0.0,0.7071067811865476,4139.790610646872,51.485920405485615,25.742960202742807,25.742960202742807,25.742960202742807,0.0,1.51657508881031,4568.9104499869545,70.970416371894,35.485208185947,35.485208185947,35.485208185947,0.0,1.8708286933869704,8348.799716126863,45.59824558028521,22.799122790142604,22.799122790142604,22.799122790142604,0.0,1.095445115010332,5717.835123541076,49.193495504995376,24.596747752497688,24.596747752497688,24.596747752497688,0.0,1.140175425099138,5075.128816099154,55.110797490147064,27.555398745073532,27.555398745073532,27.555398745073532,0.0,2.949576240750525,6930.806280657395,142.89856542317,71.449282711585,71.449282711585,71.449282711585,0.0,3.271085446759226,15722.33776192332,88.83242651194439,44.416213255972195,44.416213255972195,44.416213255972195,0.0,1.816590212458495,11512.885051106869,91.1767514227174,45.5883757113587,45.5883757113587,45.5883757113587,0.0,3.1144823004794873,9434.698050282266,96.38464608017192,48.19232304008596,48.19232304008596,48.19232304008596,0.0,1.8708286933869707,10498.17899923601,79.91995995994994,39.95997997997497,39.95997997997497,39.95997997997497,0.0,2.2360679774997894,9330.80533501798,72.03610206000877,36.018051030004386,36.018051030004386,36.018051030004386,0.0,1.8708286933869707,7877.68601811471,51.03724130475706,25.51862065237853,25.51862065237853,25.51862065237853,0.0,1.6733200530681511,4202.665428034928,98.76639104472736,49.38319552236368,49.38319552236368,49.38319552236368,0.0,1.224744871391589,9327.761719726763,113.48127598859647,56.74063799429823,56.74063799429823,56.74063799429823,0.0,1.9235384061671348,11416.196884251778,89.2479691645698,44.6239845822849,44.6239845822849,44.6239845822849,0.0,2.0736441353327724,10249.534394302993,58.59351499952875,29.296757499764375,29.296757499764375,29.296757499764375,0.0,1.3038404810405297,5977.251542306046,20.049937655763422,10.024968827881711,10.024968827881711,10.024968827881711,0.0,0.9999999999999999,2247.3076558406506,48.92851929090027,24.464259645450134,24.464259645450134,24.464259645450134,0.0,1.140175425099138,5621.791413775506,123.24447249268424,61.62223624634212,61.62223624634212,61.62223624634212,0.0,2.16794833886788,12450.317176682689
0.0,37.804761604856076,18.902380802428038,18.902380802428038,18.902380802428038,0.0,0.7071067811865476,4137.2263051469645,50.801574778740864,25.400787389370432,25.400787389370432,25.400787389370432,0.0,1.51657508881031,4565.996901006394,70.7898297780126,35.3949148890063,35.3949148890063,35.3949148890063,0.0,1.8708286933869704,8346.67273229279,45.18849411078001,22.594247055390007,22.594247055390007,22.594247055390007,0.0,1.095445115010332,5719.815670106861,48.485049242008614,24.242524621004307,24.242524621004307,24.242524621004307,0.0,1.140175425099138,5071.315637977979,55.110797490147064,27.555398745073532,27.555398745073532,27.555398745073532,0.0,2.949576240750525,6926.579545489967,142.2912506094454,71.1456253047227,71.1456253047227,71.1456253047227,0.0,3.271085446759226,15719.343624973659,88.83242651194439,44.416213255972195,44.416213255972195,44.416213255972195,0.0,1.816590212458495,11513.102349063001,91.1767514227174,45.5883757113587,45.5883757113587,45.5883757113587,0.0,3.1144823004794873,9433.812548487489,96.38464608017192,48.19232304008596,48.19232304008596,48.19232304008596,0.0,1.8708286933869707,10496.170839882514,79.91995995994994,39.95997997997497,39.95997997997497,39.95997997997497,0.0,2.2360679774997894,9331.951928723165,71.08305001897429,35.541525009487145,35.541525009487145,35.541525009487145,0.0,1.6431676725154984,7877.076697608066,51.03724130475706,25.51862065237853,25.51862065237853,25.51862065237853,0.0,1.6733200530681511,4206.146133933057,98.76639104472736,49.38319552236368,49.38319552236368,49.38319552236368,0.0,1.224744871391589,9325.506715455198,113.29960282366395,56.64980141183197,56.64980141183197,56.64980141183197,0.0,1.9235384061671348,11415.55112554799,89.42706525431772,44.71353262715886,44.71353262715886,44.71353262715886,0.0,2.0736441353327724,10245.642844643766,58.130886798671845,29.06544339933592,29.065443399335923,29.065443399335923,0.0,1.3038404810405297,5976.627953955307,21.004761364985796,10.502380682492898,10.502380682492898,10.502380682492898,0.0,0.9999999999999999,2248.1857129694604,49.286915099243124,24.643457549621562,24.643457549621562,24.643457549621562,0.0,1.140175425099138,5622.132495770622,123.28341332068966,61.64170666034483,61.64170666034483,61.64170666034483,0.0,2.16794833886788,12450.3126346289
0.0,36.959437225152655,18.479718612576328,18.479718612576328,18.479718612576328,0.0,0.7071067811865476,4136.584738646122,50.98234988699521,25.491174943497604,25.491174943497604,25.491174943497604,0.0,1.51657508881031,4564.869570973523,71.386273190299,35.6931365951495,35.6931365951495,35.6931365951495,0.0,1.8708286933869704,8349.01201939487,45.18849411078001,22.594247055390007,22.594247055390007,22.594247055390007,0.0,1.095445115010332,5716.740574838078,47.782842108857444,23.891421054428722,23.891421054428722,23.891421054428722,0.0,1.140175425099138,5075.533617266267,55.05270202269821,27.526351011349107,27.526351011349107,27.526351011349107,0.0,2.949576240750525,6928.717002447134,142.2912506094454,71.1456253047227,71.1456253047227,71.1456253047227,0.0,3.271085446759226,15721.143050045694,89.32412887904364,44.66206443952182,44.66206443952182,44.66206443952182,0.0,1.816590212458495,11510.767815397894,91.63405480496866,45.81702740248433,45.81702740248433,45.81702740248433,0.0,3.1144823004794873,9432.1480957415,96.3784208212606,48.1892104106303,48.1892104106303,48.1892104106303,0.0,1.8708286933869707,10500.190703030114,80.88757630192661,40.44378815096331,40.44378815096331,40.44378815096331,0.0,2.2360679774997894,9329.452331192866,70.54076835419359,35.270384177096794,35.270384177096794,35.270384177096794,0.0,1.6431676725154984,7878.979267646286,51.03724130475706,25.51862065237853,25.51862065237853,25.51862065237853,0.0,1.6733200530681511,4203.954661981977,98.76639104472736,49.38319552236368,49.38319552236368,49.38319552236368,0.0,1.224744871391589,9326.129583058559,113.85604946598139,56.92802473299069,56.92802473299069,56.92802473299069,0.0,1.9235384061671348,11410.900556047274,89.61473093191766,44.80736546595883,44.80736546595883,44.80736546595883,0.0,2.0736441353327724,10245.906729030867,58.130886798671845,29.06544339933592,29.065443399335923,29.065443399335923,0.0,1.3038404810405297,5979.391047590047,21.004761364985796,10.502380682492898,10.502380682492898,10.502380682492898,0.0,0.9999999999999999,2248.154732219293,49.84776825495802,24.92388412747901,24.92388412747901,24.92388412747901,0.0,1.140175425099138,5621.444654179209,122.64257009700995,61.321285048504976,61.321285048504976,61.321285048504976,0.0,2.073644135332772,12451.959853774024
0.0,37.26660703632677,18.633303518163384,18.633303518163384,18.633303518163384,0.0,0.7071067811865476,4135.454328124058,50.98234988699521,25.491174943497604,25.491174943497604,25.491174943497604,0.0,1.51657508881031,4567.246073948721,71.99166618435775,35.99583309217888,35.99583309217888,35.99583309217888,0.0,1.8708286933869704,8347.548909709963,45.18849411078001,22.594247055390007,22.594247055390007,22.594247055390007,0.0,1.095445115010332,5713.498884221472,47.7619095095663,23.88095475478315,23.88095475478315,23.88095475478315,0.0,1.140175425099138,5076.8371847046665,54.343352859388425,27.171676429694212,27.171676429694212,27.171676429694212,0.0,2.5495097567963922,6926.665987327526,142.93634947066474,71.46817473533237,71.46817473533237,71.46817473533237,0.0,3.271085446759226,15720.37304900873,89.0730037665734,44.5365018832867,44.5365018832867,44.5365018832867,0.0,1.816590212458495,11506.75781008708,91.63405480496866,45.81702740248433,45.81702740248433,45.81702740248433,0.0,3.1144823004794873,9429.676441957063,96.3784208212606,48.1892104106303,48.1892104106303,48.1892104106303,0.0,1.8708286933869707,10499.855489481748,80.58535847162312,40.29267923581156,40.29267923581156,40.29267923581156,0.0,2.2360679774997894,9326.966253825518,70.54076835419359,35.270384177096794,35.270384177096794,35.270384177096794,0.0,1.6431676725154984,7875.198460991317,52.45188271168157,26.225941355840785,26.225941355840785,26.225941355840785,0.0,1.6733200530681511,4206.287555552996,98.14886652427526,49.07443326213763,49.07443326213763,49.07443326213763,0.0,1.224744871391589,9322.662511321538,58.09302884167773,29.046514420838864,29.046514420838864,29.046514420838864,0.0,1.9235384061671348,5817.406767624214,89.40917178902845,44.704585894514224,44.704585894514224,44.704585894514224,0.0,2.0736441353327724,10246.432344967687,58.23057616063918,29.11528808031959,29.11528808031959,29.11528808031959,0.0,1.51657508881031,5981.8429183655435,20.474374227311564,10.237187113655782,10.237187113655782,10.237187113655782,0.0,0.9999999999999999,2247.7629323396186,51.17812032499826,25.58906016249913,25.58906016249913,25.58906016249913,0.0,1.140175425099138,5621.116214774429,122.64257009700995,61.321285048504976,61.321285048504976,61.321285048504976,0.0,2.073644135332772,12453.523364895576
0.0,37.26660703632677,18.633303518163384,18.633303518163384,18.633303518163384,0.0,0.7071067811865476,4136.619211385066,50.98234988699521,25.491174943497604,25.491174943497604,25.491174943497604,0.0,1.51657508881031,4570.39071633925,71.57653246700346,35.78826623350173,35.78826623350173,35.78826623350173,0.0,1.8708286933869704,8346.969611781273,46.07819440906946,23.03909720453473,23.03909720453473,23.03909720453473,0.0,1.095445115010332,5716.769874675733,47.7619095095663,23.88095475478315,23.88095475478315,23.88095475478315,0.0,1.140175425099138,5080.766605542908,54.74303608679373,27.371518043396865,27.371518043396865,27.371518043396865,0.0,2.5495097567963922,6927.177513244482,131.64649634532628,65.82324817266314,65.82324817266314,65.82324817266314,0.0,3.1144823004794873,13543.046123380072,89.0730037665734,44.5365018832867,44.5365018832867,44.5365018832867,0.0,1.816590212458495,11504.287339944183,91.09335870413386,45.54667935206693,45.54667935206693,45.54667935206693,0.0,2.8284271247461903,9431.119541178556,96.108272276636,48.054136138318,48.054136138318,48.054136138318,0.0,1.8708286933869707,10495.13341982845,80.53073947257656,40.26536973628828,40.26536973628828,40.26536973628828,0.0,2.16794833886788,9327.587158531407,70.13415715612472,35.06707857806236,35.06707857806236,35.06707857806236,0.0,1.6431676725154984,7878.812505701605,52.45188271168157,26.225941355840785,26.225941355840785,26.225941355840785,0.0,1.6733200530681511,4204.961973668728,97.67701879152537,48.838509395762685,48.838509395762685,48.838509395762685,0.0,1.224744871391589,9326.588293690249,58.09302884167773,29.046514420838864,29.046514420838864,29.046514420838864,0.0,1.9235384061671348,5820.624236282566,89.92886077339132,44.96443038669566,44.96443038669566,44.96443038669566,0.0,2.0736441353327724,10247.696531416219,57.243340223994615,28.621670111997307,28.621670111997307,28.621670111997307,0.0,1.3416407864998738,5980.829917327527,19.71801207018598,9.85900603509299,9.85900603509299,9.85900603509299,0.0,0.9999999999999999,2245.5131930140155,51.64106892774394,25.82053446387197,25.82053446387197,25.82053446387197,0.0,1.140175425099138,5619.049145540552,122.64257009700995,61.321285048504976,61.321285048504976,61.321285048504976,0.0,2.073644135332772,12453.36277878389
0.0,37.80476160485607,18.902380802428034,18.902380802428034,18.902380802428034,0.0,0.7071067811865476,4134.11759629549,50.53711507397311,25.268557536986556,25.268557536986556,25.268557536986556,0.0,1.51657508881031,4569.184259799555,72.18864176586231,36.09432088293116,36.09432088293116,36.09432088293116,0.0,1.8708286933869704,8338.746386597928,46.07819440906946,23.03909720453473,23.03909720453473,23.03909720453473,0.0,1.095445115010332,5715.770359277916,47.58991489801174,23.79495744900587,23.79495744900587,23.79495744900587,0.0,1.140175425099138,5082.662412555058,54.72476587432787,27.362382937163936,27.362382937163936,27.362382937163936,0.0,2.5495097567963922,6929.5833568837315,131.1060639329852,65.5530319664926,65.5530319664926,65.5530319664926,0.0,3.1144823004794873,13543.10218155353,88.67243089032803,44.336215445164015,44.336215445164015,44.336215445164015,0.0,1.816590212458495,11501.361323773806,96.42613753542138,48.21306876771069,48.21306876771069,48.21306876771069,0.0,4.147288270665545,9821.477903044937,96.108272276636,48.054136138318,48.054136138318,48.054136138318,0.0,1.8708286933869707,10492.226179414929,80.53073947257656,40.26536973628828,40.26536973628828,40.26536973628828,0.0,2.16794833886788,9327.82873985152,70.13415715612472,35.06707857806236,35.06707857806236,35.06707857806236,0.0,1.6431676725154984,7877.318718955074,54.21438923385562,27.10719461692781,27.10719461692781,27.10719461692781,0.0,1.6733200530681511,4204.9119491375795,97.67701879152537,48.838509395762685,48.838509395762685,48.838509395762685,0.0,1.224744871391589,9326.42886103786,57.83424591018716,28.91712295509358,28.91712295509358,28.91712295509358,0.0,1.9235384061671348,5820.860030957625,90.01555421148059,45.007777105740296,45.007777105740296,45.007777105740296,0.0,2.0736441353327724,10242.107366162492,56.72036671249578,28.36018335624789,28.36018335624789,28.36018335624789,0.0,1.3416407864998738,5982.440112529335,19.71801207018598,9.85900603509299,9.85900603509299,9.85900603509299,0.0,0.9999999999999999,2245.59980851442,51.741665995597785,25.870832997798892,25.870832997798892,25.870832997798892,0.0,1.140175425099138,5616.826728678748,122.25710613293609,61.128553066468044,61.128553066468044,61.128553066468044,0.0,2.073644135332772,12452.014776733924
0.0,37.87875393937873,18.939376969689366,18.939376969689366,18.939376969689366,0.0,0.7071067811865476,4139.619028364808,50.53711507397311,25.268557536986556,25.268557536986556,25.268557536986556,0.0,1.51657508881031,4573.1668239853225,72.18864176586231,36.09432088293116,36.09432088293116,36.09432088293116,0.0,1.8708286933869704,8339.866233939247,46.07819440906946,23.03909720453473,23.03909720453473,23.03909720453473,0.0,1.095445115010332,5714.956937720529,47.58991489801174,23.79495744900587,23.79495744900587,23.79495744900587,0.0,1.140175425099138,5081.630023919491,55.00181815176658,27.50090907588329,27.50090907588329,27.50090907588329,0.0,2.5495097567963922,6930.668568038728,130.6185285478289,65.30926427391445,65.30926427391445,65.30926427391445,0.0,2.7386127875258306,13538.887927004937,88.5505505347087,44.27527526735435,44.27527526735435,44.27527526735435,0.0,1.816590212458495,11498.90647844394,95.98541555882332,47.99270777941166,47.99270777941166,47.99270777941166,0.0,3.7815340802378077,9822.10925412663,95.66608594481119,47.83304297240559,47.83304297240559,47.83304297240559,0.0,1.8708286933869707,10494.612579795406,81.19605901766415,40.59802950883208,40.59802950883208,40.59802950883208,0.0,2.16794833886788,9335.776534386414,70.13415715612472,35.06707857806236,35.06707857806236,35.06707857806236,0.0,1.6431676725154984,7875.509805720516,54.21438923385562,27.10719461692781,27.10719461692781,27.10719461692781,0.0,1.6733200530681511,4207.352469190096,97.67701879152537,48.838509395762685,48.838509395762685,48.838509395762685,0.0,1.224744871391589,9326.012931580139,57.260806840281255,28.630403420140627,28.630403420140627,28.630403420140627,0.0,1.5811388300841898,5820.366938604472,90.19977827023745,45.09988913511872,45.09988913511872,45.09988913511872,0.0,2.0736441353327724,10246.284243568496,56.72036671249578,28.36018335624789,28.36018335624789,28.36018335624789,0.0,1.3416407864998738,5985.160190003272,19.05780679931455,9.528903399657276,9.528903399657276,9.528903399657276,0.0,0.9999999999999999,2244.8649179850445,51.0999021525482,25.5499510762741,25.5499510762741,25.5499510762741,0.0,1.140175425099138,5613.328272958923,121.87698716328691,60.938493581643456,60.938493581643456,60.938493581643456,0.0,2.073644135332772,12454.255911133352
0.0,37.98420724459048,18.99210362229524,18.99210362229524,18.99210362229524,0.0,0.7071067811865476,4139.11424099408,50.53711507397311,25.268557536986556,25.268557536986556,25.268557536986556,0.0,1.51657508881031,4571.995483374847,72.64158588577207,36.32079294288604,36.32079294288604,36.32079294288604,0.0,1.8708286933869704,8341.029121157653,46.89562879416375,23.447814397081874,23.447814397081874,23.447814397081874,0.0,1.095445115010332,5715.2416134403275,46.88283267892417,23.441416339462084,23.441416339462084,23.441416339462084,0.0,1.140175425099138,5084.876134184588,54.943607453460864,27.471803726730432,27.471803726730432,27.471803726730432,0.0,2.5495097567963922,6925.4285426968345,130.6185285478289,65.30926427391445,65.30926427391445,65.30926427391445,0.0,2.7386127875258306,13537.673699716654,88.29949037225526,44.14974518612763,44.14974518612763,44.14974518612763,0.0,1.816590212458495,11497.574818195357,96.44272911941054,48.22136455970527,48.22136455970527,48.22136455970527,0.0,3.7815340802378077,9820.076384631639,95.66608594481119,47.83304297240559,47.83304297240559,47.83304297240559,0.0,1.8708286933869707,10491.316185302967,81.49846624323675,40.749233121618374,40.749233121618374,40.749233121618374,0.0,2.16794833886788,9331.310411726747,69.8913442423309,34.94567212116545,34.94567212116545,34.94567212116545,0.0,1.6431676725154984,7874.5178138093,53.5723809439155,26.78619047195775,26.78619047195775,26.78619047195775,0.0,1.6733200530681511,4207.42763455297,98.3422594818728,49.1711297409364,49.1711297409364,49.1711297409364,0.0,1.224744871391589,9327.755024656255,57.260806840281255,28.630403420140627,28.630403420140627,28.630403420140627,0.0,1.5811388300841898,5825.504673416716,90.19977827023745,45.09988913511872,45.09988913511872,45.09988913511872,0.0,2.0736441353327724,10248.159556720417,55.670458952661775,27.835229476330888,27.835229476330888,27.835229476330888,0.0,1.3416407864998738,5980.522385210175,18.88915032498815,9.444575162494075,9.444575162494075,9.444575162494075,0.0,0.9999999999999999,2244.524827218447,53.001886758869254,26.500943379434627,26.500943379434627,26.500943379434627,0.0,1.140175425099138,5614.233144428543,122.69800324373661,61.349001621868304,61.349001621868304,61.349001621868304,0.0,2.073644135332772,12452.213204888521
0.0,38.8484233914325,19.42421169571625,19.42421169571625,19.42421169571625,0.0,0.8366600265340758,4143.837448549351,50.762190654068505,25.381095327034252,25.381095327034252,25.381095327034252,0.0,1.51657508881031,4572.585843918078,72.64158588577207,36.32079294288604,36.32079294288604,36.32079294288604,0.0,1.8708286933869704,8343.233905387047,46.00869483043395,23.004347415216976,23.004347415216976,23.004347415216976,0.0,1.095445115010332,5716.2868892315055,46.83161325429651,23.415806627148253,23.415806627148253,23.415806627148253,0.0,1.140175425099138,5081.832622194478,55.5517776493246,27.7758888246623,27.7758888246623,27.7758888246623,0.0,2.5495097567963922,6924.152099715892,129.3599628942433,64.67998144712165,64.67998144712165,64.67998144712165,0.0,2.7386127875258306,13539.200264417394,89.05054744357274,44.52527372178637,44.52527372178637,44.52527372178637,0.0,1.816590212458495,11496.493060929493,95.88951976102497,47.944759880512485,47.944759880512485,47.944759880512485,0.0,3.4351128074635335,9819.807014396973,95.23024729569907,47.615123647849536,47.615123647849536,47.615123647849536,0.0,1.8708286933869707,10490.62577733092,80.88757630192661,40.44378815096331,40.44378815096331,40.44378815096331,0.0,2.16794833886788,9328.337113333759,69.35416353759881,34.677081768799404,34.677081768799404,34.677081768799404,0.0,1.6431676725154984,7878.165376532788,56.15336143099538,28.07668071549769,28.07668071549769,28.07668071549769,0.0,1.6733200530681511,4530.101842122316,111.86062756841658,55.93031378420829,55.93031378420829,55.93031378420829,0.0,1.8165902124584952,10747.05686222977,57.584720195551874,28.792360097775937,28.792360097775937,28.792360097775937,0.0,1.5811388300841898,5826.9695125339385,90.92194454585757,45.460972272928785,45.460972272928785,45.460972272928785,0.0,2.0736441353327724,10245.504882630235,55.88559742903354,27.94279871451677,27.94279871451677,27.94279871451677,0.0,1.3416407864998738,5981.865344522559,18.308467986153293,9.154233993076646,9.154233993076646,9.154233993076646,0.0,0.9999999999999999,2243.8596881266885,52.884780419322915,26.442390209661458,26.442390209661458,26.442390209661458,0.0,1.140175425099138,5613.254875738318,122.82996377106036,61.41498188553018,61.41498188553018,61.41498188553018,0.0,2.073644135332772,12450.238543899472
0.0,38.74532229831106,19.37266114915553,19.37266114915553,19.37266114915553,0.0,0.8366600265340758,4144.581245433608,50.762190654068505,25.381095327034252,25.381095327034252,25.381095327034252,0.0,1.51657508881031,4572.893307305561,72.2357252334328,36.1178626167164,36.1178626167164,36.1178626167164,0.0,1.8708286933869704,8343.740366286574,45.75150270756142,22.87575135378071,22.87575135378071,22.87575135378071,0.0,1.095445115010332,5716.55308730707,47.08715323737463,23.543576618687315,23.543576618687315,23.543576618687315,0.0,1.140175425099138,5083.063475897188,55.5517776493246,27.7758888246623,27.7758888246623,27.7758888246623,0.0,2.5495097567963922,6925.0300865772415,129.66418163856972,64.83209081928486,64.83209081928486,64.83209081928486,0.0,2.7386127875258306,13536.009190304208,88.67243089032803,44.336215445164015,44.336215445164015,44.336215445164015,0.0,1.816590212458495,11500.262853517741,95.34149149242423,47.67074574621211,47.67074574621211,47.67074574621211,0.0,3.4351128074635335,9821.696330064375,95.23024729569907,47.615123647849536,47.615123647849536,47.615123647849536,0.0,1.8708286933869707,10490.47966968146,80.88757630192661,40.44378815096331,40.44378815096331,40.44378815096331,0.0,2.16794833886788,9328.136030311736,69.35993079581323,34.679965397906614,34.679965397906614,34.679965397906614,0.0,1.6431676725154984,7881.609810184718,56.38439500429175,28.192197502145874,28.192197502145874,28.192197502145874,0.0,1.6733200530681511,4529.73527924094,111.29779872037003,55.64889936018501,55.64889936018501,55.64889936018501,0.0,1.8165902124584952,10747.297092757788,57.584720195551874,28.792360097775937,28.792360097775937,28.792360097775937,0.0,1.5811388300841898,5830.2741616496905,90.92194454585757,45.460972272928785,45.460972272928785,45.460972272928785,0.0,2.0736441353327724,10241.616849892403,55.45087916345421,27.725439581727105,27.725439581727105,27.725439581727105,0.0,1.3416407864998738,5980.441062329767,18.308467986153293,9.154233993076646,9.154233993076646,9.154233993076646,0.0,0.9999999999999999,2246.2000801353383,53.36665625650534,26.68332812825267,26.68332812825267,26.68332812825267,0.0,1.140175425099138,5612.017400186853,123.11295626374991,61.556478131874954,61.556478131874954,61.556478131874954,0.0,2.073644135332772,12452.8298711578
0.0,75.27283706623525,37.63641853311763,37.63641853311763,37.63641853311763,0.0,2.0736441353327724,7735.236214880577,51.19374961848371,25.596874809241854,25.596874809241854,25.596874809241854,0.0,1.6733200530681511,4573.772261492695,72.50655142812958,36.25327571406479,36.25327571406479,36.25327571406479,0.0,1.8708286933869704,8343.90883818849,45.43126676640219,22.715633383201094,22.715633383201094,22.715633383201094,0.0,1.095445115010332,5717.953759868998,47.08715323737463,23.543576618687315,23.543576618687315,23.543576618687315,0.0,1.140175425099138,5081.365072497743,55.183330816470296,27.591665408235148,27.591665408235148,27.591665408235148,0.0,2.4899799195977463,6925.520789081497,129.37233089034146,64.68616544517073,64.68616544517073,64.68616544517073,0.0,2.7386127875258306,13538.409777370458,96.47383064852355,48.23691532426177,48.23691532426177,48.23691532426177,0.0,2.16794833886788,12276.017953717728,95.7768239189419,47.88841195947095,47.88841195947095,47.88841195947095,0.0,3.7013511046643495,9822.698850112427,95.22184623288923,47.61092311644462,47.61092311644462,47.61092311644462,0.0,1.8708286933869707,10489.851443180689,81.55488949167916,40.77744474583958,40.77744474583958,40.77744474583958,0.0,2.16794833886788,9323.917996207389,68.84184773813091,34.420923869065454,34.420923869065454,34.420923869065454,0.0,1.6431676725154984,7883.663507532523,57.043842787806646,28.521921393903323,28.521921393903323,28.521921393903323,0.0,1.6733200530681511,4531.654686756263,111.29779872037003,55.64889936018501,55.64889936018501,55.64889936018501,0.0,1.8165902124584952,10748.698930568295,57.03332359244024,28.51666179622012,28.51666179622012,28.51666179622012,0.0,1.5811388300841898,5832.129696774584,90.78105529239016,45.39052764619508,45.39052764619508,45.39052764619508,0.0,2.0736441353327724,10241.270389946747,55.45087916345421,27.725439581727105,27.725439581727105,27.725439581727105,0.0,1.3416407864998738,5979.20539871311,19.56527536223296,9.78263768111648,9.78263768111648,9.78263768111648,0.0,0.9999999999999999,2244.7228782190464,52.4709443406539,26.23547217032695,26.23547217032695,26.23547217032695,0.0,1.140175425099138,5611.012680434789,123.26394444443193,61.631972222215964,61.631972222215964,61.631972222215964,0.0,2.073644135332772,12451.86395685401
0.0,75.35781313175164,37.67890656587582,37.67890656587582,37.67890656587582,0.0,2.0736441353327724,7735.527519180576,51.19374961848371,25.596874809241854,25.596874809241854,25.596874809241854,0.0,1.6733200530681511,4574.155200690068,72.50655142812958,36.25327571406479,36.25327571406479,36.25327571406479,0.0,1.8708286933869704,8340.769556821482,45.43126676640219,22.715633383201094,22.715633383201094,22.715633383201094,0.0,1.095445115010332,5715.2187884629575,46.75467891024384,23.37733945512192,23.37733945512192,23.37733945512192,0.0,1.140175425099138,5081.247848708032,55.79605720837271,27.898028604186354,27.898028604186354,27.898028604186354,0.0,2.4899799195977463,6925.897284828877,129.3290377293514,64.6645188646757,64.6645188646757,64.6645188646757,0.0,2.7386127875258306,13539.260936254977,96.18107922039552,48.09053961019776,48.09053961019776,48.09053961019776,0.0,2.16794833886788,12273.657042625886,95.7768239189419,47.88841195947095,47.88841195947095,47.88841195947095,0.0,3.7013511046643495,9855.275247297763,95.22184623288923,47.61092311644462,47.61092311644462,47.61092311644462,0.0,1.8708286933869707,10491.163910644043,80.95183753319006,40.47591876659503,40.47591876659503,40.47591876659503,0.0,2.16794833886788,9321.172764196574,68.65857557508748,34.32928778754374,34.32928778754374,34.32928778754374,0.0,1.6431676725154984,7883.770544606178,57.01578728738208,28.50789364369104,28.50789364369104,28.50789364369104,0.0,1.6733200530681511,4534.760997009655,110.58390479631292,55.29195239815646,55.29195239815646,55.29195239815646,0.0,1.8165902124584952,10744.190043926066,57.03332359244024,28.51666179622012,28.51666179622012,28.51666179622012,0.0,1.5811388300841898,5834.060738456535,90.58035107019623,45.290175535098115,45.290175535098115,45.290175535098115,0.0,2.0736441353327724,10237.918645896734,56.124860801609124,28.062430400804562,28.062430400804562,28.062430400804562,0.0,1.3416407864998738,5977.281781880456,19.8292712927127,9.91463564635635,9.91463564635635,9.91463564635635,0.0,0.9999999999999999,2244.548462386143,52.4709443406539,26.23547217032695,26.23547217032695,26.23547217032695,0.0,1.140175425099138,5611.368505097486,123.16330622389121,61.581653111945606,61.581653111945606,61.581653111945606,0.0,2.073644135332772,12450.299265479525
0.0,74.86521221502014,37.43260610751007,37.43260610751007,37.43260610751007,0.0,2.0736441353327724,7731.666948336562,51.43928459844675,25.719642299223374,25.719642299223374,25.719642299223374,0.0,1.6733200530681511,4573.913390085125,71.92218016717791,35.96109008358896,35.96109008358896,35.96109008358896,0.0,1.8708286933869704,8341.302128564821,45.88245852174881,22.941229260874405,22.941229260874405,22.941229260874405,0.0,1.095445115010332,5711.577015150894,47.25674555023864,23.62837277511932,23.62837277511932,23.62837277511932,0.0,1.140175425099138,5084.8527215643135,56.124860801609124,28.062430400804562,28.062430400804562,28.062430400804562,0.0,2.4899799195977463,6926.752500270239,129.63332904774143,64.81666452387071,64.81666452387071,64.81666452387071,0.0,2.7386127875258306,13539.556251960401,96.18107922039552,48.09053961019776,48.09053961019776,48.09053961019776,0.0,2.16794833886788,12268.743965867085,95.7768239189419,47.88841195947095,47.88841195947095,47.88841195947095,0.0,3.7013511046643495,9849.318209906714,95.31631549740055,47.658157748700276,47.658157748700276,47.658157748700276,0.0,1.8708286933869707,10488.204174214003,81.25761502776217,40.628807513881085,40.628807513881085,40.628807513881085,0.0,2.16794833886788,9320.133411062312,68.6789633002712,34.3394816501356,34.3394816501356,34.3394816501356,0.0,1.6431676725154984,7884.625989861535,57.01578728738208,28.50789364369104,28.50789364369104,28.50789364369104,0.0,1.6733200530681511,4533.164292191493,110.29959202100432,55.14979601050216,55.14979601050216,55.14979601050216,0.0,1.8165902124584952,10744.506573128428,57.03332359244024,28.51666179622012,28.51666179622012,28.51666179622012,0.0,1.5811388300841898,5834.311844596585,90.58035107019623,45.290175535098115,45.290175535098115,45.290175535098115,0.0,2.0736441353327724,10236.118439135022,55.576973649165176,27.788486824582588,27.788486824582588,27.788486824582588,0.0,1.3416407864998738,5975.629213731388,19.30802941783547,9.654014708917735,9.654014708917735,9.654014708917735,0.0,0.9999999999999999,2241.9794156057724,52.4709443406539,26.23547217032695,26.23547217032695,26.23547217032695,0.0,1.140175425099138,5608.847002727031,122.83810483722061,61.419052418610306,61.419052418610306,61.419052418610306,0.0,2.073644135332772,12450.821005058262
0.0,75.078625453587,37.5393127267935,37.5393127267935,37.5393127267935,0.0,2.0736441353327724,7732.629352296669,51.43928459844675,25.719642299223374,25.719642299223374,25.719642299223374,0.0,1.6733200530681511,4573.620447741592,71.58770844216205,35.79385422108103,35.79385422108103,35.79385422108103,0.0,1.8708286933869704,8347.721832931426,45.768985131855395,22.884492565927697,22.884492565927697,22.884492565927697,0.0,1.095445115010332,5712.502533916288,47.25674555023864,23.62837277511932,23.62837277511932,23.62837277511932,0.0,1.140175425099138,5085.773166392697,56.18896688852715,28.094483444263574,28.094483444263574,28.094483444263574,0.0,2.4899799195977463,6925.0265198048155,129.63332904774143,64.81666452387071,64.81666452387071,64.81666452387071,0.0,2.7386127875258306,13543.305290806968,96.4779767615387,48.23898838076935,48.23898838076935,48.23898838076935,0.0,2.16794833886788,12269.24249902984,96.24344133498137,48.121720667490685,48.121720667490685,48.121720667490685,0.0,3.7013511046643495,9847.194204442198,95.66608594481119,47.83304297240559,47.83304297240559,47.83304297240559,0.0,1.8708286933869707,10488.051234619328,80.95677859203639,40.47838929601819,40.47838929601819,40.47838929601819,0.0,2.16794833886788,9320.570197149957,68.27298147876655,34.13649073938328,34.13649073938328,34.13649073938328,0.0,1.6431676725154984,7883.589550452256,56.402127619443576,28.201063809721788,28.201063809721788,28.201063809721788,0.0,1.6733200530681511,4532.198340761357,109.87629407656594,54.93814703828297,54.93814703828297,54.93814703828297,0.0,1.8165902124584952,10745.451116635355,57.03332359244024,28.51666179622012,28.51666179622012,28.51666179622012,0.0,1.5811388300841898,5835.045672486206,90.38805230781334,45.19402615390667,45.19402615390667,45.19402615390667,0.0,2.0736441353327724,10235.142573506244,55.576973649165176,27.788486824582588,27.788486824582588,27.788486824582588,0.0,1.3416407864998738,5981.475470149485,19.30802941783547,9.654014708917735,9.654014708917735,9.654014708917735,0.0,0.9999999999999999,2243.604421461145,53.21653878260028,26.60826939130014,26.60826939130014,26.60826939130014,0.0,1.140175425099138,5608.921669982565,122.83810483722061,61.419052418610306,61.419052418610306,61.419052418610306,0.0,2.073644135332772,12447.849159593796
0.0,74.33168907000567,37.16584453500283,37.16584453500283,37.16584453500283,0.0,1.6431676725154982,7734.063757171905,51.85749704719656,25.92874852359828,25.92874852359828,25.92874852359828,0.0,1.6733200530681511,4575.714949600772,71.58770844216205,35.79385422108103,35.79385422108103,35.79385422108103,0.0,1.8708286933869704,8345.643276584497,46.634750991079606,23.317375495539803,23.317375495539803,23.317375495539803,0.0,1.095445115010332,5709.499303791883,47.7283982551269,23.86419912756345,23.86419912756345,23.86419912756345,0.0,1.140175425099138,5085.361953686286,55.88559742903354,27.94279871451677,27.94279871451677,27.94279871451677,0.0,2.4899799195977463,6921.9737069711555,129.0860178330713,64.54300891653565,64.54300891653565,64.54300891653565,0.0,2.7386127875258306,13539.24448778439,96.50492215426112,48.25246107713056,48.25246107713056,48.25246107713056,0.0,2.16794833886788,12274.896345794534,96.17068160307485,48.08534080153743,48.08534080153743,48.08534080153743,0.0,3.3911649915626345,9846.964395182913,95.24074758211424,47.62037379105712,47.62037379105712,47.62037379105712,0.0,1.8708286933869707,10486.256209915911,81.26992063488188,40.63496031744094,40.63496031744094,40.63496031744094,0.0,2.16794833886788,9324.256581626227,68.27298147876655,34.13649073938328,34.13649073938328,34.13649073938328,0.0,1.6431676725154984,7880.457746857094,56.11773338259484,28.05886669129742,28.05886669129742,28.05886669129742,0.0,1.6733200530681511,4529.064616452276,110.69417328838949,55.347086644194746,55.347086644194746,55.347086644194746,0.0,1.8165902124584952,10745.569240389268,57.03332359244024,28.51666179622012,28.51666179622012,28.51666179622012,0.0,1.5811388300841898,5839.832591778638,90.85813117162382,45.42906558581191,45.42906558581191,45.42906558581191,0.0,2.0736441353327724,10233.656980766944,55.03816857418131,27.519084287090656,27.519084287090656,27.519084287090656,0.0,1.3416407864998738,5982.840479237267,19.30802941783547,9.654014708917735,9.654014708917735,9.654014708917735,0.0,0.9999999999999999,2238.7250389451583,53.490186015754325,26.745093007877163,26.745093007877163,26.745093007877163,0.0,1.140175425099138,5607.85598067568,122.61321299109653,61.306606495548266,61.306606495548266,61.306606495548266,0.0,1.8165902124584947,12447.74201210806
0.0,73.46291581471566,36.73145790735783,36.73145790735783,36.73145790735783,0.0,1.6431676725154982,7733.060829968946,52.065343559799935,26.032671779899967,26.032671779899967,26.032671779899967,0.0,1.7888543819998317,4574.818357049819,71.58770844216205,35.79385422108103,35.79385422108103,35.79385422108103,0.0,1.8708286933869704,8346.513272019642,46.531709618280736,23.265854809140368,23.265854809140368,23.265854809140368,0.0,1.095445115010332,5707.8918349947735,47.7283982551269,23.86419912756345,23.86419912756345,23.86419912756345,0.0,1.140175425099138,5088.550088188186,56.48716668412393,28.243583342061964,28.243583342061964,28.243583342061964,0.0,2.4899799195977463,6921.808304193349,129.0860178330713,64.54300891653565,64.54300891653565,64.54300891653565,0.0,2.7386127875258306,13540.277866425045,96.50492215426112,48.25246107713056,48.25246107713056,48.25246107713056,0.0,2.16794833886788,12279.342889584932,95.67235755431138,47.83617877715569,47.83617877715569,47.83617877715569,0.0,3.3911649915626345,9848.831621060439,95.33729595494096,47.66864797747048,47.66864797747048,47.66864797747048,0.0,1.8708286933869707,10485.415418570692,80.59280364896111,40.296401824480554,40.296401824480554,40.296401824480554,0.0,2.16794833886788,9322.694390571858,69.67639485507269,34.83819742753634,34.83819742753634,34.83819742753634,0.0,1.6431676725154984,7879.700394050525,56.345363606955274,28.172681803477637,28.172681803477637,28.172681803477637,0.0,1.6733200530681511,4525.0930045690775,110.58390479631292,55.29195239815646,55.29195239815646,55.29195239815646,0.0,1.8165902124584952,10744.424377322408,56.57914810245909,28.289574051229543,28.289574051229543,28.289574051229543,0.0,1.5811388300841898,5839.150640290076,90.85813117162382,45.42906558581191,45.42906558581191,45.42906558581191,0.0,2.0736441353327724,10231.62795942073,55.03816857418131,27.519084287090656,27.519084287090656,27.519084287090656,0.0,1.3416407864998738,5980.660139148521,18.89973544788392,9.44986772394196,9.44986772394196,9.44986772394196,0.0,0.9999999999999999,2237.6552013212404,54.01110996822783,27.005554984113914,27.005554984113914,27.005554984113914,0.0,1.140175425099138,5606.263149371424,122.07047144989652,61.03523572494826,61.03523572494826,61.03523572494826,0.0,1.8165902124584947,12447.28061465636
0.0,73.55270219373317,36.776351096866584,36.776351096866584,36.776351096866584,0.0,1.6431676725154982,7732.819841429128,52.065343559799935,26.032671779899967,26.032671779899967,26.032671779899967,0.0,1.7888543819998317,4576.353056747261,71.58770844216205,35.79385422108103,35.79385422108103,35.79385422108103,0.0,1.8708286933869704,8344.404544363846,47.40042193905029,23.700210969525145,23.700210969525145,23.700210969525145,0.0,1.095445115010332,5711.316643296885,47.019145036888965,23.509572518444482,23.509572518444482,23.509572518444482,0.0,1.140175425099138,5087.140483611594,48.03332176728984,24.01666088364492,24.01666088364492,24.01666088364492,0.0,2.302172886644268,6175.667089473007,129.0860178330713,64.54300891653565,64.54300891653565,64.54300891653565,0.0,2.7386127875258306,13543.379312416824,96.4779767615387,48.23898838076935,48.23898838076935,48.23898838076935,0.0,2.16794833886788,12277.36768203999,95.67235755431138,47.83617877715569,47.83617877715569,47.83617877715569,0.0,3.3911649915626345,9845.292468992478,95.33729595494096,47.66864797747048,47.66864797747048,47.66864797747048,0.0,1.8708286933869707,10483.96787003852,79.32717062898436,39.66358531449218,39.66358531449218,39.66358531449218,0.0,1.816590212458495,9320.17492861588,69.5039567219018,34.7519783609509,34.7519783609509,34.7519783609509,0.0,1.6431676725154984,7880.877660514722,56.586217403180434,28.293108701590217,28.293108701590217,28.293108701590217,0.0,1.6733200530681511,4523.154010201289,112.14811634619639,56.074058173098194,56.074058173098194,56.074058173098194,0.0,1.8165902124584952,10745.014183331727,55.695601262577284,27.847800631288642,27.847800631288642,27.847800631288642,0.0,1.5811388300841898,5838.500560931719,90.15542135667715,45.077710678338576,45.077710678338576,45.077710678338576,0.0,1.7888543819998315,10231.42046345472,55.12893976850997,27.564469884254986,27.564469884254986,27.564469884254986,0.0,1.3416407864998738,5977.69961607306,18.89973544788392,9.44986772394196,9.44986772394196,9.44986772394196,0.0,0.9999999999999999,2236.8924203009856,54.01110996822783,27.005554984113914,27.005554984113914,27.005554984113914,0.0,1.140175425099138,5604.937582168066,121.69141300847812,60.84570650423906,60.84570650423906,60.84570650423906,0.0,1.8165902124584947,12448.625418093357
0.0,73.82953338603733,36.91476669301866,36.91476669301866,36.91476669301866,0.0,1.6431676725154982,7732.859193079879,51.205468457968436,25.602734228984218,25.602734228984218,25.602734228984218,0.0,1.7888543819998317,4575.675174222925,71.58770844216205,35.79385422108103,35.79385422108103,35.79385422108103,0.0,1.8708286933869704,8343.879840937308,47.40042193905029,23.700210969525145,23.700210969525145,23.700210969525145,0.0,1.095445115010332,5710.723491817828,47.25674555023864,23.62837277511932,23.62837277511932,23.62837277511932,0.0,1.140175425099138,5087.393409202791,47.59411728354671,23.797058641773354,23.797058641773354,23.797058641773354,0.0,2.073644135332772,6172.322917670462,128.8052793949068,64.4026396974534,64.4026396974534,64.4026396974534,0.0,2.7386127875258306,13542.26887563528,95.42117165493201,47.710585827466005,47.710585827466005,47.710585827466005,0.0,1.949358868961793,12275.948729120695,95.67235755431138,47.83617877715569,47.83617877715569,47.83617877715569,0.0,3.3911649915626345,9844.84179659582,94.89573225387957,47.447866126939786,47.447866126939786,47.447866126939786,0.0,1.8708286933869707,10481.492913702705,78.14857644256868,39.07428822128434,39.07428822128434,39.07428822128434,0.0,1.816590212458495,9321.941122963608,69.52121978216435,34.760609891082176,34.760609891082176,34.760609891082176,0.0,1.6431676725154984,7879.679416067636,57.00175435896688,28.50087717948344,28.50087717948344,28.50087717948344,0.0,1.6733200530681511,4521.757755563648,111.86062756841658,55.93031378420829,55.93031378420829,55.93031378420829,0.0,1.8165902124584952,10747.557987747728,56.06424885789517,28.032124428947586,28.032124428947586,28.032124428947586,0.0,1.5811388300841898,5840.1400411291515,89.62812058723534,44.81406029361767,44.81406029361767,44.81406029361767,0.0,1.7888543819998315,10228.550058537134,55.12893976850997,27.564469884254986,27.564469884254986,27.564469884254986,0.0,1.3416407864998738,5974.378294015202,18.89973544788392,9.44986772394196,9.44986772394196,9.44986772394196,0.0,0.9999999999999999,2237.501351954899,54.50504563799576,27.25252281899788,27.25252281899788,27.25252281899788,0.0,1.3416407864998738,5604.004728763172,122.1261642728535,61.06308213642675,61.06308213642675,61.06308213642675,0.0,1.8165902124584947,12445.382585521429
0.0,73.82953338603733,36.91476669301866,36.91476669301866,36.91476669301866,0.0,1.6431676725154982,7732.191106019043,51.205468457968436,25.602734228984218,25.602734228984218,25.602734228984218,0.0,1.7888543819998317,4576.244344437915,71.78579246619765,35.892896233098824,35.892896233098824,35.892896233098824,0.0,1.8708286933869704,8338.692991110776,46.85296148590823,23.426480742954116,23.426480742954116,23.426480742954116,0.0,1.095445115010332,5711.162692482153,46.553195379049974,23.276597689524987,23.276597689524987,23.276597689524987,0.0,1.140175425099138,5086.784121623406,47.47630988187688,23.73815494093844,23.73815494093844,23.73815494093844,0.0,2.073644135332772,6173.622947670193,128.8052793949068,64.4026396974534,64.4026396974534,64.4026396974534,0.0,2.7386127875258306,13541.65930379287,95.11466763859293,47.55733381929647,47.55733381929647,47.55733381929647,0.0,1.949358868961793,12278.089806643378,94.62980502991644,47.31490251495822,47.31490251495822,47.31490251495822,0.0,2.8809720581775866,9846.813682608197,96.02707951406208,48.01353975703104,48.01353975703104,48.01353975703104,0.0,1.8708286933869707,10483.036215715369,78.08200817089684,39.04100408544842,39.04100408544842,39.04100408544842,0.0,1.816590212458495,9325.960577870786,68.9724582713999,34.48622913569995,34.48622913569995,34.48622913569995,0.0,1.6431676725154984,7878.017250552324,55.971421279077774,27.985710639538887,27.985710639538887,27.985710639538887,0.0,1.6733200530681511,4527.445228823867,111.47555785911099,55.737778929555496,55.737778929555496,55.737778929555496,0.0,1.8165902124584952,10748.41287353626,56.7556164621617,28.37780823108085,28.37780823108085,28.37780823108085,0.0,1.5811388300841898,5837.645218750451,90.25962552548066,45.12981276274033,45.12981276274033,45.12981276274033,0.0,1.7888543819998315,10226.927559145024,55.12893976850997,27.564469884254986,27.564469884254986,27.564469884254986,0.0,1.3416407864998738,5975.879458288963,38.30404678359716,19.15202339179858,19.15202339179858,19.15202339179858,0.0,3.3466401061363023,3835.634432528731,54.36910887627275,27.184554438136374,27.184554438136374,27.184554438136374,0.0,1.3416407864998738,5604.489477195938,122.1261642728535,61.06308213642675,61.06308213642675,61.06308213642675,0.0,1.8165902124584947,12442.05737408408
0.0,73.82953338603733,36.91476669301866,36.91476669301866,36.91476669301866,0.0,1.6431676725154982,7729.956131828952,51.621700863106014,25.810850431553007,25.810850431553007,25.810850431553007,0.0,1.7888543819998317,4579.624471504187,71.62960281894631,35.814801409473155,35.814801409473155,35.814801409473155,0.0,1.7888543819998315,8340.05321925466,46.33788946423866,23.16894473211933,23.16894473211933,23.16894473211933,0.0,1.095445115010332,5705.94946525116,46.553195379049974,23.276597689524987,23.276597689524987,23.276597689524987,0.0,1.140175425099138,5084.851158096961,47.019145036888965,23.509572518444482,23.509572518444482,23.509572518444482,0.0,2.073644135332772,6172.698720980961,128.7680084493039,64.38400422465195,64.38400422465195,64.38400422465195,0.0,2.387467277262665,13544.83127617321,95.85405573057407,47.92702786528704,47.92702786528704,47.92702786528704,0.0,1.949358868961793,12280.28909268833,94.62980502991644,47.31490251495822,47.31490251495822,47.31490251495822,0.0,2.8809720581775866,9847.482063959294,96.81528804894401,48.407644024472006,48.407644024472006,48.407644024472006,0.0,1.8708286933869707,10486.023998637424,78.75277772878871,39.37638886439436,39.37638886439436,39.37638886439436,0.0,1.816590212458495,9330.860608754158,69.2820323027551,34.64101615137755,34.64101615137755,34.64101615137755,0.0,1.6431676725154984,7879.791006111774,55.074495004493684,27.537247502246842,27.537247502246842,27.537247502246842,0.0,1.6733200530681511,4526.759414857388,110.20344822191365,55.10172411095682,55.10172411095682,55.10172411095682,0.0,1.8165902124584952,10750.473501199842,56.90342696182718,28.45171348091359,28.45171348091359,28.45171348091359,0.0,1.30384048104053,5839.996164382303,89.58348062003397,44.79174031001698,44.79174031001698,44.79174031001698,0.0,1.7888543819998315,10223.183735999271,55.12893976850997,27.564469884254986,27.564469884254986,27.564469884254986,0.0,1.3416407864998738,5973.481941045775,37.50733261643648,18.75366630821824,18.75366630821824,18.75366630821824,0.0,2.9154759474226504,3837.06232683286,53.09613921934437,26.548069609672186,26.548069609672186,26.548069609672186,0.0,1.3416407864998738,5609.896745930357,122.29145513894257,61.14572756947128,61.14572756947128,61.14572756947128,0.0,1.8165902124584947,12442.532913358116
0.0,74.04863266799731,37.024316333998655,37.024316333998655,37.024316333998655,0.0,1.6431676725154982,7729.148905280581,50.74248712863807,25.371243564319034,25.371243564319034,25.371243564319034,0.0,1.7888543819998317,4581.374106095244,71.13367697511495,35.566838487557476,35.566838487557476,35.566838487557476,0.0,1.7888543819998315,8340.694623351223,46.33788946423866,23.16894473211933,23.16894473211933,23.16894473211933,0.0,1.095445115010332,5705.009228739249,46.75467891024384,23.37733945512192,23.37733945512192,23.37733945512192,0.0,1.140175425099138,5089.396987856223,47.019145036888965,23.509572518444482,23.509572518444482,23.509572518444482,0.0,2.073644135332772,6170.258033502327,128.5379321445619,64.26896607228095,64.26896607228095,64.26896607228095,0.0,2.387467277262665,13549.136308267032,95.42955517029301,47.71477758514651,47.71477758514651,47.71477758514651,0.0,1.949358868961793,12284.662701922263,94.62980502991644,47.31490251495822,47.31490251495822,47.31490251495822,0.0,2.8809720581775866,9852.607406164116,96.39917012090923,48.199585060454616,48.199585060454616,48.199585060454616,0.0,1.6431676725154984,10487.728290721494,78.75277772878871,39.37638886439436,39.37638886439436,39.37638886439436,0.0,1.816590212458495,9330.549865897508,48.30320900312939,24.151604501564695,24.151604501564695,24.151604501564695,0.0,1.6431676725154984,5445.51543014984,53.87021440462252,26.93510720231126,26.93510720231126,26.93510720231126,0.0,1.6733200530681511,4528.953929993106,110.20344822191365,55.10172411095682,55.10172411095682,55.10172411095682,0.0,1.8165902124584952,10748.798249106734,56.046409340831104,28.023204670415552,28.023204670415552,28.023204670415552,0.0,1.30384048104053,5842.499208386767,89.58348062003397,44.79174031001698,44.79174031001698,44.79174031001698,0.0,1.7888543819998315,10221.959342513548,55.234047470740364,27.617023735370182,27.617023735370182,27.617023735370182,0.0,1.3416407864998738,5974.823871881078,37.50733261643648,18.75366630821824,18.75366630821824,18.75366630821824,0.0,2.9154759474226504,3841.354930229697,52.4709443406539,26.23547217032695,26.23547217032695,26.23547217032695,0.0,1.3416407864998738,5607.677924060903,121.92292647406394,60.96146323703197,60.96146323703197,60.96146323703197,0.0,1.8165902124584947,12444.925644615158
0.0,74.15389403126447,37.076947015632236,37.076947015632236,37.076947015632236,0.0,1.6431676725154982,7733.533842946574,49.89188310737529,24.945941553687646,24.945941553687646,24.945941553687646,0.0,1.7888543819998317,4580.550589175934,71.741201551131,35.8706007755655,35.8706007755655,35.8706007755655,0.0,1.7888543819998315,8342.47656274802,46.07385375676752,23.03692687838376,23.03692687838376,23.03692687838376,0.0,1.095445115010332,5701.208573627175,52.44806955456035,26.224034777280174,26.224034777280174,26.224034777280174,0.0,1.3038404810405295,5690.512850350134,49.40445324057337,24.702226620286684,24.702226620286684,24.702226620286684,0.0,2.073644135332772,6167.301719552887,128.5379321445619,64.26896607228095,64.26896607228095,64.26896607228095,0.0,2.387467277262665,13546.588400774566,95.42955517029301,47.71477758514651,47.71477758514651,47.71477758514651,0.0,1.949358868961793,12281.30784159407,94.62980502991644,47.31490251495822,47.31490251495822,47.31490251495822,0.0,2.8809720581775866,9853.139286542133,96.56707513433345,48.283537567166725,48.283537567166725,48.283537567166725,0.0,1.6431676725154984,10487.46636228217,78.42703615463229,39.213518077316145,39.213518077316145,39.213518077316145,0.0,1.816590212458495,9332.93002223846,48.11236847215069,24.056184236075346,24.056184236075346,24.056184236075346,0.0,1.6431676725154984,5444.754448090382,53.87021440462252,26.93510720231126,26.93510720231126,26.93510720231126,0.0,1.6733200530681511,4531.511039377484,110.1635148313633,55.08175741568165,55.08175741568165,55.08175741568165,0.0,1.8165902124584952,10750.240657771341,55.50855789876008,27.75427894938004,27.75427894938004,27.75427894938004,0.0,1.30384048104053,5839.570789022084,89.66604708583958,44.83302354291979,44.83302354291979,44.83302354291979,0.0,1.7888543819998315,10225.404358752763,54.90719442841712,27.45359721420856,27.45359721420856,27.45359721420856,0.0,1.3416407864998738,5976.358740905703,36.71511950137164,18.35755975068582,18.35755975068582,18.35755975068582,0.0,2.4899799195977463,3838.7827758288176,51.980765673468106,25.990382836734053,25.990382836734053,25.990382836734053,0.0,1.3416407864998738,5609.84374113932,121.92292647406394,60.96146323703197,60.96146323703197,60.96146323703197,0.0,1.8165902124584947,12445.222886714404
0.0,74.52516353554684,37.26258176777342,37.26258176777342,37.26258176777342,0.0,1.6431676725154982,7736.063029732889,50.11187484020131,25.055937420100655,25.055937420100655,25.055937420100655,0.0,1.7888543819998317,4581.43598667492,72.03610206000877,36.018051030004386,36.018051030004386,36.018051030004386,0.0,1.7888543819998315,8342.23964532307,45.8257569495584,22.9128784747792,22.9128784747792,22.9128784747792,0.0,1.095445115010332,5698.496643852658,52.467132568875925,26.233566284437963,26.233566284437963,26.233566284437963,0.0,1.3038404810405295,5697.70842532329,49.71116574774726,24.85558287387363,24.85558287387363,24.85558287387363,0.0,2.073644135332772,6172.964603818817,128.5379321445619,64.26896607228095,64.26896607228095,64.26896607228095,0.0,2.387467277262665,13544.712831950334,95.12728315262662,47.56364157631331,47.56364157631331,47.56364157631331,0.0,1.816590212458495,12281.686700123888,94.23799658311927,47.118998291559635,47.118998291559635,47.118998291559635,0.0,2.8809720581775866,9853.425404396177,96.56707513433345,48.283537567166725,48.283537567166725,48.283537567166725,0.0,1.6431676725154984,10491.617106051859,79.10246519546656,39.55123259773328,39.55123259773328,39.55123259773328,0.0,1.816590212458495,9333.103085255192,48.11236847215069,24.056184236075346,24.056184236075346,24.056184236075346,0.0,1.6431676725154984,5444.505826978239,53.87021440462252,26.93510720231126,26.93510720231126,26.93510720231126,0.0,1.6733200530681511,4528.233077040094,109.87629407656594,54.93814703828297,54.93814703828297,54.93814703828297,0.0,1.8165902124584952,10748.86796365087,55.281099844341014,27.640549922170507,27.640549922170507,27.640549922170507,0.0,1.30384048104053,5842.110748693489,90.54943401258785,45.274717006293926,45.274717006293926,45.274717006293926,0.0,1.7888543819998315,10230.470868928762,54.3617512595023,27.18087562975115,27.18087562975115,27.18087562975115,0.0,1.3416407864998738,5973.705366018648,38.02630668366309,19.013153341831543,19.013153341831543,19.013153341831543,0.0,2.9154759474226504,3899.712002186828,52.260884033854616,26.130442016927308,26.130442016927308,26.130442016927308,0.0,1.3416407864998738,5606.181169031197,121.92292647406394,60.96146323703197,60.96146323703197,60.96146323703197,0.0,1.8165902124584947,12444.009321758002
0.0,73.65324161230107,36.82662080615054,36.82662080615054,36.82662080615054,0.0,1.6431676725154982,7737.349856378474,49.262561849745495,24.631280924872748,24.631280924872748,24.631280924872748,0.0,1.7888543819998317,4577.472140821831,72.48999931024969,36.24499965512484,36.24499965512484,36.24499965512484,0.0,1.7888543819998315,8338.380610166461,45.899891067408866,22.949945533704433,22.949945533704433,22.949945533704433,0.0,1.095445115010332,5705.657043671658,52.467132568875925,26.233566284437963,26.233566284437963,26.233566284437963,0.0,1.3038404810405295,5692.441110806505,49.262561849745495,24.631280924872748,24.631280924872748,24.631280924872748,0.0,2.073644135332772,6174.0496272705805,127.59780562376454,63.79890281188227,63.79890281188227,63.79890281188227,0.0,2.387467277262665,13549.903368659128,94.40762681054957,47.203813405274786,47.203813405274786,47.203813405274786,0.0,1.816590212458495,12284.549910354875,93.68671197133561,46.843355985667806,46.843355985667806,46.843355985667806,0.0,2.8809720581775866,9848.462991756633,96.12075738361617,48.06037869180808,48.06037869180808,48.06037869180808,0.0,1.6431676725154984,10494.274143550854,79.7822035293586,39.8911017646793,39.8911017646793,39.8911017646793,0.0,1.816590212458495,9333.867810291722,48.11236847215069,24.056184236075346,24.056184236075346,24.056184236075346,0.0,1.6431676725154984,5446.467910490247,54.81970448661685,27.409852243308425,27.409852243308425,27.409852243308425,0.0,1.6733200530681511,4521.710594454271,109.76884803986968,54.88442401993484,54.88442401993484,54.88442401993484,0.0,1.8165902124584952,10751.03220625815,55.281099844341014,27.640549922170507,27.640549922170507,27.640549922170507,0.0,1.30384048104053,5843.597581969519,90.30393125440331,45.151965627201655,45.151965627201655,45.151965627201655,0.0,1.7888543819998315,10230.783557479848,53.95183036746761,26.975915183733804,26.975915183733804,26.975915183733804,0.0,1.3416407864998738,5970.339295215976,38.53829264510819,19.269146322554096,19.269146322554096,19.269146322554096,0.0,2.9154759474226504,3901.48147502971,52.260884033854616,26.130442016927308,26.130442016927308,26.130442016927308,0.0,1.3416407864998738,5606.796259897447,122.56753240560896,61.28376620280448,61.28376620280448,61.28376620280448,0.0,1.8165902124584947,12442.92745699339
0.0,73.65324161230107,36.82662080615054,36.82662080615054,36.82662080615054,0.0,1.6431676725154982,7733.3124532764095,49.262561849745495,24.631280924872748,24.631280924872748,24.631280924872748,0.0,1.7888543819998317,4576.214538240094,72.54515834981684,36.27257917490842,36.27257917490842,36.27257917490842,0.0,1.7888543819998315,8336.588972715399,45.795196254629154,22.897598127314577,22.897598127314577,22.897598127314577,0.0,1.095445115010332,5701.706700629207,53.13002917371682,26.56501458685841,26.56501458685841,26.56501458685841,0.0,1.6733200530681511,5697.36893662329,48.34459638884164,24.17229819442082,24.17229819442082,24.17229819442082,0.0,2.073644135332772,6170.707115071984,128.33238094884706,64.16619047442353,64.16619047442353,64.16619047442353,0.0,2.387467277262665,13550.224057188132,95.15250916292223,47.576254581461114,47.576254581461114,47.576254581461114,0.0,1.816590212458495,12284.10833963947,93.14075370105184,46.57037685052592,46.57037685052592,46.57037685052592,0.0,2.6076809620810595,9846.836075613324,96.108272276636,48.054136138318,48.054136138318,48.054136138318,0.0,1.6431676725154984,10494.121702172126,79.7822035293586,39.8911017646793,39.8911017646793,39.8911017646793,0.0,1.816590212458495,9336.617337130188,48.579831205964474,24.289915602982237,24.289915602982237,24.289915602982237,0.0,1.6431676725154984,5445.00123966928,55.526570216428816,27.763285108214408,27.763285108214408,27.763285108214408,0.0,1.6733200530681511,4523.337396215321,109.76884803986968,54.88442401993484,54.88442401993484,54.88442401993484,0.0,1.8165902124584952,10750.139082821208,55.83189052862172,27.91594526431086,27.91594526431086,27.91594526431086,0.0,1.30384048104053,5843.025004225124,90.27735042633894,45.13867521316947,45.13867521316947,45.13867521316947,0.0,1.7888543819998315,10232.998841981758,54.761300203702255,27.380650101851128,27.380650101851128,27.380650101851128,0.0,1.3416407864998738,5971.138275069503,38.53829264510819,19.269146322554096,19.269146322554096,19.269146322554096,0.0,2.9154759474226504,3902.4652849192653,52.260884033854616,26.130442016927308,26.130442016927308,26.130442016927308,0.0,1.3416407864998738,5603.715597708363,121.92292647406394,60.96146323703197,60.96146323703197,60.96146323703197,0.0,1.8165902124584947,12440.097580003141
0.0,73.65324161230107,36.82662080615054,36.82662080615054,36.82662080615054,0.0,1.6431676725154982,7729.97556917226,49.69909455915671,24.849547279578356,24.849547279578356,24.849547279578356,0.0,1.7888543819998317,4570.827496198035,72.54515834981684,36.27257917490842,36.27257917490842,36.27257917490842,0.0,1.7888543819998315,8335.375324482995,46.355150738618036,23.177575369309018,23.177575369309018,23.177575369309018,0.0,1.095445115010332,5703.966628584007,54.085118101008156,27.042559050504078,27.042559050504078,27.042559050504078,0.0,1.6733200530681511,5696.2106702614155,47.8873678541638,23.9436839270819,23.9436839270819,23.9436839270819,0.0,2.073644135332772,6170.043087369812,127.41271522104849,63.70635761052424,63.70635761052424,63.70635761052424,0.0,2.387467277262665,13547.614229081075,95.15250916292223,47.576254581461114,47.576254581461114,47.576254581461114,0.0,1.816590212458495,12289.02808606116,94.12332335824102,47.06166167912051,47.06166167912051,47.06166167912051,0.0,2.6076809620810595,10006.981847690142,96.45102384111846,48.22551192055923,48.22551192055923,48.22551192055923,0.0,1.6431676725154984,10488.1498273051,79.20101009456887,39.600505047284436,39.600505047284436,39.600505047284436,0.0,1.816590212458495,9334.559603966327,47.96665508454806,23.98332754227403,23.98332754227403,23.98332754227403,0.0,1.6431676725154984,5443.76468999166,55.190578906186516,27.595289453093258,27.595289453093258,27.595289453093258,0.0,1.6733200530681511,4520.798900636922,109.76884803986968,54.88442401993484,54.88442401993484,54.88442401993484,0.0,1.8165902124584952,10750.799956282322,55.87486017879597,27.937430089397985,27.937430089397985,27.937430089397985,0.0,1.30384048104053,5846.695630867062,90.27735042633894,45.13867521316947,45.13867521316947,45.13867521316947,0.0,1.7888543819998315,10230.135082197106,54.232831384688,27.116415692344,27.116415692344,27.116415692344,0.0,1.3416407864998738,5968.725115131371,36.86190445432791,18.430952227163957,18.430952227163957,18.430952227163957,0.0,2.4899799195977463,3901.9999359302915,52.260884033854616,26.130442016927308,26.130442016927308,26.130442016927308,0.0,1.3416407864998738,5607.256298761454,121.28478882366082,60.64239441183041,60.64239441183041,60.64239441183041,0.0,1.8165902124584947,12438.57615645778
0.0,73.16283209389861,36.58141604694931,36.58141604694931,36.58141604694931,0.0,1.6431676725154982,7729.553305334015,49.69909455915671,24.849547279578356,24.849547279578356,24.849547279578356,0.0,1.7888543819998317,4569.152186128188,72.54515834981684,36.27257917490842,36.27257917490842,36.27257917490842,0.0,1.7888543819998315,8332.226605175834,46.355150738618036,23.177575369309018,23.177575369309018,23.177575369309018,0.0,1.095445115010332,5700.68364321333,54.09990757847929,27.049953789239645,27.049953789239645,27.049953789239645,0.0,1.6733200530681511,5696.413099486377,48.02082881417188,24.01041440708594,24.01041440708594,24.01041440708594,0.0,2.073644135332772,6169.799696910751,127.41742424017211,63.708712120086055,63.708712120086055,63.708712120086055,0.0,2.387467277262665,13544.12301332205,95.15250916292223,47.576254581461114,47.576254581461114,47.576254581461114,0.0,1.816590212458495,12288.0301838822,94.12332335824102,47.06166167912051,47.06166167912051,47.06166167912051,0.0,2.6076809620810595,10002.523896497323,96.01666522015853,48.008332610079265,48.008332610079265,48.008332610079265,0.0,1.6431676725154984,10486.08929487061,78.59516524570707,39.29758262285353,39.29758262285353,39.29758262285353,0.0,1.816590212458495,9332.976149117707,48.11652522782583,24.058262613912916,24.058262613912916,24.058262613912916,0.0,1.6431676725154984,5443.271488728079,55.45087916345421,27.725439581727105,27.725439581727105,27.725439581727105,0.0,1.6733200530681511,4519.606210722346,109.06328438113351,54.53164219056676,54.53164219056676,54.53164219056676,0.0,1.8165902124584952,10748.9704018571,55.87486017879597,27.937430089397985,27.937430089397985,27.937430089397985,0.0,1.30384048104053,5850.1035888264405,90.97911848330912,45.48955924165456,45.48955924165456,45.48955924165456,0.0,1.7888543819998315,10229.778477562455,54.232831384688,27.116415692344,27.116415692344,27.116415692344,0.0,1.3416407864998738,5963.269975441326,39.05380903317882,19.52690451658941,19.52690451658941,19.52690451658941,0.0,2.9154759474226504,3940.9223793421766,51.62557505732987,25.812787528664934,25.812787528664934,25.812787528664934,0.0,1.3416407864998738,5605.4085310528435,120.9495762704442,60.4747881352221,60.4747881352221,60.4747881352221,0.0,1.8165902124584947,12436.777022203141
0.0,73.28028384224504,36.64014192112252,36.64014192112252,36.64014192112252,0.0,1.6431676725154982,7729.388203473804,49.71116574774726,24.85558287387363,24.85558287387363,24.85558287387363,0.0,1.7888543819998317,4567.088656901681,72.99863012413316,36.49931506206658,36.49931506206658,36.49931506206658,0.0,1.7888543819998315,8332.780010296683,45.8257569495584,22.9128784747792,22.9128784747792,22.9128784747792,0.0,1.1401754250991376,5704.763772497508,54.81970448661685,27.409852243308425,27.409852243308425,27.409852243308425,0.0,1.6733200530681511,5696.157064196878,47.53104248804143,23.765521244020714,23.765521244020714,23.765521244020714,0.0,2.073644135332772,6169.412395034068,127.41742424017211,63.708712120086055,63.708712120086055,63.708712120086055,0.0,2.387467277262665,13544.236401510421,95.76638241053068,47.88319120526534,47.88319120526534,47.88319120526534,0.0,1.816590212458495,12293.20448459229,95.05787710652916,47.52893855326458,47.52893855326458,47.52893855326458,0.0,2.6076809620810595,10004.278444745527,95.32680630336884,47.66340315168442,47.66340315168442,47.66340315168442,0.0,1.3416407864998738,10487.40164673786,78.59516524570707,39.29758262285353,39.29758262285353,39.29758262285353,0.0,1.816590212458495,9334.766906570298,47.678087209954214,23.839043604977107,23.839043604977107,23.839043604977107,0.0,1.6431676725154984,5443.471456708486,56.15336143099538,28.07668071549769,28.07668071549769,28.07668071549769,0.0,1.6733200530681511,4522.243049638088,109.06328438113351,54.53164219056676,54.53164219056676,54.53164219056676,0.0,1.8165902124584952,10744.384379758572,55.87486017879597,27.937430089397985,27.937430089397985,27.937430089397985,0.0,1.30384048104053,5849.715010152204,90.97911848330912,45.48955924165456,45.48955924165456,45.48955924165456,0.0,1.7888543819998315,10233.457910208064,53.52382647008714,26.76191323504357,26.76191323504357,26.76191323504357,0.0,1.3416407864998738,5962.94109479542,46.31630382489518,23.15815191244759,23.15815191244759,23.15815191244759,0.0,3.0495901363953815,4559.454188825675,52.14211349763261,26.071056748816304,26.071056748816304,26.071056748816304,0.0,1.3416407864998738,5599.7546553398215,120.6780841743852,60.3390420871926,60.3390420871926,60.3390420871926,0.0,1.8165902124584947,12438.926589541397
0.0,73.28028384224504,36.64014192112252,36.64014192112252,36.64014192112252,0.0,1.6431676725154982,7726.962902719282,49.71116574774726,24.85558287387363,24.85558287387363,24.85558287387363,0.0,1.7888543819998317,4564.528431284003,72.99863012413316,36.49931506206658,36.49931506206658,36.49931506206658,0.0,1.7888543819998315,8333.262014361482,46.402586134826585,23.201293067413292,23.201293067413292,23.201293067413292,0.0,1.1401754250991376,5710.4600515194925,54.81970448661685,27.409852243308425,27.409852243308425,27.409852243308425,0.0,1.6733200530681511,5698.290910439726,47.53104248804143,23.765521244020714,23.765521244020714,23.765521244020714,0.0,2.073644135332772,6174.1899306710675,126.9614114603331,63.48070573016655,63.48070573016655,63.48070573016655,0.0,2.387467277262665,13545.574258775447,95.05787710652916,47.52893855326458,47.52893855326458,47.52893855326458,0.0,1.816590212458495,12290.056236649203,95.00105262574725,47.500526312873625,47.500526312873625,47.500526312873625,0.0,2.6076809620810595,10008.678544143577,96.21226533036211,48.10613266518106,48.10613266518106,48.10613266518106,0.0,1.3416407864998738,10485.573217521302,78.821316913637,39.4106584568185,39.4106584568185,39.4106584568185,0.0,1.816590212458495,9336.722802996777,47.41307836451879,23.706539182259394,23.706539182259394,23.706539182259394,0.0,1.6431676725154984,5443.410355650215,56.15336143099538,28.07668071549769,28.07668071549769,28.07668071549769,0.0,1.6733200530681511,4526.917494277977,108.74189624978958,54.37094812489479,54.37094812489479,54.37094812489479,0.0,1.8165902124584952,10743.845414934076,55.5409758646713,27.77048793233565,27.77048793233565,27.77048793233565,0.0,1.30384048104053,5848.497200136117,90.27735042633894,45.13867521316947,45.13867521316947,45.13867521316947,0.0,1.7888543819998315,10231.433086327643,52.676370414067065,26.338185207033533,26.338185207033533,26.338185207033533,0.0,1.3416407864998738,5965.830076359869,45.263671967704965,22.631835983852483,22.631835983852483,22.631835983852483,0.0,2.6832815729997477,4562.14234762573,52.14211349763261,26.071056748816304,26.071056748816304,26.071056748816304,0.0,1.3416407864998738,5597.649122622817,120.41262392290935,60.206311961454674,60.206311961454674,60.206311961454674,0.0,1.8165902124584947,12440.352760271713
0.0,72.68562443839909,36.342812219199544,36.342812219199544,36.342812219199544,0.0,1.6431676725154982,7728.496037393045,50.59644256269407,25.298221281347036,25.298221281347036,25.298221281347036,0.0,1.7888543819998317,4563.13945655839,73.48469228349535,36.742346141747674,36.742346141747674,36.742346141747674,0.0,1.7888543819998315,8334.422553482635,46.402586134826585,23.201293067413292,23.201293067413292,23.201293067413292,0.0,1.1401754250991376,5710.565935176653,54.81970448661685,27.409852243308425,27.409852243308425,27.409852243308425,0.0,1.6733200530681511,5700.5075388074,47.50999894758997,23.754999473794985,23.754999473794985,23.754999473794985,0.0,2.073644135332772,6172.256977799936,126.51007864988465,63.255039324942324,63.255039324942324,63.255039324942324,0.0,2.073644135332772,13547.893231052569,95.8269273221259,47.91346366106295,47.91346366106295,47.91346366106295,0.0,1.6431676725154984,12285.747710253536,93.95105108512624,46.97552554256312,46.97552554256312,46.97552554256312,0.0,2.6076809620810595,10010.967975176027,96.29745583347464,48.14872791673732,48.14872791673732,48.14872791673732,0.0,1.5165750888103104,10483.65926096418,78.42703615463229,39.213518077316145,39.213518077316145,39.213518077316145,0.0,1.816590212458495,9338.153281029392,46.788887569592845,23.394443784796422,23.394443784796422,23.394443784796422,0.0,1.6431676725154984,5440.288916960201,56.15336143099538,28.07668071549769,28.07668071549769,28.07668071549769,0.0,1.6733200530681511,4528.821016556075,108.74189624978958,54.37094812489479,54.37094812489479,54.37094812489479,0.0,1.8165902124584952,10745.43029850364,56.26011020252271,28.130055101261355,28.130055101261355,28.130055101261355,0.0,1.673320053068151,5849.452239312669,90.0710830400079,45.03554152000395,45.03554152000395,45.03554152000395,0.0,1.5811388300841898,10234.07146740729,53.34791467339656,26.67395733669828,26.67395733669828,26.67395733669828,0.0,1.3416407864998738,5968.1582167365505,45.21946483540025,22.609732417700126,22.609732417700126,22.609732417700126,0.0,2.6832815729997477,4559.132066523189,52.14211349763261,26.071056748816304,26.071056748816304,26.071056748816304,0.0,1.3416407864998738,5595.882307554368,120.04499156566257,60.022495782831285,60.022495782831285,60.022495782831285,0.0,1.8165902124584947,12438.333437402294
0.0,66.83711543745736,33.41855771872868,33.41855771872868,33.41855771872868,0.0,1.6431676725154982,6016.442802852862,50.844862080646855,25.422431040323428,25.422431040323428,25.422431040323428,0.0,1.7888543819998317,4567.349253122647,73.89993234097038,36.94996617048519,36.94996617048519,36.94996617048519,0.0,1.7888543819998315,8338.73223577781,45.88245852174881,22.941229260874405,22.941229260874405,22.941229260874405,0.0,1.1401754250991376,5711.708124545581,54.81970448661685,27.409852243308425,27.409852243308425,27.409852243308425,0.0,1.6733200530681511,5700.542474186119,47.69486345509336,23.84743172754668,23.84743172754668,23.84743172754668,0.0,2.073644135332772,6173.982280505833,126.22202660391727,63.111013301958636,63.111013301958636,63.111013301958636,0.0,2.073644135332772,13548.09085074351,95.42536350467836,47.71268175233918,47.71268175233918,47.71268175233918,0.0,1.6431676725154984,12285.985906715016,94.1020722407323,47.05103612036615,47.05103612036615,47.05103612036615,0.0,2.6076809620810595,10011.069038818981,96.29745583347464,48.14872791673732,48.14872791673732,48.14872791673732,0.0,1.5165750888103104,10483.314776348176,77.84086330456516,38.92043165228258,38.92043165228258,38.92043165228258,0.0,1.816590212458495,9334.515215050003,46.376718297007606,23.188359148503803,23.188359148503803,23.188359148503803,0.0,1.6431676725154984,5441.894036087068,56.15336143099538,28.07668071549769,28.07668071549769,28.07668071549769,0.0,1.6733200530681511,4527.28723409505,108.31989660260945,54.15994830130472,54.15994830130472,54.15994830130472,0.0,1.8165902124584952,10742.097825843888,55.939252765835185,27.969626382917593,27.969626382917593,27.969626382917593,0.0,1.51657508881031,5847.284566360697,90.05109660631568,45.02554830315784,45.02554830315784,45.02554830315784,0.0,1.5811388300841898,10233.352813227932,53.50513994000951,26.752569970004753,26.752569970004753,26.752569970004753,0.0,1.3416407864998738,5971.4876705892975,45.21946483540025,22.609732417700126,22.609732417700126,22.609732417700126,0.0,2.6832815729997477,4556.195397478032,53.205262897574336,26.602631448787168,26.602631448787168,26.602631448787168,0.0,1.3416407864998738,5601.07853899586,119.68291440301745,59.841457201508724,59.841457201508724,59.841457201508724,0.0,1.8165902124584947,12436.909073399227
0.0,67.3349834781297,33.66749173906485,33.66749173906485,33.66749173906485,0.0,1.6431676725154982,6015.70929317566,50.179677161177516,25.089838580588758,25.089838580588758,25.089838580588758,0.0,1.7888543819998317,4566.538163642126,73.89993234097038,36.94996617048519,36.94996617048519,36.94996617048519,0.0,1.7888543819998315,8335.824812218645,46.195237849804386,23.097618924902193,23.097618924902193,23.097618924902193,0.0,1.1401754250991376,5711.125344448325,54.81970448661685,27.409852243308425,27.409852243308425,27.409852243308425,0.0,1.6733200530681511,5701.155786329646,46.33788946423866,23.16894473211933,23.16894473211933,23.16894473211933,0.0,1.5811388300841898,6177.450631126079,126.95983616876637,63.479918084383186,63.479918084383186,63.479918084383186,0.0,2.073644135332772,13545.959094874013,95.42536350467836,47.71268175233918,47.71268175233918,47.71268175233918,0.0,1.6431676725154984,12285.06662578596,94.2061569113187,47.10307845565935,47.10307845565935,47.10307845565935,0.0,2.6076809620810595,10010.481746649359,95.97291284523983,47.986456422619916,47.986456422619916,47.986456422619916,0.0,1.5165750888103104,10484.600660015622,78.14857644256868,39.07428822128434,39.07428822128434,39.07428822128434,0.0,1.816590212458495,9336.645473616314,45.9782557302906,22.9891278651453,22.9891278651453,22.9891278651453,0.0,1.6431676725154984,5441.016660514834,56.08208270027068,28.04104135013534,28.04104135013534,28.04104135013534,0.0,1.6733200530681511,4526.7847640461105,108.28296264879347,54.141481324396736,54.141481324396736,54.141481324396736,0.0,1.8165902124584952,10740.667460637631,55.695601262577284,27.847800631288642,27.847800631288642,27.847800631288642,0.0,1.51657508881031,5848.886885553524,90.0044443347105,45.00222216735525,45.00222216735525,45.00222216735525,0.0,1.5811388300841898,10233.19522436663,53.50513994000951,26.752569970004753,26.752569970004753,26.752569970004753,0.0,1.3416407864998738,5974.808758445746,45.62017097732098,22.81008548866049,22.81008548866049,22.81008548866049,0.0,2.6832815729997477,4558.457886171594,53.205262897574336,26.602631448787168,26.602631448787168,26.602631448787168,0.0,1.3416407864998738,5599.256754248728,119.34320257140747,59.67160128570374,59.67160128570374,59.67160128570374,0.0,1.8165902124584947,12435.455970731433
0.0,67.77315102605161,33.886575513025804,33.886575513025804,33.886575513025804,0.0,1.6431676725154982,6021.237439264457,50.179677161177516,25.089838580588758,25.089838580588758,25.089838580588758,0.0,1.7888543819998317,4562.979761077185,72.77362159464101,36.38681079732051,36.38681079732051,36.38681079732051,0.0,1.7888543819998315,8330.658809481996,46.195237849804386,23.097618924902193,23.097618924902193,23.097618924902193,0.0,1.1401754250991376,5711.31060265505,54.81970448661685,27.409852243308425,27.409852243308425,27.409852243308425,0.0,1.6733200530681511,5702.149392992084,46.33788946423866,23.16894473211933,23.16894473211933,23.16894473211933,0.0,1.5811388300841898,6178.585461090589,126.95983616876637,63.479918084383186,63.479918084383186,63.479918084383186,0.0,2.073644135332772,13546.93195155272,95.70161963101773,47.85080981550887,47.85080981550887,47.85080981550887,0.0,1.6431676725154984,12283.566513842794,93.69098142297368,46.84549071148684,46.84549071148684,46.84549071148684,0.0,2.6076809620810595,10012.519388245897,113.61866043920777,56.809330219603886,56.809330219603886,56.809330219603886,0.0,3.9115214431215892,12248.346406760384,77.5680346534576,38.7840173267288,38.7840173267288,38.7840173267288,0.0,1.816590212458495,9335.357748902823,46.59613717895508,23.29806858947754,23.29806858947754,23.29806858947754,0.0,1.6431676725154984,5446.579321005065,56.08208270027068,28.04104135013534,28.04104135013534,28.04104135013534,0.0,1.6733200530681511,4523.51570131021,107.88883167408943,53.944415837044716,53.944415837044716,53.944415837044716,0.0,1.8165902124584952,10741.446843884672,55.179706414586875,27.589853207293437,27.589853207293437,27.589853207293437,0.0,1.51657508881031,5849.802842831543,89.3532316147547,44.67661580737735,44.67661580737735,44.67661580737735,0.0,1.5811388300841898,10234.480411823553,53.69543742255947,26.847718711279736,26.847718711279736,26.847718711279736,0.0,1.3416407864998738,5972.876132986519,46.14325519509866,23.07162759754933,23.07162759754933,23.07162759754933,0.0,2.6832815729997477,4556.63030100095,52.983016146686104,26.491508073343052,26.491508073343052,26.491508073343052,0.0,1.3416407864998738,5594.857969600301,119.34320257140747,59.67160128570374,59.67160128570374,59.67160128570374,0.0,1.8165902124584947,12438.303047441801
0.0,68.1615727518079,34.08078637590395,34.08078637590395,34.08078637590395,0.0,1.6431676725154982,6020.895282264923,50.179677161177516,25.089838580588758,25.089838580588758,25.089838580588758,0.0,1.7888543819998317,4564.123048297449,72.77362159464101,36.38681079732051,36.38681079732051,36.38681079732051,0.0,1.7888543819998315,8327.418165313904,46.195237849804386,23.097618924902193,23.097618924902193,23.097618924902193,0.0,1.1401754250991376,5709.088482411181,54.302854436944656,27.151427218472328,27.151427218472328,27.151427218472328,0.0,1.6733200530681511,5698.057844564233,47.08715323737463,23.543576618687315,23.543576618687315,23.543576618687315,0.0,1.5811388300841898,6182.197238846396,126.3851257071021,63.19256285355105,63.19256285355105,63.19256285355105,0.0,2.073644135332772,13544.991668509805,95.70161963101773,47.85080981550887,47.85080981550887,47.85080981550887,0.0,1.6431676725154984,12280.4446702878,94.2825540595926,47.1412770297963,47.1412770297963,47.1412770297963,0.0,2.6076809620810595,10010.80458804386,113.14238816641623,56.57119408320811,56.57119408320811,56.57119408320811,0.0,3.492849839314596,12245.24816816711,77.23988606931007,38.61994303465504,38.61994303465504,38.61994303465504,0.0,1.816590212458495,9331.577321117797,46.59613717895508,23.29806858947754,23.29806858947754,23.29806858947754,0.0,1.6431676725154984,5447.237942296994,57.24683397359193,28.623416986795966,28.623416986795966,28.623416986795966,0.0,1.6733200530681511,4521.2196584550065,107.88883167408943,53.944415837044716,53.944415837044716,53.944415837044716,0.0,1.8165902124584952,10742.112422610368,55.179706414586875,27.589853207293437,27.589853207293437,27.589853207293437,0.0,1.51657508881031,5849.984461517825,89.13585137305864,44.56792568652932,44.56792568652932,44.56792568652932,0.0,1.5811388300841898,10235.403069737898,53.69543742255947,26.847718711279736,26.847718711279736,26.847718711279736,0.0,1.3416407864998738,5974.834491431541,46.14325519509866,23.07162759754933,23.07162759754933,23.07162759754933,0.0,2.6832815729997477,4555.466134217221,52.983016146686104,26.491508073343052,26.491508073343052,26.491508073343052,0.0,1.3416407864998738,5595.326648194902,119.50397482929176,59.75198741464588,59.75198741464588,59.75198741464588,0.0,1.8165902124584947,12434.412571569273
0.0,68.9144397060587,34.45721985302935,34.45721985302935,34.45721985302935,0.0,1.6431676725154982,6021.013594072015,51.080328894790796,25.540164447395398,25.540164447395398,25.540164447395398,0.0,1.7888543819998317,4565.365133261523,72.77362159464101,36.38681079732051,36.38681079732051,36.38681079732051,0.0,1.7888543819998315,8325.123110200833,46.07385375676752,23.03692687838376,23.03692687838376,23.03692687838376,0.0,1.1401754250991376,5707.47972401129,54.954526656136345,27.477263328068172,27.477263328068172,27.477263328068172,0.0,1.6733200530681511,5695.903879104702,47.08715323737463,23.543576618687315,23.543576618687315,23.543576618687315,0.0,1.5811388300841898,6179.361156300868,125.9317275352006,62.9658637676003,62.9658637676003,62.9658637676003,0.0,2.073644135332772,13547.41723355415,95.07470746733856,47.53735373366928,47.53735373366928,47.53735373366928,0.0,1.6431676725154984,12282.265821093435,94.7691933066859,47.38459665334295,47.38459665334295,47.38459665334295,0.0,2.6076809620810595,10009.282751526205,112.88401126820398,56.44200563410199,56.44200563410199,56.44200563410199,0.0,3.492849839314596,12244.461617400742,77.4803200819408,38.7401600409704,38.7401600409704,38.7401600409704,0.0,1.816590212458495,9331.35137587263,47.0233984309939,23.51169921549695,23.51169921549695,23.51169921549695,0.0,1.9493588689617927,5443.415150436351,57.24683397359193,28.623416986795966,28.623416986795966,28.623416986795966,0.0,1.6733200530681511,4519.264010876107,108.74189624978958,54.37094812489479,54.37094812489479,54.37094812489479,0.0,1.8165902124584952,10739.376131787172,54.673576799035196,27.336788399517598,27.336788399517598,27.336788399517598,0.0,1.51657508881031,5852.902809717584,89.12463183654674,44.56231591827337,44.56231591827337,44.56231591827337,0.0,1.5811388300841898,10235.335299832634,54.376465497492575,27.188232748746287,27.188232748746287,27.188232748746287,0.0,1.3416407864998738,5976.354382062697,46.14325519509866,23.07162759754933,23.07162759754933,23.07162759754933,0.0,2.6832815729997477,4553.823152033903,54.00740689942445,27.003703449712226,27.003703449712226,27.003703449712226,0.0,1.3416407864998738,5592.802490701777,119.40184253184705,59.700921265923526,59.700921265923526,59.700921265923526,0.0,1.8165902124584947,12431.541609953289
0.0,68.03822455061567,34.01911227530783,34.01911227530783,34.01911227530783,0.0,1.6431676725154982,6023.039207908247,51.54803585006902,25.77401792503451,25.77401792503451,25.77401792503451,0.0,1.7888543819998317,4566.661822381859,72.77362159464101,36.38681079732051,36.38681079732051,36.38681079732051,0.0,1.7888543819998315,8325.713404868078,46.07385375676752,23.03692687838376,23.03692687838376,23.03692687838376,0.0,1.1401754250991376,5711.619936585416,54.954526656136345,27.477263328068172,27.477263328068172,27.477263328068172,0.0,1.6733200530681511,5704.948790304782,47.08715323737463,23.543576618687315,23.543576618687315,23.543576618687315,0.0,1.5811388300841898,6180.670610864165,125.37463858372634,62.68731929186317,62.68731929186317,62.68731929186317,0.0,2.073644135332772,13548.540024666865,95.07470746733856,47.53735373366928,47.53735373366928,47.53735373366928,0.0,1.6431676725154984,12283.445477552299,94.25921705594631,47.129608527973154,47.129608527973154,47.129608527973154,0.0,2.3874672772626644,10011.032913740719,112.15524954276549,56.077624771382744,56.077624771382744,56.077624771382744,0.0,3.082207001484488,12243.125573153287,77.4803200819408,38.7401600409704,38.7401600409704,38.7401600409704,0.0,1.816590212458495,9330.22163187992,60.61352984276695,30.306764921383476,30.306764921383476,30.306764921383476,0.0,2.4083189157584592,6557.686352670429,57.94134965635509,28.970674828177543,28.970674828177543,28.970674828177543,0.0,1.6733200530681511,4516.059731668747,108.63332821929005,54.316664109645025,54.316664109645025,54.316664109645025,0.0,1.8165902124584952,10739.162807221055,54.90719442841712,27.45359721420856,27.45359721420856,27.45359721420856,0.0,1.51657508881031,5850.030324707727,89.98888820293314,44.99444410146657,44.99444410146657,44.99444410146657,0.0,1.5811388300841898,10233.956517398343,76.6994132963219,38.34970664816095,38.34970664816095,38.34970664816095,0.0,2.4494897427831783,7818.55618384878,45.659610160403254,22.829805080201627,22.829805080201627,22.829805080201627,0.0,2.6832815729997477,4551.795711584605,54.00740689942445,27.003703449712226,27.003703449712226,27.003703449712226,0.0,1.3416407864998738,5590.409332061473,118.6962509938709,59.34812549693545,59.34812549693545,59.34812549693545,0.0,1.8165902124584947,12430.892699239263
0.0,67.16248953098746,33.58124476549373,33.58124476549373,33.58124476549373,0.0,1.6431676725154982,6020.006686042799,51.54803585006902,25.77401792503451,25.77401792503451,25.77401792503451,0.0,1.7888543819998317,4569.704990478051,72.77362159464101,36.38681079732051,36.38681079732051,36.38681079732051,0.0,1.7888543819998315,8325.935881328896,46.12157846388175,23.060789231940873,23.060789231940873,23.060789231940873,0.0,1.1401754250991376,5708.4279972686,55.612948132606675,27.806474066303338,27.806474066303338,27.806474066303338,0.0,1.6733200530681511,5707.766437057494,47.06166167912051,23.530830839560256,23.530830839560256,23.530830839560256,0.0,1.5811388300841898,6180.831319490931,125.66304150385665,62.83152075192832,62.83152075192832,62.83152075192832,0.0,2.073644135332772,13549.190961086939,95.07470746733856,47.53735373366928,47.53735373366928,47.53735373366928,0.0,1.6431676725154984,12278.67549860326,94.86200503889847,47.43100251944924,47.43100251944924,47.43100251944924,0.0,2.3874672772626644,10009.24574081384,111.90710433212004,55.95355216606002,55.95355216606002,55.95355216606002,0.0,3.082207001484488,12245.366360383017,77.4803200819408,38.7401600409704,38.7401600409704,38.7401600409704,0.0,1.816590212458495,9334.16173526043,60.557410776881795,30.278705388440898,30.278705388440898,30.278705388440898,0.0,2.4083189157584592,6557.062276660182,57.62638284674824,28.81319142337412,28.81319142337412,28.81319142337412,0.0,1.6733200530681511,4516.305591963414,108.63332821929005,54.316664109645025,54.316664109645025,54.316664109645025,0.0,1.8165902124584952,10744.050260493013,55.46891021103624,27.73445510551812,27.73445510551812,27.73445510551812,0.0,1.51657508881031,5853.858744452244,89.09994388325954,44.54997194162977,44.54997194162977,44.54997194162977,0.0,1.5811388300841898,10233.26674625459,76.63419602240243,38.31709801120122,38.31709801120122,38.31709801120122,0.0,2.4494897427831783,7823.193261066736,45.21946483540025,22.609732417700126,22.609732417700126,22.609732417700126,0.0,2.345207879911715,4556.246130313857,53.83307533477908,26.91653766738954,26.91653766738954,26.91653766738954,0.0,1.3416407864998738,5586.754943614405,118.6962509938709,59.34812549693545,59.34812549693545,59.34812549693545,0.0,1.8165902124584947,12426.964661573638
0.0,67.90581712931522,33.95290856465761,33.95290856465761,33.95290856465761,0.0,1.6431676725154982,6022.345988068105,51.18593556827891,25.592967784139454,25.592967784139454,25.592967784139454,0.0,1.7888543819998317,4567.860823186275,71.93886293235389,35.96943146617694,35.96943146617694,35.96943146617694,0.0,1.7888543819998315,8325.304096548065,46.18657813694364,23.09328906847182,23.09328906847182,23.09328906847182,0.0,1.140175425099138,5707.533416459338,56.277881978624606,28.138940989312303,28.138940989312303,28.138940989312303,0.0,1.6733200530681511,5705.690449016665,47.06166167912051,23.530830839560256,23.530830839560256,23.530830839560256,0.0,1.5811388300841898,6183.09523620654,125.66304150385665,62.83152075192832,62.83152075192832,62.83152075192832,0.0,2.073644135332772,13545.35328073801,95.07470746733856,47.53735373366928,47.53735373366928,47.53735373366928,0.0,1.6431676725154984,12274.581642565257,94.32497018287364,47.16248509143682,47.16248509143682,47.16248509143682,0.0,2.3874672772626644,10005.16803956835,113.64330160638593,56.821650803192966,56.821650803192966,56.821650803192966,0.0,3.9115214431215892,12306.661468489332,77.23988606931007,38.61994303465504,38.61994303465504,38.61994303465504,0.0,1.816590212458495,9336.328346839564,60.42516032250142,30.21258016125071,30.21258016125071,30.21258016125071,0.0,2.4083189157584592,6556.220305938476,57.56735185849702,28.78367592924851,28.78367592924851,28.78367592924851,0.0,1.6733200530681511,4514.9649278815,107.78125996665653,53.89062998332827,53.89062998332827,53.89062998332827,0.0,1.8165902124584952,10744.190630289468,55.98928468912601,27.994642344563005,27.994642344563005,27.994642344563005,0.0,1.51657508881031,5855.2733753429475,87.78838191924943,43.894190959624716,43.894190959624716,43.894190959624716,0.0,1.5811388300841898,10234.16881334288,76.58459375096272,38.29229687548136,38.29229687548136,38.29229687548136,0.0,2.4494897427831783,7822.987741266121,45.21946483540025,22.609732417700126,22.609732417700126,22.609732417700126,0.0,2.345207879911715,4556.372350894953,53.83307533477908,26.91653766738954,26.91653766738954,26.91653766738954,0.0,1.3416407864998738,5592.103825931704,118.50400837102517,59.25200418551258,59.25200418551258,59.25200418551258,0.0,1.6431676725154984,12425.525791691874
0.0,67.90581712931522,33.95290856465761,33.95290856465761,33.95290856465761,0.0,1.6431676725154982,6022.275458661784,51.36925150320959,25.684625751604795,25.684625751604795,25.684625751604795,0.0,1.7320508075688772,4570.559889116431,71.5346070094748,35.7673035047374,35.7673035047374,35.7673035047374,0.0,1.7888543819998315,8326.51390439,46.18657813694364,23.09328906847182,23.09328906847182,23.09328906847182,0.0,1.140175425099138,5704.63394969388,56.54378834142615,28.271894170713075,28.271894170713075,28.271894170713075,0.0,1.6733200530681511,5709.034830862393,47.81213235152768,23.90606617576384,23.90606617576384,23.90606617576384,0.0,1.5811388300841898,6179.69932116442,126.25688100060131,63.128440500300655,63.128440500300655,63.128440500300655,0.0,2.073644135332772,13545.957153335456,95.07470746733856,47.53735373366928,47.53735373366928,47.53735373366928,0.0,1.6431676725154984,12278.061520451833,94.32497018287364,47.16248509143682,47.16248509143682,47.16248509143682,0.0,2.3874672772626644,9999.591776667685,113.11410168498003,56.557050842490014,56.557050842490014,56.557050842490014,0.0,3.6742346141747673,12305.662578666783,77.91533866960985,38.957669334804926,38.957669334804926,38.957669334804926,0.0,1.816590212458495,9337.838149164934,60.08993260106055,30.044966300530277,30.044966300530277,30.044966300530277,0.0,2.4083189157584592,6556.279531868665,57.56735185849702,28.78367592924851,28.78367592924851,28.78367592924851,0.0,1.6733200530681511,4513.620088133249,107.085012956996,53.542506478498,53.542506478498,53.542506478498,0.0,1.8165902124584952,10743.983144067193,55.98928468912601,27.994642344563005,27.994642344563005,27.994642344563005,0.0,1.51657508881031,5855.208817796339,87.85897791347223,43.929488956736115,43.929488956736115,43.929488956736115,0.0,1.5811388300841898,10230.360076751942,75.86039810072182,37.93019905036091,37.93019905036091,37.93019905036091,0.0,2.4494897427831783,7823.665349438203,45.21946483540025,22.609732417700126,22.609732417700126,22.609732417700126,0.0,2.345207879911715,4556.1122352286275,59.3397000329459,29.66985001647295,29.66985001647295,29.66985001647295,0.0,1.8165902124584952,6934.335382716934,118.77205058430202,59.38602529215101,59.38602529215101,59.38602529215101,0.0,1.6431676725154984,12428.080893685881
0.0,68.30226936200583,34.151134681002915,34.151134681002915,34.151134681002915,0.0,1.6431676725154982,6024.465470064543,51.36925150320959,25.684625751604795,25.684625751604795,25.684625751604795,0.0,1.7320508075688772,4567.506759710378,72.54515834981684,36.27257917490842,36.27257917490842,36.27257917490842,0.0,1.7888543819998315,8327.533836616936,46.07385375676752,23.03692687838376,23.03692687838376,23.03692687838376,0.0,1.140175425099138,5705.529046460109,56.54378834142615,28.271894170713075,28.271894170713075,28.271894170713075,0.0,1.6733200530681511,5710.4507965658895,47.81213235152768,23.90606617576384,23.90606617576384,23.90606617576384,0.0,1.5811388300841898,6178.7534746095835,125.68532133865115,62.842660669325575,62.842660669325575,62.842660669325575,0.0,2.073644135332772,13544.940328403074,94.45633912025174,47.22816956012587,47.22816956012587,47.22816956012587,0.0,1.6431676725154984,12278.188579753938,94.32497018287364,47.16248509143682,47.16248509143682,47.16248509143682,0.0,2.3874672772626644,9997.242544822046,112.8716084761797,56.43580423808985,56.43580423808985,56.43580423808985,0.0,3.6742346141747673,12305.3812903136,79.49842765740716,39.74921382870358,39.74921382870358,39.74921382870358,0.0,1.816590212458495,9336.103951863432,59.51470406546604,29.75735203273302,29.75735203273302,29.75735203273302,0.0,2.4083189157584592,6552.476669168689,57.56735185849702,28.78367592924851,28.78367592924851,28.78367592924851,0.0,1.6733200530681511,4509.493242039509,107.04578459705922,53.52289229852961,53.52289229852961,53.52289229852961,0.0,1.8165902124584952,10748.335475784146,55.82114294781145,27.910571473905726,27.910571473905726,27.910571473905726,0.0,1.51657508881031,5852.740067694788,87.83393421679345,43.916967108396726,43.916967108396726,43.916967108396726,0.0,1.5811388300841898,10229.551099632867,75.55924827577363,37.77962413788681,37.77962413788681,37.77962413788681,0.0,2.04939015319192,7820.997174273879,44.127089185669156,22.063544592834578,22.063544592834578,22.063544592834578,0.0,2.345207879911715,4554.676805219005,59.42053517093228,29.71026758546614,29.71026758546614,29.71026758546614,0.0,1.8165902124584952,6936.935216650074,118.77205058430202,59.38602529215101,59.38602529215101,59.38602529215101,0.0,1.6431676725154984,12429.897252189981
0.0,68.68769904429759,34.343849522148794,34.343849522148794,34.343849522148794,0.0,1.6431676725154982,6027.800038156541,50.52919947911306,25.26459973955653,25.26459973955653,25.26459973955653,0.0,1.7320508075688772,4565.109911053621,72.54515834981684,36.27257917490842,36.27257917490842,36.27257917490842,0.0,1.7888543819998315,8332.453978270747,46.07385375676752,23.03692687838376,23.03692687838376,23.03692687838376,0.0,1.140175425099138,5710.409486192737,56.40921910468182,28.20460955234091,28.20460955234091,28.20460955234091,0.0,1.6733200530681511,5713.404300414946,47.7995815881269,23.89979079406345,23.89979079406345,23.89979079406345,0.0,1.5811388300841898,6179.433088884449,126.41677103928892,63.20838551964446,63.20838551964446,63.20838551964446,0.0,2.073644135332772,13549.531198532295,94.45633912025174,47.22816956012587,47.22816956012587,47.22816956012587,0.0,1.6431676725154984,12276.800959533392,94.82193838980514,47.41096919490257,47.41096919490257,47.41096919490257,0.0,2.3874672772626644,9994.424760835413,112.8716084761797,56.43580423808985,56.43580423808985,56.43580423808985,0.0,3.6742346141747673,12304.355639366086,80.10742787032923,40.053713935164616,40.053713935164616,40.053713935164616,0.0,1.816590212458495,9335.048885785227,59.51470406546604,29.75735203273302,29.75735203273302,29.75735203273302,0.0,2.4083189157584592,6553.501277942959,58.26491225428903,29.132456127144515,29.132456127144515,29.132456127144515,0.0,1.6733200530681511,4512.421168286489,107.01401777337398,53.50700888668699,53.50700888668699,53.50700888668699,0.0,1.8165902124584952,10753.243822214765,56.096345692032386,28.048172846016193,28.048172846016193,28.048172846016193,0.0,1.51657508881031,5853.199185061107,87.63560920082658,43.81780460041329,43.81780460041329,43.81780460041329,0.0,1.5811388300841898,10226.479648442079,76.12621099200985,38.06310549600492,38.06310549600492,38.06310549600492,0.0,2.04939015319192,7822.473758345246,44.127089185669156,22.063544592834578,22.063544592834578,22.063544592834578,0.0,2.345207879911715,4552.506046124486,60.13318551349163,30.066592756745816,30.066592756745816,30.066592756745816,0.0,1.8165902124584952,6931.88387092571,118.94200267357196,59.47100133678598,59.47100133678598,59.47100133678598,0.0,1.6431676725154984,12429.929372285269
0.0,68.68769904429759,34.343849522148794,34.343849522148794,34.343849522148794,0.0,1.6431676725154982,6026.546747516359,50.52919947911306,25.26459973955653,25.26459973955653,25.26459973955653,0.0,1.7320508075688772,4560.6773948614255,72.04998265093477,36.02499132546738,36.02499132546738,36.02499132546738,0.0,1.7888543819998315,8332.797381432001,46.151923036857305,23.075961518428652,23.075961518428652,23.075961518428652,0.0,1.140175425099138,5710.394802463311,56.73799432479086,28.36899716239543,28.36899716239543,28.36899716239543,0.0,1.6733200530681511,5715.721756698798,47.7995815881269,23.89979079406345,23.89979079406345,23.89979079406345,0.0,1.5811388300841898,6180.537816404007,126.41677103928892,63.20838551964446,63.20838551964446,63.20838551964446,0.0,2.073644135332772,13550.458173065588,94.45633912025174,47.22816956012587,47.22816956012587,47.22816956012587,0.0,1.6431676725154984,12276.975474439947,94.86200503889847,47.43100251944924,47.43100251944924,47.43100251944924,0.0,2.3874672772626644,9991.555474499453,113.16006362670534,56.58003181335267,56.58003181335267,56.58003181335267,0.0,3.2710854467592254,12299.83027118667,80.14985963805552,40.07492981902776,40.07492981902776,40.07492981902776,0.0,1.816590212458495,9337.293167722646,58.814964082280966,29.407482041140483,29.407482041140483,29.407482041140483,0.0,2.16794833886788,6553.617649817542,58.26491225428903,29.132456127144515,29.132456127144515,29.132456127144515,0.0,1.6733200530681511,4513.143505362975,107.60669124176248,53.80334562088124,53.80334562088124,53.80334562088124,0.0,1.8165902124584952,10755.64294684423,55.58057214530991,27.790286072654954,27.790286072654954,27.790286072654954,0.0,1.51657508881031,5852.009330136103,87.44598332685155,43.72299166342577,43.72299166342577,43.72299166342577,0.0,1.5811388300841898,10226.997858609338,75.41087454737546,37.70543727368773,37.70543727368773,37.70543727368773,0.0,2.04939015319192,7825.0584151174235,44.127089185669156,22.063544592834578,22.063544592834578,22.063544592834578,0.0,2.345207879911715,4553.279444532259,60.850636808500205,30.425318404250103,30.425318404250103,30.425318404250103,0.0,1.8165902124584952,6933.578174362787,118.57993084835225,59.289965424176124,59.289965424176124,59.289965424176124,0.0,1.6431676725154984,12428.1690043224
0.0,68.68769904429759,34.343849522148794,34.343849522148794,34.343849522148794,0.0,1.6431676725154982,6027.6296916781475,50.52919947911306,25.26459973955653,25.26459973955653,25.26459973955653,0.0,1.7320508075688772,4557.2126020189135,72.64433907745324,36.32216953872662,36.32216953872662,36.32216953872662,0.0,1.7888543819998315,8334.049183920142,45.63770371085732,22.81885185542866,22.81885185542866,22.81885185542866,0.0,1.140175425099138,5711.754397731051,57.452589149663225,28.726294574831613,28.726294574831613,28.726294574831613,0.0,1.6733200530681511,5715.768163597961,34.31034829318991,17.155174146594955,17.155174146594955,17.155174146594955,0.0,3.1144823004794873,3969.7369938070206,126.88104665394276,63.44052332697138,63.44052332697138,63.44052332697138,0.0,2.073644135332772,13550.909958375489,94.1636872685007,47.08184363425035,47.08184363425035,47.08184363425035,0.0,1.6431676725154984,12278.599716580064,94.9799978942935,47.48999894714675,47.48999894714675,47.48999894714675,0.0,2.3874672772626644,9990.58312612432,112.89286957111153,56.446434785555766,56.446434785555766,56.446434785555766,0.0,3.2710854467592254,12298.55503707651,79.46823264676269,39.73411632338134,39.73411632338134,39.73411632338134,0.0,1.816590212458495,9338.12916488094,58.69582608669887,29.347913043349436,29.347913043349436,29.347913043349436,0.0,2.16794833886788,6557.971508019838,57.66454716721532,28.83227358360766,28.83227358360766,28.83227358360766,0.0,1.6733200530681511,4515.693114019154,107.1690253758053,53.58451268790265,53.58451268790265,53.58451268790265,0.0,1.8165902124584952,10753.83272140682,55.86412086482701,27.932060432413504,27.932060432413504,27.932060432413504,0.0,1.51657508881031,5851.397978261263,88.31307943900497,44.15653971950248,44.15653971950248,44.15653971950248,0.0,1.5811388300841898,10227.071721661094,76.22335600063802,38.11167800031901,38.11167800031901,38.11167800031901,0.0,1.7888543819998315,8278.966469312458,44.127089185669156,22.063544592834578,22.063544592834578,22.063544592834578,0.0,2.345207879911715,4556.847517747329,59.642266891861176,29.821133445930588,29.821133445930588,29.821133445930588,0.0,1.8165902124584952,6932.9164642306205,118.57993084835225,59.289965424176124,59.289965424176124,59.289965424176124,0.0,1.6431676725154984,12424.766001820717
0.0,68.2143679879833,34.10718399399165,34.10718399399165,34.10718399399165,0.0,1.6431676725154982,6027.213643135607,50.52919947911306,25.26459973955653,25.26459973955653,25.26459973955653,0.0,1.7320508075688772,4557.369493468793,72.9520390393579,36.47601951967895,36.47601951967895,36.47601951967895,0.0,1.7888543819998315,8336.292191376211,45.63770371085732,22.81885185542866,22.81885185542866,22.81885185542866,0.0,1.140175425099138,5708.348561536865,57.522169639192164,28.761084819596082,28.761084819596082,28.761084819596082,0.0,1.6733200530681511,5715.7532749411075,34.31034829318991,17.155174146594955,17.155174146594955,17.155174146594955,0.0,3.1144823004794873,3971.2001586422207,126.6175343307553,63.30876716537765,63.30876716537765,63.30876716537765,0.0,2.073644135332772,13547.757065285752,94.87254608157198,47.43627304078599,47.43627304078599,47.43627304078599,0.0,1.6431676725154984,12277.964786559702,95.10625636623492,47.55312818311746,47.55312818311746,47.55312818311746,0.0,2.3874672772626644,9993.448904157161,115.11385668111376,57.55692834055688,57.55692834055688,57.55692834055688,0.0,4.08656334834051,12365.67121105846,79.1252172192911,39.56260860964555,39.56260860964555,39.56260860964555,0.0,1.816590212458495,9335.067718018976,58.69582608669887,29.347913043349436,29.347913043349436,29.347913043349436,0.0,2.16794833886788,6557.710004262159,58.08614292583042,29.04307146291521,29.04307146291521,29.04307146291521,0.0,1.6733200530681511,4513.442012477838,106.73706010566339,53.368530052831694,53.368530052831694,53.368530052831694,0.0,1.8165902124584952,10753.047512217177,56.586217403180434,28.293108701590217,28.293108701590217,28.293108701590217,0.0,1.51657508881031,5849.571676627273,88.31307943900497,44.15653971950248,44.15653971950248,44.15653971950248,0.0,1.5811388300841898,10223.887386899369,75.9789444517361,37.98947222586805,37.98947222586805,37.98947222586805,0.0,1.7888543819998315,8278.302525276544,44.127089185669156,22.063544592834578,22.063544592834578,22.063544592834578,0.0,2.345207879911715,4558.196408668674,60.3721790231229,30.18608951156145,30.18608951156145,30.18608951156145,0.0,1.8165902124584952,6932.819433679201,119.02940813093208,59.51470406546604,59.51470406546604,59.51470406546604,0.0,1.6431676725154984,12423.16128447184
0.0,68.62361109705608,34.31180554852804,34.31180554852804,34.31180554852804,0.0,1.6431676725154982,6024.667999151488,50.52919947911306,25.26459973955653,25.26459973955653,25.26459973955653,0.0,1.7320508075688772,4556.061424081111,73.54454432519111,36.772272162595556,36.772272162595556,36.772272162595556,0.0,1.7888543819998315,8334.854695794043,45.63770371085732,22.81885185542866,22.81885185542866,22.81885185542866,0.0,1.140175425099138,5707.918420930699,57.09640969448079,28.548204847240395,28.548204847240395,28.548204847240395,0.0,1.6733200530681511,5718.916872975162,34.12916641232247,17.064583206161235,17.064583206161235,17.064583206161235,0.0,2.701851217221259,3973.4849691423274,127.62915027531916,63.81457513765958,63.81457513765958,63.81457513765958,0.0,2.073644135332772,13547.790679664342,94.58329662260668,47.29164831130334,47.29164831130334,47.29164831130334,0.0,1.6431676725154984,12279.46930042174,95.72878355019456,47.86439177509728,47.86439177509728,47.86439177509728,0.0,2.3874672772626644,9990.341100282812,114.60366486286553,57.301832431432764,57.301832431432764,57.301832431432764,0.0,3.6742346141747673,12365.480892387484,79.41032678436729,39.70516339218364,39.70516339218364,39.70516339218364,0.0,1.816590212458495,9332.79029551184,59.218240433163835,29.609120216581918,29.609120216581918,29.609120216581918,0.0,2.16794833886788,6560.657566128566,58.26834475081646,29.13417237540823,29.13417237540823,29.13417237540823,0.0,1.6733200530681511,4515.791314930308,107.59182125050214,53.79591062525107,53.79591062525107,53.79591062525107,0.0,1.8165902124584952,10752.813757338123,56.238776658103085,28.119388329051542,28.119388329051542,28.119388329051542,0.0,1.51657508881031,5850.078230246156,88.38551917593742,44.19275958796871,44.19275958796871,44.19275958796871,0.0,1.5811388300841898,10222.353872763357,76.50620889836327,38.253104449181635,38.253104449181635,38.253104449181635,0.0,1.7888543819998315,8280.409367899632,44.127089185669156,22.063544592834578,22.063544592834578,22.063544592834578,0.0,2.345207879911715,4559.092453548184,60.68607748075336,30.34303874037668,30.34303874037668,30.34303874037668,0.0,1.8165902124584952,7087.590824814875,118.67940006589181,59.339700032945906,59.339700032945906,59.339700032945906,0.0,1.6431676725154984,12424.55501416449
0.0,69.46941773183363,34.734708865916815,34.734708865916815,34.734708865916815,0.0,1.6431676725154982,6025.9075084173,50.52919947911306,25.26459973955653,25.26459973955653,25.26459973955653,0.0,1.7320508075688772,4556.562212896912,74.14310487159275,37.07155243579638,37.07155243579638,37.07155243579638,0.0,1.7888543819998315,8334.568267162973,35.79385422108103,17.896927110540513,17.896927110540513,17.896927110540513,0.0,1.0,4330.23024791985,56.68156666853873,28.340783334269364,28.340783334269364,28.340783334269364,0.0,1.6733200530681511,5717.481508496551,34.71022903986662,17.35511451993331,17.35511451993331,17.35511451993331,0.0,3.1144823004794873,4001.783814750617,127.17232403317949,63.586162016589746,63.586162016589746,63.586162016589746,0.0,2.073644135332772,13545.147223267822,94.1636872685007,47.08184363425035,47.08184363425035,47.08184363425035,0.0,1.6431676725154984,12281.026312975639,95.72878355019456,47.86439177509728,47.86439177509728,47.86439177509728,0.0,2.3874672772626644,9990.908527256168,114.37132507757353,57.185662538786765,57.185662538786765,57.185662538786765,0.0,3.6742346141747673,12364.749766978708,78.78578551997816,39.39289275998908,39.39289275998908,39.39289275998908,0.0,1.816590212458495,9328.275280028995,59.1100668245266,29.5550334122633,29.5550334122633,29.5550334122633,0.0,2.16794833886788,6558.3113146602,57.661078727335656,28.830539363667828,28.830539363667828,28.830539363667828,0.0,1.6733200530681511,4519.721064402094,107.46534325074293,53.73267162537147,53.73267162537147,53.73267162537147,0.0,1.8165902124584952,10749.402248497356,56.52610016620641,28.263050083103206,28.263050083103206,28.263050083103206,0.0,1.51657508881031,5849.314105089587,89.22555687693969,44.612778438469846,44.612778438469846,44.612778438469846,0.0,1.5811388300841898,10223.259499787728,76.50620889836327,38.253104449181635,38.253104449181635,38.253104449181635,0.0,1.7888543819998315,8277.940595341332,43.48333013926141,21.741665069630706,21.741665069630706,21.741665069630706,0.0,2.04939015319192,4558.810184686351,60.68607748075336,30.34303874037668,30.34303874037668,30.34303874037668,0.0,1.8165902124584952,7092.290483334703,118.84948464339256,59.42474232169628,59.42474232169628,59.42474232169628,0.0,1.6431676725154984,12423.598480311572
0.0,69.56148359544957,34.78074179772479,34.78074179772479,34.78074179772479,0.0,1.6431676725154982,6026.512109006337,50.52919947911306,25.26459973955653,25.26459973955653,25.26459973955653,0.0,1.7320508075688772,4553.460409402941,74.14310487159275,37.07155243579638,37.07155243579638,37.07155243579638,0.0,1.7888543819998315,8337.023527614636,35.05994865940337,17.529974329701684,17.529974329701684,17.529974329701684,0.0,1.0,4332.995649663175,55.526570216428816,27.763285108214408,27.763285108214408,27.763285108214408,0.0,1.51657508881031,5719.12028200142,35.12833614050059,17.564168070250297,17.564168070250297,17.564168070250297,0.0,2.701851217221259,3999.3599112858046,127.91403363196706,63.95701681598353,63.95701681598353,63.95701681598353,0.0,2.073644135332772,13545.269347635727,94.63191850533306,47.31595925266653,47.31595925266653,47.31595925266653,0.0,1.6431676725154984,12275.97571682186,95.72878355019456,47.86439177509728,47.86439177509728,47.86439177509728,0.0,2.3874672772626644,9992.566161902558,113.88239547884474,56.94119773942237,56.94119773942237,56.94119773942237,0.0,3.2710854467592254,12360.101686474913,79.04935167349572,39.52467583674786,39.52467583674786,39.52467583674786,0.0,1.816590212458495,9324.830631169662,59.1100668245266,29.5550334122633,29.5550334122633,29.5550334122633,0.0,2.16794833886788,6560.273241260611,57.64373339748216,28.82186669874108,28.82186669874108,28.82186669874108,0.0,1.6733200530681511,4518.0638331037335,107.46534325074293,53.73267162537147,53.73267162537147,53.73267162537147,0.0,1.8165902124584952,10753.582365890912,56.366656810564876,28.183328405282438,28.183328405282438,28.183328405282438,0.0,1.51657508881031,5844.904216494911,88.73556220591607,44.367781102958034,44.367781102958034,44.367781102958034,0.0,1.5811388300841898,10224.161408154705,76.50620889836327,38.253104449181635,38.253104449181635,38.253104449181635,0.0,1.7888543819998315,8276.76155268472,44.01363425121811,22.006817125609054,22.006817125609054,22.006817125609054,0.0,2.04939015319192,4557.410854860465,60.639920844275515,30.319960422137758,30.319960422137758,30.319960422137758,0.0,1.8165902124584952,7088.41423027746,118.57993084835225,59.289965424176124,59.289965424176124,59.289965424176124,0.0,1.6431676725154984,12423.189236262966
0.0,69.56148359544957,34.78074179772479,34.78074179772479,34.78074179772479,0.0,1.6431676725154982,6028.033302827715,50.68727650998819,25.343638254994094,25.343638254994094,25.343638254994094,0.0,1.7320508075688772,4551.8307635499805,73.65595698923475,36.827978494617376,36.827978494617376,36.827978494617376,0.0,1.7888543819998315,8335.848439121239,35.33836442168765,17.669182210843825,17.669182210843825,17.669182210843825,0.0,1.0,4333.531642898203,56.19608527290847,28.098042636454235,28.098042636454235,28.098042636454235,0.0,1.51657508881031,5721.249793532878,35.12833614050059,17.564168070250297,17.564168070250297,17.564168070250297,0.0,2.701851217221259,4000.1792084855397,127.46293578919324,63.73146789459662,63.73146789459662,63.73146789459662,0.0,2.073644135332772,13542.974433262436,94.48809448814173,47.24404724407086,47.24404724407086,47.24404724407086,0.0,1.4142135623730951,12278.183049620982,95.21974585137265,47.609872925686325,47.609872925686325,47.609872925686325,0.0,2.3874672772626644,9990.93054725134,113.39841268730352,56.69920634365176,56.69920634365176,56.69920634365176,0.0,3.2710854467592254,12356.3696448431,78.12297997388477,39.061489986942384,39.061489986942384,39.061489986942384,0.0,1.816590212458495,9326.236539998328,59.05251899792252,29.52625949896126,29.52625949896126,29.52625949896126,0.0,2.16794833886788,6560.166667090098,57.403832624660176,28.701916312330088,28.701916312330088,28.701916312330088,0.0,1.6733200530681511,4518.731868566667,110.73752751438872,55.36876375719436,55.36876375719436,55.36876375719436,0.0,1.7888543819998315,11006.327884449018,55.59496380068972,27.79748190034486,27.79748190034486,27.79748190034486,0.0,1.4832396974191326,5877.753967290567,88.53699791612544,44.26849895806272,44.26849895806272,44.26849895806272,0.0,1.5811388300841898,10217.733050926707,76.22335600063802,38.11167800031901,38.11167800031901,38.11167800031901,0.0,1.7888543819998315,8274.880947784082,44.52864246751747,22.264321233758736,22.264321233758736,22.264321233758736,0.0,2.04939015319192,4558.028597979614,60.639920844275515,30.319960422137758,30.319960422137758,30.319960422137758,0.0,1.8165902124584952,7086.812774442401,118.3165246277966,59.1582623138983,59.1582623138983,59.1582623138983,0.0,1.6431676725154984,12423.497929327314
0.0,68.88541209864394,34.44270604932197,34.44270604932197,34.44270604932197,0.0,1.6431676725154982,6029.918631291803,50.68727650998819,25.343638254994094,25.343638254994094,25.343638254994094,0.0,1.7320508075688772,4552.668810708726,73.70210309075311,36.851051545376556,36.851051545376556,36.851051545376556,0.0,1.7888543819998315,8338.737986050408,35.33836442168765,17.669182210843825,17.669182210843825,17.669182210843825,0.0,1.0,4330.393769624189,57.0368302064552,28.5184151032276,28.5184151032276,28.5184151032276,0.0,1.51657508881031,5722.629666508222,34.94567212116545,17.472836060582726,17.472836060582726,17.472836060582726,0.0,2.3021728866442674,3997.7375101424554,126.43891805927477,63.219459029637385,63.219459029637385,63.219459029637385,0.0,2.073644135332772,13547.176576689328,94.35676976242881,47.178384881214406,47.178384881214406,47.178384881214406,0.0,1.4142135623730951,12275.17439794645,95.21974585137265,47.609872925686325,47.609872925686325,47.609872925686325,0.0,2.3874672772626644,9991.414549501987,115.08605475903673,57.543027379518364,57.543027379518364,57.543027379518364,0.0,4.08656334834051,12418.428471429064,78.12297997388477,39.061489986942384,39.061489986942384,39.061489986942384,0.0,1.816590212458495,9323.753037269917,59.05251899792252,29.52625949896126,29.52625949896126,29.52625949896126,0.0,2.16794833886788,6557.165813062836,57.31666424348158,28.65833212174079,28.65833212174079,28.65833212174079,0.0,1.6733200530681511,4519.865683845041,110.73752751438872,55.36876375719436,55.36876375719436,55.36876375719436,0.0,1.7888543819998315,11007.794020601948,55.59496380068972,27.79748190034486,27.79748190034486,27.79748190034486,0.0,1.4832396974191326,5882.2151014732535,88.53699791612544,44.26849895806272,44.26849895806272,44.26849895806272,0.0,1.5811388300841898,10216.729946514199,76.50620889836327,38.253104449181635,38.253104449181635,38.253104449181635,0.0,1.7888543819998315,8274.102519306853,45.05552130427524,22.52776065213762,22.52776065213762,22.52776065213762,0.0,2.04939015319192,4560.537939761054,61.390553019173886,30.695276509586943,30.695276509586943,30.695276509586943,0.0,1.8165902124584952,7089.526803673148,118.31821499667751,59.159107498338756,59.159107498338756,59.159107498338756,0.0,1.6431676725154984,12427.547195645648
0.0,68.88541209864394,34.44270604932197,34.44270604932197,34.44270604932197,0.0,1.6431676725154982,6029.144607653726,50.68727650998819,25.343638254994094,25.343638254994094,25.343638254994094,0.0,1.7320508075688772,4549.702133107177,73.29938608201299,36.64969304100649,36.64969304100649,36.64969304100649,0.0,1.7888543819998315,8339.810189686574,35.91656999213594,17.95828499606797,17.95828499606797,17.95828499606797,0.0,1.0,4329.300925091717,57.67841884101887,28.839209420509434,28.839209420509434,28.839209420509434,0.0,1.51657508881031,5724.33188241213,35.372305551094634,17.686152775547317,17.686152775547317,17.686152775547317,0.0,2.3021728866442674,3993.3162283996494,126.43891805927477,63.219459029637385,63.219459029637385,63.219459029637385,0.0,2.073644135332772,13542.948416057709,94.02765550623923,47.013827753119614,47.013827753119614,47.013827753119614,0.0,1.4142135623730951,12275.580853874084,94.1658112055538,47.0829056027769,47.0829056027769,47.0829056027769,0.0,2.3874672772626644,9992.756011231337,114.36433010340244,57.18216505170122,57.18216505170122,57.18216505170122,0.0,3.6742346141747673,12421.010800252932,78.40153059730403,39.200765298652016,39.200765298652016,39.200765298652016,0.0,1.816590212458495,9326.652116381312,59.05251899792252,29.52625949896126,29.52625949896126,29.52625949896126,0.0,2.16794833886788,6560.891273295115,57.31666424348158,28.65833212174079,28.65833212174079,28.65833212174079,0.0,1.6733200530681511,4520.879261825071,111.38761151941449,55.693805759707246,55.693805759707246,55.693805759707246,0.0,1.7888543819998315,11004.32604933169,55.59496380068972,27.79748190034486,27.79748190034486,27.79748190034486,0.0,1.4832396974191326,5883.626874641185,87.89311690911866,43.94655845455933,43.94655845455933,43.94655845455933,0.0,1.5811388300841898,10214.383990236513,76.34657818134353,38.173289090671766,38.173289090671766,38.173289090671766,0.0,1.7888543819998315,8273.011259511255,45.05552130427524,22.52776065213762,22.52776065213762,22.52776065213762,0.0,2.04939015319192,4561.526356385546,36.07214992206592,18.03607496103296,18.03607496103296,18.03607496103296,0.0,1.3038404810405297,3572.0668806728686,117.70641443863626,58.85320721931813,58.85320721931813,58.85320721931813,0.0,1.6431676725154984,12425.804951792861
0.0,67.2517657760746,33.6258828880373,33.6258828880373,33.6258828880373,0.0,1.224744871391589,6028.27075536592,49.84776825495802,24.92388412747901,24.92388412747901,24.92388412747901,0.0,1.7320508075688772,4549.748091927728,72.74063513607783,36.370317568038914,36.370317568038914,36.370317568038914,0.0,1.7888543819998315,8338.846341071407,35.91656999213594,17.95828499606797,17.95828499606797,17.95828499606797,0.0,1.0,4330.567595592984,57.982756057296896,28.991378028648448,28.991378028648448,28.991378028648448,0.0,1.51657508881031,5723.315603738798,34.739027044521556,17.369513522260778,17.369513522260778,17.369513522260778,0.0,2.3874672772626644,3996.3970648572945,126.7091156941757,63.35455784708785,63.35455784708785,63.35455784708785,0.0,1.8165902124584952,13540.721738518962,93.73793255667633,46.86896627833816,46.86896627833816,46.86896627833816,0.0,1.4142135623730951,12276.239273490884,94.73119866232032,47.36559933116016,47.36559933116016,47.36559933116016,0.0,2.3874672772626644,9991.399916928558,114.36433010340244,57.18216505170122,57.18216505170122,57.18216505170122,0.0,3.6742346141747673,12424.07356707131,76.67594146797286,38.33797073398643,38.33797073398643,38.33797073398643,0.0,1.4832396974191324,9327.067690330117,59.01525226583379,29.507626132916894,29.507626132916894,29.507626132916894,0.0,2.16794833886788,6560.709168984707,58.02413291036756,29.01206645518378,29.01206645518378,29.01206645518378,0.0,1.6733200530681511,4522.849621643417,112.0446339634344,56.0223169817172,56.0223169817172,56.0223169817172,0.0,1.7888543819998315,11004.589188152368,55.21956175124898,27.60978087562449,27.60978087562449,27.60978087562449,0.0,1.4832396974191326,5885.400980392075,89.34651644020599,44.673258220102994,44.673258220102994,44.673258220102994,0.0,1.5811388300841898,10211.547693665245,76.34657818134353,38.173289090671766,38.173289090671766,38.173289090671766,0.0,1.7888543819998315,8276.049208408564,44.01363425121811,22.006817125609054,22.006817125609054,22.006817125609054,0.0,2.04939015319192,4558.857696835908,36.07214992206592,18.03607496103296,18.03607496103296,18.03607496103296,0.0,1.3038404810405297,3575.4982589843335,116.97350127272415,58.486750636362075,58.486750636362075,58.486750636362075,0.0,1.6431676725154984,12428.565733824638
0.0,67.44775756094491,33.723878780472454,33.723878780472454,33.723878780472454,0.0,1.224744871391589,6030.259380822686,50.0479769820919,25.02398849104595,25.02398849104595,25.02398849104595,0.0,1.7320508075688772,4551.668122787512,72.79285679240786,36.39642839620393,36.39642839620393,36.39642839620393,0.0,1.7888543819998315,8334.685069035302,35.597752738059185,17.798876369029593,17.798876369029593,17.798876369029593,0.0,1.0,4328.4792595090485,57.982756057296896,28.991378028648448,28.991378028648448,28.991378028648448,0.0,1.51657508881031,5723.942810685656,35.77708763999664,17.88854381999832,17.88854381999832,17.88854381999832,0.0,3.2093613071762426,4078.9096950042913,126.43891805927477,63.219459029637385,63.219459029637385,63.219459029637385,0.0,1.8165902124584952,13542.550812162382,92.71030147723607,46.355150738618036,46.355150738618036,46.355150738618036,0.0,1.3038404810405297,12273.250152262031,94.32497018287364,47.16248509143682,47.16248509143682,47.16248509143682,0.0,2.3874672772626644,9991.739273019488,113.87712676389407,56.938563381947034,56.938563381947034,56.938563381947034,0.0,3.7013511046643495,12423.016896068362,76.67594146797286,38.33797073398643,38.33797073398643,38.33797073398643,0.0,1.4832396974191324,9327.45867318639,58.811563488824206,29.405781744412103,29.405781744412103,29.405781744412103,0.0,2.16794833886788,6563.517867729164,58.02413291036756,29.01206645518378,29.01206645518378,29.01206645518378,0.0,1.6733200530681511,4524.843942060323,112.1837777934047,56.09188889670235,56.09188889670235,56.09188889670235,0.0,1.7888543819998315,11001.746147771271,55.21956175124898,27.60978087562449,27.60978087562449,27.60978087562449,0.0,1.4832396974191326,5884.189706323208,89.15155635209068,44.57577817604534,44.57577817604534,44.57577817604534,0.0,1.5811388300841898,10210.593019017064,75.75486783039094,37.87743391519547,37.87743391519547,37.87743391519547,0.0,1.7888543819998315,8272.378908149698,44.42071588797281,22.210357943986406,22.210357943986406,22.210357943986406,0.0,2.04939015319192,4560.957980512428,36.066605052319524,18.033302526159762,18.033302526159762,18.033302526159762,0.0,1.3038404810405297,3571.1411061452054,117.42742439481503,58.71371219740752,58.71371219740752,58.71371219740752,0.0,1.6431676725154984,12428.549826910621
0.0,66.58227992491696,33.29113996245848,33.29113996245848,33.29113996245848,0.0,1.224744871391589,6034.477632736739,50.21155245558536,25.10577622779268,25.10577622779268,25.10577622779268,0.0,1.7320508075688772,4548.950043691401,72.79285679240786,36.39642839620393,36.39642839620393,36.39642839620393,0.0,1.7888543819998315,8329.856079188883,35.42315626818141,17.711578134090704,17.711578134090704,17.711578134090704,0.0,1.0,4325.896808755382,58.21683605281208,29.10841802640604,29.10841802640604,29.10841802640604,0.0,1.51657508881031,5723.397443826525,35.6202189774291,17.81010948871455,17.81010948871455,17.81010948871455,0.0,3.2093613071762426,4078.256024331969,126.13484847574837,63.067424237874185,63.067424237874185,63.067424237874185,0.0,1.8165902124584952,13547.670770283725,92.71030147723607,46.355150738618036,46.355150738618036,46.355150738618036,0.0,1.3038404810405297,12274.946423508332,94.32497018287364,47.16248509143682,47.16248509143682,47.16248509143682,0.0,2.3874672772626644,9992.459031689847,114.34509171800947,57.172545859004735,57.172545859004735,57.172545859004735,0.0,4.123105625617661,12470.31432242187,76.67594146797286,38.33797073398643,38.33797073398643,38.33797073398643,0.0,1.4832396974191324,9326.357289960533,59.23850099386378,29.61925049693189,29.61925049693189,29.61925049693189,0.0,2.16794833886788,6564.280958338088,57.79273310719956,28.89636655359978,28.89636655359978,28.89636655359978,0.0,1.6733200530681511,4525.328021259896,112.1837777934047,56.09188889670235,56.09188889670235,56.09188889670235,0.0,1.7888543819998315,10996.839464136958,55.641710972974224,27.820855486487112,27.820855486487112,27.820855486487112,0.0,1.4832396974191326,5881.458858140555,89.88214505673527,44.941072528367634,44.941072528367634,44.941072528367634,0.0,1.5811388300841898,10209.392650887712,75.1398695766768,37.5699347883384,37.5699347883384,37.5699347883384,0.0,1.4142135623730951,8268.376037650925,44.31703961232068,22.15851980616034,22.15851980616034,22.15851980616034,0.0,2.04939015319192,4561.459360774795,36.39780213144744,18.19890106572372,18.19890106572372,18.19890106572372,0.0,1.3038404810405297,3568.776541057173,117.42742439481503,58.71371219740752,58.71371219740752,58.71371219740752,0.0,1.6431676725154984,12424.327877193196
0.0,66.58227992491696,33.29113996245848,33.29113996245848,33.29113996245848,0.0,1.224744871391589,6035.8750649760805,50.68727650998819,25.343638254994094,25.343638254994094,25.343638254994094,0.0,1.7320508075688772,4545.646081691799,72.79285679240786,36.39642839620393,36.39642839620393,36.39642839620393,0.0,1.7888543819998315,8332.295860085624,35.52463933666322,17.76231966833161,17.76231966833161,17.76231966833161,0.0,0.8366600265340757,4324.742327584385,58.872744118140105,29.436372059070052,29.436372059070052,29.436372059070052,0.0,1.51657508881031,5727.831500664104,35.5696499842211,17.78482499211055,17.78482499211055,17.78482499211055,0.0,2.792848008753788,4074.321820867861,125.68532133865115,62.842660669325575,62.842660669325575,62.842660669325575,0.0,1.8165902124584952,13545.640509034632,92.71030147723607,46.355150738618036,46.355150738618036,46.355150738618036,0.0,1.3038404810405297,12270.26909647869,94.32497018287364,47.16248509143682,47.16248509143682,47.16248509143682,0.0,2.3874672772626644,9989.54059003716,114.57399355874787,57.286996779373936,57.286996779373936,57.286996779373936,0.0,4.123105625617661,12469.087163862478,75.5566012999526,37.7783006499763,37.7783006499763,37.7783006499763,0.0,1.4832396974191324,9329.184889367345,59.16755867872191,29.583779339360955,29.583779339360955,29.583779339360955,0.0,2.16794833886788,6564.5056401834245,56.47300239937664,28.23650119968832,28.23650119968832,28.23650119968832,0.0,1.4832396974191326,4525.347036416102,112.35123497318575,56.17561748659288,56.17561748659288,56.17561748659288,0.0,1.5165750888103102,10995.065334048724,54.72842040475862,27.36421020237931,27.36421020237931,27.36421020237931,0.0,1.4832396974191326,5878.521098031374,89.20089685647785,44.60044842823893,44.60044842823893,44.60044842823893,0.0,1.5811388300841898,10210.061449374338,74.53053065690597,37.26526532845298,37.26526532845298,37.26526532845298,0.0,1.4142135623730951,8271.28844255839,44.31703961232068,22.15851980616034,22.15851980616034,22.15851980616034,0.0,2.04939015319192,4559.8573661903065,36.80760790923529,18.403803954617644,18.403803954617644,18.403803954617644,0.0,1.3038404810405297,3565.4232147109833,117.42742439481503,58.71371219740752,58.71371219740752,58.71371219740752,0.0,1.6431676725154984,12422.61092524434
0.0,66.58227992491696,33.29113996245848,33.29113996245848,33.29113996245848,0.0,1.224744871391589,6039.4431448602945,50.34679731621467,25.173398658107335,25.173398658107335,25.173398658107335,0.0,1.7320508075688772,4544.667996674784,73.39754764295603,36.698773821478014,36.698773821478014,36.698773821478014,0.0,1.7888543819998315,8334.7003365448,35.52463933666322,17.76231966833161,17.76231966833161,17.76231966833161,0.0,0.8366600265340757,4326.3620051955895,59.20135133592814,29.60067566796407,29.60067566796407,29.60067566796407,0.0,1.6431676725154984,5725.427931604763,34.785054261852174,17.392527130926087,17.392527130926087,17.392527130926087,0.0,2.3874672772626644,4071.351618320383,125.68532133865115,62.842660669325575,62.842660669325575,62.842660669325575,0.0,1.8165902124584952,13545.57386381249,91.6515138991168,45.8257569495584,45.8257569495584,45.8257569495584,0.0,1.3038404810405297,12269.58034327173,95.67653839891993,47.838269199459965,47.838269199459965,47.838269199459965,0.0,2.3874672772626644,9986.541608585027,114.06664718488048,57.03332359244024,57.03332359244024,57.03332359244024,0.0,3.7013511046643495,12469.042565489943,75.5566012999526,37.7783006499763,37.7783006499763,37.7783006499763,0.0,1.4832396974191324,9335.597152833878,59.16755867872191,29.583779339360955,29.583779339360955,29.583779339360955,0.0,2.16794833886788,6568.051560394452,57.19090836837618,28.59545418418809,28.59545418418809,28.59545418418809,0.0,1.4832396974191326,4528.202237091448,112.26397463122353,56.13198731561177,56.13198731561177,56.13198731561177,0.0,1.5165750888103102,10994.29639858777,54.19594080740734,27.09797040370367,27.09797040370367,27.09797040370367,0.0,1.4832396974191326,5878.301727540022,89.01685233707154,44.50842616853577,44.50842616853577,44.50842616853577,0.0,1.5811388300841898,10212.566636257508,74.31823463995899,37.159117319979494,37.159117319979494,37.159117319979494,0.0,1.4142135623730951,8273.604456341867,43.80410939626555,21.902054698132776,21.902054698132776,21.902054698132776,0.0,2.04939015319192,4558.530541742592,36.80760790923529,18.403803954617644,18.403803954617644,18.403803954617644,0.0,1.3038404810405297,3564.3929637457204,116.97350127272415,58.486750636362075,58.486750636362075,58.486750636362075,0.0,1.4142135623730951,12422.783798327975
0.0,66.78922068717377,33.39461034358688,33.39461034358688,33.39461034358688,0.0,1.224744871391589,6042.109135062027,50.34679731621467,25.173398658107335,25.173398658107335,25.173398658107335,0.0,1.7320508075688772,4544.012566003752,73.01506693826967,36.507533469134835,36.507533469134835,36.507533469134835,0.0,1.7888543819998315,8337.974406293173,34.01764248151244,17.00882124075622,17.00882124075622,17.00882124075622,0.0,0.8366600265340757,4325.810478973854,58.797959148256155,29.398979574128077,29.398979574128077,29.398979574128077,0.0,1.6431676725154984,5727.064038405717,34.652561232901675,17.326280616450838,17.326280616450838,17.326280616450838,0.0,2.3874672772626644,4090.9087376767525,125.9650745246475,62.98253726232375,62.98253726232375,62.98253726232375,0.0,1.8165902124584952,13548.75782129122,92.09343081892432,46.04671540946216,46.04671540946216,46.04671540946216,0.0,1.3038404810405297,12271.515379120869,95.67653839891993,47.838269199459965,47.838269199459965,47.838269199459965,0.0,2.3874672772626644,9984.985713560136,114.30135607244561,57.15067803622281,57.15067803622281,57.15067803622281,0.0,3.7013511046643495,12468.838049313175,75.0066663703967,37.50333318519835,37.50333318519835,37.50333318519835,0.0,1.4832396974191324,9331.748855386111,60.206311961454674,30.103155980727337,30.103155980727337,30.103155980727337,0.0,2.16794833886788,6562.683886947473,55.903488263255994,27.951744131627997,27.951744131627997,27.951744131627997,0.0,1.4832396974191326,4527.0660808077455,111.69959713445702,55.84979856722851,55.84979856722851,55.84979856722851,0.0,1.5165750888103102,10992.440388739891,54.75399528801528,27.37699764400764,27.37699764400764,27.37699764400764,0.0,1.4832396974191326,5877.53806453008,89.16725856501365,44.58362928250683,44.58362928250683,44.58362928250683,0.0,1.5811388300841898,10209.014364766072,74.00540520799815,37.002702603999076,37.002702603999076,37.002702603999076,0.0,1.4142135623730951,8269.30960237915,43.80410939626555,21.902054698132776,21.902054698132776,21.902054698132776,0.0,2.04939015319192,4556.515247423188,36.80760790923529,18.403803954617644,18.403803954617644,18.403803954617644,0.0,1.3038404810405297,3566.507857835168,115.90858466912621,57.95429233456311,57.95429233456311,57.95429233456311,0.0,1.4142135623730951,12421.356918630108
0.0,66.88796603276258,33.44398301638129,33.44398301638129,33.44398301638129,0.0,1.224744871391589,6039.867192248518,50.84486208064685,25.422431040323424,25.422431040323424,25.422431040323424,0.0,1.7320508075688772,4546.556554140727,73.01506693826967,36.507533469134835,36.507533469134835,36.507533469134835,0.0,1.7888543819998315,8340.497515136612,33.952908564657605,16.976454282328802,16.976454282328802,16.976454282328802,0.0,0.8366600265340757,4327.814483084967,59.42390091537243,29.711950457686214,29.711950457686214,29.711950457686214,0.0,1.6431676725154984,5729.898053194315,34.652561232901675,17.326280616450838,17.326280616450838,17.326280616450838,0.0,2.3874672772626644,4096.5430914369745,126.85740025713912,63.42870012856956,63.42870012856956,63.42870012856956,0.0,1.8165902124584952,13547.50280679063,92.05867694030802,46.02933847015401,46.02933847015401,46.02933847015401,0.0,1.3038404810405297,12273.087765513616,95.67653839891993,47.838269199459965,47.838269199459965,47.838269199459965,0.0,2.3874672772626644,9985.429309749281,114.03858995971495,57.01929497985748,57.01929497985748,57.01929497985748,0.0,3.286335345030997,12469.013525536013,74.95865527075576,37.47932763537788,37.47932763537788,37.47932763537788,0.0,1.4832396974191324,9327.005961186043,60.206311961454674,30.103155980727337,30.103155980727337,30.103155980727337,0.0,2.16794833886788,6559.412870066954,56.55793489865061,28.278967449325304,28.278967449325304,28.278967449325304,0.0,1.4832396974191326,4529.1009593516455,111.69959713445702,55.84979856722851,55.84979856722851,55.84979856722851,0.0,1.5165750888103102,10996.190076567429,54.673576799035196,27.336788399517598,27.336788399517598,27.336788399517598,0.0,1.4832396974191326,5875.660873467767,89.16725856501365,44.58362928250683,44.58362928250683,44.58362928250683,0.0,1.5811388300841898,10212.474954681651,73.38937252763509,36.694686263817545,36.694686263817545,36.694686263817545,0.0,1.4142135623730951,8271.440968779261,43.30357952871795,21.651789764358973,21.651789764358973,21.651789764358973,0.0,1.816590212458495,4558.952928030733,35.927705186944515,17.963852593472257,17.963852593472257,17.963852593472257,0.0,0.8944271909999157,3568.059374505979,115.55950847939775,57.779754239698875,57.779754239698875,57.779754239698875,0.0,1.4142135623730951,12420.468537861203
0.0,67.13568350735694,33.56784175367847,33.56784175367847,33.56784175367847,0.0,1.224744871391589,6036.019027471667,50.011998560345496,25.005999280172748,25.005999280172748,25.005999280172748,0.0,1.7320508075688772,4544.321709562385,72.72413629600561,36.362068148002805,36.362068148002805,36.362068148002805,0.0,1.7888543819998315,8343.844767252085,33.952908564657605,16.976454282328802,16.976454282328802,16.976454282328802,0.0,0.8366600265340757,4325.121651468315,59.42390091537243,29.711950457686214,29.711950457686214,29.711950457686214,0.0,1.6431676725154984,5733.339140500935,34.652561232901675,17.326280616450838,17.326280616450838,17.326280616450838,0.0,2.3874672772626644,4096.5815871284685,127.13457436905195,63.56728718452597,63.56728718452597,63.56728718452597,0.0,1.8165902124584952,13553.225973914845,92.09343081892432,46.04671540946216,46.04671540946216,46.04671540946216,0.0,1.3038404810405297,12269.265389582213,95.57824020141823,47.78912010070911,47.78912010070911,47.78912010070911,0.0,2.3874672772626644,9983.462059826741,115.0512929088587,57.52564645442935,57.52564645442935,57.52564645442935,0.0,4.123105625617661,12536.640730275396,74.95865527075576,37.47932763537788,37.47932763537788,37.47932763537788,0.0,1.4832396974191324,9326.762685948432,59.82641557038161,29.913207785190806,29.913207785190806,29.913207785190806,0.0,2.16794833886788,6560.078757149186,56.55793489865061,28.278967449325304,28.278967449325304,28.278967449325304,0.0,1.4832396974191326,4527.94918257703,111.47196957082978,55.73598478541489,55.73598478541489,55.73598478541489,0.0,1.5165750888103102,10993.020331101003,54.673576799035196,27.336788399517598,27.336788399517598,27.336788399517598,0.0,1.4832396974191326,5874.546637826616,89.16725856501365,44.58362928250683,44.58362928250683,44.58362928250683,0.0,1.5811388300841898,10215.392635625907,74.15659107591178,37.07829553795589,37.07829553795589,37.07829553795589,0.0,1.4832396974191326,8274.268807574479,42.33202097703345,21.166010488516726,21.166010488516726,21.166010488516726,0.0,1.6431676725154984,4556.774100172182,35.79385422108103,17.896927110540513,17.896927110540513,17.896927110540513,0.0,0.8944271909999159,3565.343854384875,128.13742622668835,64.06871311334417,64.06871311334417,64.06871311334417,0.0,2.3021728866442674,13043.894115638934
0.0,68.22609471455918,34.11304735727959,34.11304735727959,34.11304735727959,0.0,1.224744871391589,6034.978226969837,50.011998560345496,25.005999280172748,25.005999280172748,25.005999280172748,0.0,1.7320508075688772,4542.624758881147,72.72413629600561,36.362068148002805,36.362068148002805,36.362068148002805,0.0,1.7888543819998315,8343.228290056553,33.19638534539566,16.59819267269783,16.59819267269783,16.59819267269783,0.0,0.8366600265340757,4324.309389948874,60.08327554319921,30.041637771599603,30.041637771599603,30.041637771599603,0.0,1.6431676725154984,5736.596177176845,34.54272716506327,17.271363582531635,17.271363582531635,17.271363582531635,0.0,2.3874672772626644,4098.845715564322,127.14086675809632,63.57043337904816,63.57043337904816,63.57043337904816,0.0,1.7888543819998315,13552.860816078648,96.72021505352436,48.36010752676218,48.36010752676218,48.36010752676218,0.0,1.3038404810405297,12848.855844004165,95.06418884101414,47.53209442050707,47.53209442050707,47.53209442050707,0.0,2.3874672772626644,9980.071352450343,114.54256850621083,57.271284253105414,57.271284253105414,57.271284253105414,0.0,3.7013511046643495,12532.626947292414,75.24094629920599,37.620473149602994,37.620473149602994,37.620473149602994,0.0,1.4832396974191324,9329.046709069475,59.184457419156935,29.592228709578468,29.592228709578468,29.592228709578468,0.0,2.16794833886788,6560.0462498369625,56.49778756730214,28.24889378365107,28.24889378365107,28.24889378365107,0.0,1.4832396974191326,4529.342590266274,111.47196957082978,55.73598478541489,55.73598478541489,55.73598478541489,0.0,1.5165750888103102,10997.393895828229,54.673576799035196,27.336788399517598,27.336788399517598,27.336788399517598,0.0,1.4832396974191326,5877.459842482976,89.87101868789514,44.93550934394757,44.93550934394757,44.93550934394757,0.0,1.5811388300841898,10216.721798111173,74.463413835252,37.231706917626,37.231706917626,37.231706917626,0.0,1.4832396974191326,8270.313688125741,42.857904755132395,21.428952377566198,21.428952377566198,21.428952377566198,0.0,1.8708286933869709,4554.098670428651,35.202272653906874,17.601136326953437,17.601136326953437,17.601136326953437,0.0,0.8944271909999159,3568.411159045437,127.93279485729998,63.96639742864999,63.96639742864999,63.96639742864999,0.0,2.3021728866442674,13041.671737166214
0.0,68.22609471455918,34.11304735727959,34.11304735727959,34.11304735727959,0.0,1.224744871391589,6034.538283912034,50.525241216643394,25.262620608321697,25.262620608321697,25.262620608321697,0.0,1.7320508075688772,4539.844821136511,72.72413629600561,36.362068148002805,36.362068148002805,36.362068148002805,0.0,1.7888543819998315,8346.606603884,33.77573093213528,16.88786546606764,16.88786546606764,16.88786546606764,0.0,0.8366600265340757,4324.599727142386,60.71902502511054,30.35951251255527,30.35951251255527,30.35951251255527,0.0,1.6431676725154984,5736.328311733909,34.31034829318991,17.155174146594955,17.155174146594955,17.155174146594955,0.0,2.3874672772626644,4100.492019258177,127.14086675809632,63.57043337904816,63.57043337904816,63.57043337904816,0.0,1.7888543819998315,13554.158395119928,96.35351576356723,48.176757881783615,48.176757881783615,48.176757881783615,0.0,1.3038404810405297,12847.837203202726,95.51334985225887,47.756674926129435,47.756674926129435,47.756674926129435,0.0,2.3874672772626644,9978.872065519228,114.28560714280691,57.142803571403455,57.142803571403455,57.142803571403455,0.0,3.286335345030997,12529.253896381859,74.82512946864843,37.412564734324214,37.412564734324214,37.412564734324214,0.0,1.4832396974191324,9327.066001696354,59.184457419156935,29.592228709578468,29.592228709578468,29.592228709578468,0.0,2.16794833886788,6560.8539840481135,56.96665691437405,28.483328457187024,28.483328457187024,28.483328457187024,0.0,1.4832396974191326,4528.658002101726,111.2510674106096,55.6255337053048,55.6255337053048,55.6255337053048,0.0,1.5165750888103102,10997.789791589945,54.9836339286519,27.49181696432595,27.49181696432595,27.49181696432595,0.0,1.4832396974191326,5877.99466655083,89.87101868789514,44.93550934394757,44.93550934394757,44.93550934394757,0.0,1.5811388300841898,10215.6966380174,75.10525946962701,37.55262973481351,37.55262973481351,37.55262973481351,0.0,1.51657508881031,8273.181111277572,43.48792935976603,21.743964679883014,21.743964679883014,21.743964679883014,0.0,1.8708286933869709,4554.7000669637955,34.71022903986662,17.35511451993331,17.35511451993331,17.35511451993331,0.0,0.8944271909999159,3564.17217597579,128.7089740461014,64.3544870230507,64.3544870230507,64.3544870230507,0.0,2.3021728866442674,13039.329288732608
0.0,68.34617765464284,34.17308882732142,34.17308882732142,34.17308882732142,0.0,1.224744871391589,6034.45977698087,49.89188310737529,24.945941553687646,24.945941553687646,24.945941553687646,0.0,1.7320508075688772,4543.14874288747,72.72413629600561,36.362068148002805,36.362068148002805,36.362068148002805,0.0,1.7888543819998315,8343.04286816267,33.60357123878354,16.80178561939177,16.80178561939177,16.80178561939177,0.0,0.8366600265340757,4323.9079314897535,60.66959699882636,30.33479849941318,30.33479849941318,30.33479849941318,0.0,1.6431676725154984,5737.286945935335,34.31034829318991,17.155174146594955,17.155174146594955,17.155174146594955,0.0,2.3874672772626644,4098.904646365904,126.68859459319927,63.344297296599635,63.344297296599635,63.344297296599635,0.0,1.7888543819998315,13553.623806938129,97.102008218162,48.551004109081,48.551004109081,48.551004109081,0.0,1.3038404810405297,12846.509206784542,95.96874491208062,47.98437245604031,47.98437245604031,47.98437245604031,0.0,2.3874672772626644,9979.724134463839,113.52004228329022,56.76002114164511,56.76002114164511,56.76002114164511,0.0,3.286335345030997,12527.323205697217,75.51158851461145,37.75579425730572,37.75579425730572,37.75579425730572,0.0,1.4832396974191324,9328.962793365616,59.608724193695004,29.804362096847502,29.804362096847502,29.804362096847502,0.0,2.16794833886788,6561.693051339723,57.69922009871537,28.849610049357686,28.849610049357686,28.849610049357686,0.0,1.4832396974191326,4532.046171432943,111.0369307933176,55.5184653966588,55.5184653966588,55.5184653966588,0.0,1.5165750888103102,10997.57029075059,54.9836339286519,27.49181696432595,27.49181696432595,27.49181696432595,0.0,1.4832396974191326,5874.092840601006,89.78418568990867,44.892092844954334,44.892092844954334,44.892092844954334,0.0,1.5811388300841898,10215.640738592954,76.44082678778402,38.22041339389201,38.22041339389201,38.22041339389201,0.0,1.51657508881031,8279.41919460538,44.03180668562216,22.01590334281108,22.01590334281108,22.01590334281108,0.0,1.8708286933869709,4553.92698667864,34.57166469813104,17.28583234906552,17.28583234906552,17.28583234906552,0.0,0.8944271909999159,3565.700800684208,129.48667885153282,64.74333942576641,64.74333942576641,64.74333942576641,0.0,2.3021728866442674,13036.668619704958
0.0,68.4777336073559,34.23886680367795,34.23886680367795,34.23886680367795,0.0,1.224744871391589,6034.8969088129425,49.89188310737529,24.945941553687646,24.945941553687646,24.945941553687646,0.0,1.7320508075688772,4543.396559843748,73.64237910333968,36.82118955166984,36.82118955166984,36.82118955166984,0.0,1.7888543819998315,8343.78090556074,33.087762088119526,16.543881044059763,16.543881044059763,16.543881044059763,0.0,0.8366600265340757,4322.951734636878,60.325782216229904,30.162891108114952,30.162891108114952,30.162891108114952,0.0,1.6431676725154984,5736.2486609281505,33.65709434874021,16.828547174370104,16.828547174370104,16.828547174370104,0.0,2.0,4101.0964021832015,126.68859459319927,63.344297296599635,63.344297296599635,63.344297296599635,0.0,1.7888543819998315,13554.326442136475,97.02164706909485,48.51082353454743,48.51082353454743,48.51082353454743,0.0,1.3038404810405297,12848.535274497244,95.96874491208062,47.98437245604031,47.98437245604031,47.98437245604031,0.0,2.3874672772626644,9979.909854302292,113.52004228329022,56.76002114164511,56.76002114164511,56.76002114164511,0.0,3.286335345030997,12530.530264118912,75.4771488597708,37.7385744298854,37.7385744298854,37.7385744298854,0.0,1.4832396974191324,9330.319196040402,59.70594610254493,29.852973051272464,29.852973051272464,29.852973051272464,0.0,2.0,6557.47670983283,57.69922009871537,28.849610049357686,28.849610049357686,28.849610049357686,0.0,1.4832396974191326,4530.522574714753,110.72849678379997,55.364248391899984,55.364248391899984,55.364248391899984,0.0,1.5165750888103102,10999.822557659736,56.356011214421486,28.178005607210743,28.178005607210743,28.178005607210743,0.0,1.4832396974191326,5873.881042377348,90.44777498645281,45.22388749322641,45.22388749322641,45.22388749322641,0.0,1.5811388300841898,10217.010506992738,76.44082678778402,38.22041339389201,38.22041339389201,38.22041339389201,0.0,1.51657508881031,8276.481154452054,44.1723895663343,22.08619478316715,22.08619478316715,22.08619478316715,0.0,1.8708286933869709,4554.998759604661,34.57166469813104,17.28583234906552,17.28583234906552,17.28583234906552,0.0,0.8944271909999159,3564.9333373851464,127.96093153771585,63.980465768857925,63.980465768857925,63.980465768857925,0.0,2.3021728866442674,13034.950314443091
0.0,102.48316934989862,51.24158467494931,51.24158467494931,51.24158467494931,0.0,3.6331804249169903,9483.184422966791,49.89188310737529,24.945941553687646,24.945941553687646,24.945941553687646,0.0,1.7320508075688772,4544.000033010563,73.64237910333968,36.82118955166984,36.82118955166984,36.82118955166984,0.0,1.7888543819998315,8339.929645986229,33.448467827390836,16.724233913695418,16.724233913695418,16.724233913695418,0.0,0.8366600265340757,4320.513939336383,59.94330654877157,29.971653274385783,29.971653274385783,29.971653274385783,0.0,1.6431676725154984,5739.838630135868,34.47897910321592,17.23948955160796,17.23948955160796,17.23948955160796,0.0,2.0,4100.302244957072,127.4315502534596,63.7157751267298,63.7157751267298,63.7157751267298,0.0,1.7888543819998315,13554.965905527022,97.02164706909485,48.51082353454743,48.51082353454743,48.51082353454743,0.0,1.3038404810405297,12847.887814734375,95.38972691018672,47.69486345509336,47.69486345509336,47.69486345509336,0.0,2.1213203435596424,9979.333960741067,113.52004228329022,56.76002114164511,56.76002114164511,56.76002114164511,0.0,3.286335345030997,12529.837269493966,75.4771488597708,37.7385744298854,37.7385744298854,37.7385744298854,0.0,1.4832396974191324,9333.663669749409,58.743510279859855,29.371755139929927,29.371755139929927,29.371755139929927,0.0,2.0,6555.408087983539,58.18934610390462,29.09467305195231,29.09467305195231,29.09467305195231,0.0,1.4832396974191326,4529.013932413986,110.72849678379997,55.364248391899984,55.364248391899984,55.364248391899984,0.0,1.5165750888103102,10995.050713843933,56.20676115913458,28.10338057956729,28.10338057956729,28.10338057956729,0.0,1.5811388300841898,5877.080082830248,89.81091247727082,44.90545623863541,44.90545623863541,44.90545623863541,0.0,1.5811388300841898,10219.449960736634,75.9921048530701,37.99605242653505,37.99605242653505,37.99605242653505,0.0,1.140175425099138,8277.635906465082,42.61455150532503,21.307275752662516,21.307275752662516,21.307275752662516,0.0,1.8708286933869709,4557.740207602886,34.57166469813104,17.28583234906552,17.28583234906552,17.28583234906552,0.0,0.8944271909999159,3565.1266877910525,127.96093153771585,63.980465768857925,63.980465768857925,63.980465768857925,0.0,2.3021728866442674,13034.217226208868
0.0,102.96601381038309,51.483006905191544,51.483006905191544,51.483006905191544,0.0,3.6331804249169903,9482.895575719476,50.19960159204454,25.09980079602227,25.09980079602227,25.09980079602227,0.0,1.7320508075688772,4541.527793595455,73.64237910333968,36.82118955166984,36.82118955166984,36.82118955166984,0.0,1.7888543819998315,8339.634032737888,33.448467827390836,16.724233913695418,16.724233913695418,16.724233913695418,0.0,0.8366600265340757,4320.951689153675,60.86706827176745,30.433534135883725,30.433534135883725,30.433534135883725,0.0,1.6431676725154984,5734.1208131674375,34.47897910321592,17.23948955160796,17.23948955160796,17.23948955160796,0.0,2.0,4099.11457512473,126.7091156941757,63.35455784708785,63.35455784708785,63.35455784708785,0.0,1.7888543819998315,13555.08655450049,97.30775919730142,48.65387959865071,48.65387959865071,48.65387959865071,0.0,1.3038404810405297,12848.920978043254,94.85146282477672,47.42573141238836,47.42573141238836,47.42573141238836,0.0,2.1213203435596424,9976.662427886391,113.02212172844747,56.51106086422374,56.51106086422374,56.51106086422374,0.0,2.8809720581775866,12526.574160559621,84.52928486625213,42.26464243312606,42.26464243312606,42.26464243312606,0.0,1.816590212458495,9456.716539053077,58.661742217564594,29.330871108782297,29.330871108782297,29.330871108782297,0.0,1.7888543819998322,6552.936723332525,58.18934610390462,29.09467305195231,29.09467305195231,29.09467305195231,0.0,1.4832396974191326,4530.091500179659,110.43006836908143,55.21503418454071,55.21503418454071,55.21503418454071,0.0,1.5165750888103102,10995.511848022355,56.20676115913458,28.10338057956729,28.10338057956729,28.10338057956729,0.0,1.5811388300841898,5876.565127691516,89.63704591294828,44.81852295647414,44.81852295647414,44.81852295647414,0.0,1.5811388300841898,10219.272048438675,76.5035946867858,38.2517973433929,38.2517973433929,38.2517973433929,0.0,1.140175425099138,8272.707374251793,42.997674355713706,21.498837177856853,21.498837177856853,21.498837177856853,0.0,1.8708286933869709,4559.988135949478,34.57166469813104,17.28583234906552,17.28583234906552,17.28583234906552,0.0,0.8944271909999159,3567.132503846752,127.75288646445527,63.876443232227636,63.876443232227636,63.876443232227636,0.0,2.3021728866442674,13031.175771970848
0.0,101.6326719121366,50.8163359560683,50.8163359560683,50.8163359560683,0.0,3.2093613071762426,9483.40098804221,50.386506130113844,25.193253065056922,25.193253065056922,25.193253065056922,0.0,1.7320508075688772,4542.046983464614,73.64237910333968,36.82118955166984,36.82118955166984,36.82118955166984,0.0,1.7888543819998315,8340.54900471186,33.840803772960236,16.920401886480118,16.920401886480118,16.920401886480118,0.0,0.8366600265340757,4322.01842892878,60.57061994069402,30.28530997034701,30.28530997034701,30.28530997034701,0.0,1.6431676725154984,5738.712599529619,34.47897910321592,17.23948955160796,17.23948955160796,17.23948955160796,0.0,2.0,4098.315117215854,126.7091156941757,63.35455784708785,63.35455784708785,63.35455784708785,0.0,1.7888543819998315,13555.897030443983,96.8565950258422,48.4282975129211,48.4282975129211,48.4282975129211,0.0,1.3038404810405297,12846.879165774075,96.83387836909147,48.41693918454573,48.41693918454573,48.41693918454573,0.0,2.1213203435596424,9978.820080550606,113.51299485080992,56.75649742540496,56.75649742540496,56.75649742540496,0.0,2.8809720581775866,12526.566301265484,84.52928486625213,42.26464243312606,42.26464243312606,42.26464243312606,0.0,1.816590212458495,9456.099074142572,58.28207271537278,29.14103635768639,29.14103635768639,29.14103635768639,0.0,1.7888543819998322,6551.735266324487,58.18934610390462,29.09467305195231,29.09467305195231,29.09467305195231,0.0,1.4832396974191326,4530.258193524956,110.43006836908143,55.21503418454071,55.21503418454071,55.21503418454071,0.0,1.5165750888103102,10997.189900151765,55.971421279077774,27.985710639538887,27.985710639538887,27.985710639538887,0.0,1.5811388300841898,5874.130897417932,89.57231715212016,44.78615857606008,44.78615857606008,44.78615857606008,0.0,1.5811388300841898,10220.599458935862,76.0999342969493,38.04996714847465,38.04996714847465,38.04996714847465,0.0,1.140175425099138,8271.065058382748,42.997674355713706,21.498837177856853,21.498837177856853,21.498837177856853,0.0,1.8708286933869709,4561.2880308088415,34.57166469813104,17.28583234906552,17.28583234906552,17.28583234906552,0.0,0.8944271909999159,3568.0153026577673,127.48019454017161,63.740097270085805,63.740097270085805,63.740097270085805,0.0,2.3021728866442674,13032.902182553204
0.0,101.6326719121366,50.8163359560683,50.8163359560683,50.8163359560683,0.0,3.2093613071762426,9481.812105288735,49.69104547099004,24.84552273549502,24.84552273549502,24.84552273549502,0.0,1.7320508075688772,4541.856646791046,72.75987905432498,36.37993952716249,36.37993952716249,36.37993952716249,0.0,1.5165750888103102,8343.170272744048,33.840803772960236,16.920401886480118,16.920401886480118,16.920401886480118,0.0,0.8366600265340757,4319.486369928721,59.62549790148506,29.81274895074253,29.81274895074253,29.81274895074253,0.0,1.6431676725154984,5737.448927877267,34.47897910321592,17.23948955160796,17.23948955160796,17.23948955160796,0.0,2.0,4096.139218825454,128.47879202420918,64.23939601210459,64.23939601210459,64.23939601210459,0.0,1.7888543819998315,13552.455884451349,96.8565950258422,48.4282975129211,48.4282975129211,48.4282975129211,0.0,1.3038404810405297,12846.237834479012,96.30160954002794,48.15080477001397,48.15080477001397,48.15080477001397,0.0,2.1213203435596424,9977.811719009333,113.27488689025472,56.63744344512736,56.63744344512736,56.63744344512736,0.0,2.8809720581775866,12530.529011179058,85.17746180768714,42.58873090384357,42.58873090384357,42.58873090384357,0.0,1.816590212458495,9454.035238986578,58.22370651203855,29.111853256019273,29.111853256019273,29.111853256019273,0.0,1.7888543819998322,6552.985785121161,58.18934610390462,29.09467305195231,29.09467305195231,29.09467305195231,0.0,1.4832396974191326,4527.870382420416,110.35035115485587,55.175175577427936,55.175175577427936,55.175175577427936,0.0,1.5165750888103102,10996.943157077789,56.2209925205879,28.11049626029395,28.11049626029395,28.11049626029395,0.0,1.5811388300841898,5875.517611240732,89.57231715212016,44.78615857606008,44.78615857606008,44.78615857606008,0.0,1.5811388300841898,10221.018848431893,76.0999342969493,38.04996714847465,38.04996714847465,38.04996714847465,0.0,1.140175425099138,8275.624006683725,42.487645263064415,21.243822631532208,21.243822631532208,21.243822631532208,0.0,1.8708286933869709,4556.909665551864,34.813790371058424,17.406895185529212,17.406895185529212,17.406895185529212,0.0,0.8944271909999159,3571.8142168931463,127.48019454017161,63.740097270085805,63.740097270085805,63.740097270085805,0.0,2.3021728866442674,13031.695100791761
0.0,102.96601381038309,51.483006905191544,51.483006905191544,51.483006905191544,0.0,3.6331804249169903,9575.52822563852,50.52919947911306,25.26459973955653,25.26459973955653,25.26459973955653,0.0,1.7320508075688772,4545.839779402701,71.8971487612687,35.94857438063435,35.94857438063435,35.94857438063435,0.0,1.5165750888103102,8342.35005858661,33.2264954516723,16.61324772583615,16.61324772583615,16.61324772583615,0.0,0.8366600265340757,4318.167238539981,59.272253205019965,29.636126602509982,29.636126602509982,29.636126602509982,0.0,1.6431676725154984,5739.174182754868,34.25200724045235,17.126003620226175,17.126003620226175,17.126003620226175,0.0,2.0,4093.308832717121,128.5099217959454,64.2549608979727,64.2549608979727,64.2549608979727,0.0,1.7888543819998315,13549.19599828713,96.49248675415096,48.24624337707548,48.24624337707548,48.24624337707548,0.0,1.3038404810405297,12845.041191058906,96.89788439382978,48.44894219691489,48.44894219691489,48.44894219691489,0.0,2.1213203435596424,9982.596465849954,115.55950847939775,57.779754239698875,57.779754239698875,57.779754239698875,0.0,4.123105625617661,12645.741864358928,85.17746180768714,42.58873090384357,42.58873090384357,42.58873090384357,0.0,1.816590212458495,9457.353022912912,57.64373339748216,28.82186669874108,28.82186669874108,28.82186669874108,0.0,1.7888543819998322,6549.78666064781,58.18934610390462,29.09467305195231,29.09467305195231,29.09467305195231,0.0,1.4832396974191326,4525.367255814715,110.35035115485587,55.175175577427936,55.175175577427936,55.175175577427936,0.0,1.5165750888103102,10999.4928383085,56.2209925205879,28.11049626029395,28.11049626029395,28.11049626029395,0.0,1.5811388300841898,5871.181295105781,89.51647892985962,44.75823946492981,44.75823946492981,44.75823946492981,0.0,1.5811388300841898,10217.407264076342,75.78918128598566,37.89459064299283,37.89459064299283,37.89459064299283,0.0,1.140175425099138,8273.743209696564,43.04880950734875,21.524404753674375,21.524404753674375,21.524404753674375,0.0,1.8708286933869709,4557.430449277312,34.246167668806386,17.123083834403193,17.123083834403193,17.123083834403193,0.0,0.8944271909999159,3568.8507954242077,127.5695888525161,63.78479442625805,63.78479442625805,63.78479442625805,0.0,2.3021728866442674,13027.052928425523
0.0,102.96601381038309,51.483006905191544,51.483006905191544,51.483006905191544,0.0,3.6331804249169903,9578.08693320331,50.52919947911306,25.26459973955653,25.26459973955653,25.26459973955653,0.0,1.7320508075688772,4548.665826371509,72.58650012226792,36.29325006113396,36.29325006113396,36.29325006113396,0.0,1.5165750888103102,8339.441060406867,33.2264954516723,16.61324772583615,16.61324772583615,16.61324772583615,0.0,0.8366600265340757,4315.73612492701,59.939969969962455,29.969984984981227,29.969984984981227,29.969984984981227,0.0,1.6431676725154984,5740.340381893742,33.97057550292606,16.98528775146303,16.98528775146303,16.98528775146303,0.0,2.0,4093.6912682809875,128.47879202420918,64.23939601210459,64.23939601210459,64.23939601210459,0.0,1.7888543819998315,13547.887019753302,97.52333054197851,48.761665270989255,48.761665270989255,48.761665270989255,0.0,1.3038404810405297,12842.771262465123,96.89788439382978,48.44894219691489,48.44894219691489,48.44894219691489,0.0,2.1213203435596424,9980.5153323864,115.29614043843792,57.64807021921896,57.64807021921896,57.64807021921896,0.0,3.7013511046643495,12650.288249680321,84.88109330115866,42.44054665057933,42.44054665057933,42.44054665057933,0.0,1.7888543819998317,9455.11733401548,57.01929497985748,28.50964748992874,28.50964748992874,28.50964748992874,0.0,1.7888543819998322,6552.78839121179,58.18934610390462,29.09467305195231,29.09467305195231,29.09467305195231,0.0,1.4832396974191326,4523.901269921792,111.52040172094073,55.76020086047036,55.76020086047036,55.76020086047036,0.0,1.5165750888103102,10998.017062179892,56.366656810564876,28.183328405282438,28.183328405282438,28.183328405282438,0.0,1.5811388300841898,5869.602073394754,89.34651644020599,44.673258220102994,44.673258220102994,44.673258220102994,0.0,1.5811388300841898,10219.139273931049,76.45129168300559,38.225645841502796,38.225645841502796,38.225645841502796,0.0,1.140175425099138,8276.644821423715,43.1833301170718,21.5916650585359,21.5916650585359,21.5916650585359,0.0,1.8708286933869709,4555.367877570373,34.246167668806386,17.123083834403193,17.123083834403193,17.123083834403193,0.0,0.8944271909999159,3573.505114030201,136.07644910123133,68.03822455061567,68.03822455061567,68.03822455061567,0.0,2.3874672772626644,14145.099161900562
0.0,102.96601381038309,51.483006905191544,51.483006905191544,51.483006905191544,0.0,3.6331804249169903,9577.492406679317,50.52919947911306,25.26459973955653,25.26459973955653,25.26459973955653,0.0,1.7320508075688772,4555.7624828342405,72.23018759493846,36.11509379746923,36.11509379746923,36.11509379746923,0.0,1.51657508881031,8340.177018505063,33.30465432938766,16.65232716469383,16.65232716469383,16.65232716469383,0.0,0.8366600265340757,4313.390870301461,59.939969969962455,29.969984984981227,29.969984984981227,29.969984984981227,0.0,1.6431676725154984,5743.526155594662,34.93994848307593,17.469974241537965,17.469974241537965,17.469974241537965,0.0,2.0,4093.7100776679335,136.97445017228577,68.48722508614289,68.48722508614289,68.48722508614289,0.0,2.4083189157584592,13889.59962705909,97.91424819708315,48.95712409854158,48.95712409854158,48.95712409854158,0.0,1.3038404810405297,12842.143403653457,97.02164706909485,48.51082353454743,48.51082353454743,48.51082353454743,0.0,2.1213203435596424,9980.75800227618,115.29960971312956,57.64980485656478,57.64980485656478,57.64980485656478,0.0,3.286335345030997,12653.029609544112,84.88109330115866,42.44054665057933,42.44054665057933,42.44054665057933,0.0,1.7888543819998317,9452.841435251095,57.085900185597495,28.542950092798748,28.542950092798748,28.542950092798748,0.0,1.7888543819998322,6553.200035097357,58.18934610390462,29.09467305195231,29.09467305195231,29.09467305195231,0.0,1.4832396974191326,4527.106393713318,110.86388050217256,55.43194025108628,55.43194025108628,55.43194025108628,0.0,1.5165750888103102,10995.558680667391,56.16048432839589,28.080242164197944,28.080242164197944,28.080242164197944,0.0,1.5811388300841898,5870.490158410966,90.07774419910837,45.03887209955418,45.03887209955418,45.03887209955418,0.0,1.5811388300841898,10220.505921919912,76.30989450916572,38.15494725458286,38.15494725458286,38.15494725458286,0.0,1.140175425099138,8276.76049550789,42.67551991481767,21.337759957408835,21.337759957408835,21.337759957408835,0.0,1.8708286933869709,4552.640299869956,34.246167668806386,17.123083834403193,17.123083834403193,17.123083834403193,0.0,0.8944271909999159,3573.795839160374,135.89407639775916,67.94703819887958,67.94703819887958,67.94703819887958,0.0,2.3874672772626644,14146.612520317365
0.0,102.20176123727028,51.10088061863514,51.10088061863514,51.10088061863514,0.0,3.6331804249169903,9578.319988390449,50.52919947911306,25.26459973955653,25.26459973955653,25.26459973955653,0.0,1.7320508075688772,4554.8856516931355,72.82307326665087,36.41153663332543,36.41153663332543,36.41153663332543,0.0,1.51657508881031,8341.094670365515,32.35428874198906,16.17714437099453,16.17714437099453,16.17714437099453,0.0,0.8366600265340757,4309.926890331203,59.939969969962455,29.969984984981227,29.969984984981227,29.969984984981227,0.0,1.6431676725154984,5744.466354675602,34.97427626127523,17.487138130637614,17.487138130637614,17.487138130637614,0.0,1.9235384061671346,4087.8544494636794,136.97445017228577,68.48722508614289,68.48722508614289,68.48722508614289,0.0,2.4083189157584592,13888.802892978214,97.91424819708315,48.95712409854158,48.95712409854158,48.95712409854158,0.0,1.3038404810405297,12839.843955438088,97.15348681339233,48.57674340669617,48.57674340669617,48.57674340669617,0.0,2.1213203435596424,9983.379603120378,115.29960971312956,57.64980485656478,57.64980485656478,57.64980485656478,0.0,3.286335345030997,12657.718562205433,84.88109330115866,42.44054665057933,42.44054665057933,42.44054665057933,0.0,1.7888543819998317,9456.14534046511,57.085900185597495,28.542950092798748,28.542950092798748,28.542950092798748,0.0,1.7888543819998322,6559.217232261789,58.18934610390462,29.09467305195231,29.09467305195231,29.09467305195231,0.0,1.4832396974191326,4528.729236772718,110.86388050217256,55.43194025108628,55.43194025108628,55.43194025108628,0.0,1.5165750888103102,10996.30325609475,56.16048432839589,28.080242164197944,28.080242164197944,28.080242164197944,0.0,1.5811388300841898,5867.790103608002,89.57231715212016,44.78615857606008,44.78615857606008,44.78615857606008,0.0,1.5811388300841898,10220.67222348902,76.50359468678579,38.251797343392894,38.251797343392894,38.251797343392894,0.0,1.140175425099138,8275.8392746597,42.67551991481767,21.337759957408835,21.337759957408835,21.337759957408835,0.0,1.8708286933869709,4553.883046368231,35.42315626818141,17.711578134090704,17.711578134090704,17.711578134090704,0.0,0.8944271909999159,3575.268479429202,137.24867941076883,68.62433970538441,68.62433970538441,68.62433970538441,0.0,2.3021728866442674,14304.062290132828
0.0,102.49487792080149,51.24743896040074,51.24743896040074,51.24743896040074,0.0,3.6331804249169903,9582.951043389505,50.52919947911306,25.26459973955653,25.26459973955653,25.26459973955653,0.0,1.7320508075688772,4552.053910049836,72.82307326665087,36.41153663332543,36.41153663332543,36.41153663332543,0.0,1.51657508881031,8341.74209622906,31.591137997862628,15.795568998931316,15.795568998931314,15.795568998931314,0.0,0.8366600265340757,4308.331440360642,59.94997914928745,29.974989574643725,29.974989574643725,29.974989574643725,0.0,1.6431676725154984,5747.132528487577,34.97427626127523,17.487138130637614,17.487138130637614,17.487138130637614,0.0,1.9235384061671346,4095.126457143906,136.81081828568966,68.40540914284483,68.40540914284483,68.40540914284483,0.0,2.4083189157584592,13888.555180435436,97.91424819708315,48.95712409854158,48.95712409854158,48.95712409854158,0.0,1.3038404810405297,12842.527153952215,98.116257572331,49.0581287861655,49.0581287861655,49.0581287861655,0.0,2.1213203435596424,9984.184177988705,116.33228270776776,58.16614135388388,58.16614135388388,58.16614135388388,0.0,4.123105625617661,12711.916071151509,84.96587550305122,42.48293775152561,42.48293775152561,42.48293775152561,0.0,1.7888543819998317,9458.725299954534,56.98069848641731,28.490349243208655,28.490349243208655,28.490349243208655,0.0,1.6733200530681511,6561.111361652079,58.36779934176035,29.183899670880177,29.183899670880177,29.183899670880177,0.0,1.4832396974191326,4527.585692176351,110.2850851203371,55.14254256016855,55.14254256016855,55.14254256016855,0.0,1.5165750888103102,10997.164825535716,55.64889936018501,27.824449680092506,27.824449680092506,27.824449680092506,0.0,1.3038404810405297,5868.285712199092,89.23003978481687,44.615019892408434,44.615019892408434,44.615019892408434,0.0,1.5811388300841898,10217.37874897471,76.14985226512262,38.07492613256131,38.07492613256131,38.07492613256131,0.0,1.140175425099138,8279.447819752233,42.180564244685016,21.090282122342508,21.090282122342508,21.090282122342508,0.0,1.8708286933869709,4553.450197377808,35.485208185946995,17.742604092973497,17.742604092973497,17.742604092973497,0.0,0.8944271909999159,3576.2810991307715,137.24867941076883,68.62433970538441,68.62433970538441,68.62433970538441,0.0,2.3021728866442674,14303.474619825773
0.0,101.81748376384087,50.908741881920434,50.908741881920434,50.908741881920434,0.0,3.2093613071762426,9580.522908484692,49.8998997994986,24.9499498997493,24.9499498997493,24.9499498997493,0.0,1.7320508075688772,4552.287315185631,73.42206752741303,36.71103376370652,36.71103376370652,36.71103376370652,0.0,1.51657508881031,8340.553560765617,31.591137997862628,15.795568998931316,15.795568998931314,15.795568998931314,0.0,0.8366600265340757,4304.645432553069,82.75989366837055,41.379946834185276,41.379946834185276,41.379946834185276,0.0,2.7386127875258306,7796.085588293653,35.400564967243106,17.700282483621553,17.700282483621553,17.700282483621553,0.0,1.9235384061671346,4093.6001514559284,136.2893979735768,68.1446989867884,68.1446989867884,68.1446989867884,0.0,2.4083189157584592,13892.882846983199,97.91424819708315,48.95712409854158,48.95712409854158,48.95712409854158,0.0,1.3038404810405297,12848.130416523643,98.116257572331,49.0581287861655,49.0581287861655,49.0581287861655,0.0,2.1213203435596424,9980.68612370913,115.8136434104376,57.9068217052188,57.9068217052188,57.9068217052188,0.0,3.7013511046643495,12709.607952254075,84.96587550305122,42.48293775152561,42.48293775152561,42.48293775152561,0.0,1.7888543819998317,9455.781792110052,56.98069848641731,28.490349243208655,28.490349243208655,28.490349243208655,0.0,1.6733200530681511,6564.93498063766,58.130886798671845,29.065443399335923,29.065443399335923,29.065443399335923,0.0,1.4832396974191326,4528.5912489426555,110.06906922473725,55.034534612368624,55.034534612368624,55.034534612368624,0.0,1.5165750888103102,10995.13612921641,55.64889936018501,27.824449680092506,27.824449680092506,27.824449680092506,0.0,1.3038404810405297,5869.849146272841,89.95999110715829,44.979995553579144,44.979995553579144,44.979995553579144,0.0,1.5811388300841898,10217.528208916285,76.14985226512262,38.07492613256131,38.07492613256131,38.07492613256131,0.0,1.140175425099138,8277.740283434847,41.65093036175783,20.825465180878915,20.825465180878915,20.825465180878915,0.0,1.8708286933869709,4553.536120423335,35.9722114972099,17.98610574860495,17.98610574860495,17.98610574860495,0.0,0.8944271909999159,3580.486489291644,137.24867941076883,68.62433970538441,68.62433970538441,68.62433970538441,0.0,2.3021728866442674,14302.564025376709
0.0,101.36666118601323,50.683330593006616,50.683330593006616,50.683330593006616,0.0,3.2093613071762426,9576.690910747824,50.88418221805279,25.442091109026396,25.442091109026396,25.442091109026396,0.0,1.7320508075688772,4557.622878211842,72.89718787443039,36.44859393721519,36.44859393721519,36.44859393721519,0.0,1.51657508881031,8339.945881119373,32.23662513353406,16.11831256676703,16.11831256676703,16.11831256676703,0.0,0.8944271909999157,4303.028201162525,82.20705565825844,41.10352782912922,41.10352782912922,41.10352782912922,0.0,2.3874672772626644,7794.162674720101,35.1965907439911,17.59829537199555,17.59829537199555,17.59829537199555,0.0,1.9235384061671346,4094.827627629764,136.06616037795732,68.03308018897866,68.03308018897866,68.03308018897866,0.0,2.4083189157584592,13892.536640225211,97.91424819708315,48.95712409854158,48.95712409854158,48.95712409854158,0.0,1.3038404810405297,12853.836730719742,98.116257572331,49.0581287861655,49.0581287861655,49.0581287861655,0.0,2.1213203435596424,9983.714489106747,115.8136434104376,57.9068217052188,57.9068217052188,57.9068217052188,0.0,3.7013511046643495,12709.030911127724,84.31607201477071,42.158036007385356,42.158036007385356,42.158036007385356,0.0,1.7888543819998317,9457.424189492613,56.98069848641731,28.490349243208655,28.490349243208655,28.490349243208655,0.0,1.6733200530681511,6564.08024783366,58.56620185738529,29.283100928692644,29.283100928692644,29.283100928692644,0.0,1.4832396974191326,4528.542337220665,109.85080791691976,54.92540395845988,54.92540395845988,54.92540395845988,0.0,1.5165750888103102,10994.72834134614,55.14707607842867,27.573538039214334,27.573538039214334,27.573538039214334,0.0,1.3038404810405297,5866.782227081554,89.78418568990867,44.892092844954334,44.892092844954334,44.892092844954334,0.0,1.5811388300841898,10218.822060296383,76.14985226512262,38.07492613256131,38.07492613256131,38.07492613256131,0.0,1.140175425099138,8280.294590170086,41.65093036175783,20.825465180878915,20.825465180878915,20.825465180878915,0.0,1.8708286933869709,4556.499829913307,37.002702603999076,18.501351301999538,18.501351301999538,18.501351301999538,0.0,0.8944271909999159,3584.5569740206392,136.63820841916802,68.31910420958401,68.31910420958401,68.31910420958401,0.0,2.3021728866442674,14303.94084859134
0.0,101.36666118601323,50.683330593006616,50.683330593006616,50.683330593006616,0.0,3.2093613071762426,9580.166684353671,50.90383089709457,25.451915448547286,25.451915448547286,25.451915448547286,0.0,1.7320508075688772,4560.171235819988,72.89718787443039,36.44859393721519,36.44859393721519,36.44859393721519,0.0,1.51657508881031,8342.306287831922,32.23662513353406,16.11831256676703,16.11831256676703,16.11831256676703,0.0,0.8944271909999157,4301.95626430581,82.20705565825844,41.10352782912922,41.10352782912922,41.10352782912922,0.0,2.3874672772626644,7794.60578220605,34.55430508634199,17.277152543170995,17.277152543170995,17.277152543170995,0.0,1.5165750888103104,4094.540694632305,136.06616037795732,68.03308018897866,68.03308018897866,68.03308018897866,0.0,2.4083189157584592,13895.850560509061,97.13907555664713,48.569537778323564,48.569537778323564,48.569537778323564,0.0,1.3038404810405297,12855.057514457101,98.55556808217383,49.27778404108692,49.27778404108692,49.27778404108692,0.0,2.1213203435596424,9982.108604899067,115.0704132259896,57.5352066129948,57.5352066129948,57.5352066129948,0.0,3.286335345030997,12706.165302718204,84.96352158426579,42.481760792132896,42.481760792132896,42.481760792132896,0.0,1.7888543819998317,9459.338401812254,56.586217403180434,28.293108701590217,28.293108701590217,28.293108701590217,0.0,1.6733200530681511,6565.083259182628,58.56620185738529,29.283100928692644,29.283100928692644,29.283100928692644,0.0,1.4832396974191326,4531.905250554119,109.55363982999378,54.77681991499689,54.77681991499689,54.77681991499689,0.0,1.5165750888103102,10995.667601378282,55.14707607842867,27.573538039214334,27.573538039214334,27.573538039214334,0.0,1.3038404810405297,5865.195197092762,89.14706949754434,44.57353474877217,44.57353474877217,44.57353474877217,0.0,1.5811388300841898,10221.423129877758,75.92891412367227,37.964457061836136,37.964457061836136,37.964457061836136,0.0,1.140175425099138,8280.243818873934,41.65093036175783,20.825465180878915,20.825465180878915,20.825465180878915,0.0,1.8708286933869709,4556.378902154648,37.002702603999076,18.501351301999538,18.501351301999538,18.501351301999538,0.0,0.8944271909999159,3587.9580265103436,136.30407183939883,68.15203591969941,68.15203591969941,68.15203591969941,0.0,2.3021728866442674,14309.507566649525
0.0,101.36666118601323,50.683330593006616,50.683330593006616,50.683330593006616,0.0,3.2093613071762426,9580.525429223597,50.60434763930862,25.30217381965431,25.30217381965431,25.30217381965431,0.0,1.7320508075688772,4557.7849115551735,72.37955512435815,36.189777562179074,36.189777562179074,36.189777562179074,0.0,1.51657508881031,8342.057138380198,33.34666400106613,16.673332000533065,16.673332000533065,16.673332000533065,0.0,0.8944271909999157,4301.066635149937,82.20705565825844,41.10352782912922,41.10352782912922,41.10352782912922,0.0,2.3874672772626644,7795.372941687909,34.193566646373704,17.096783323186852,17.096783323186852,17.096783323186852,0.0,1.5165750888103104,4092.3948123317723,136.06616037795732,68.03308018897866,68.03308018897866,68.03308018897866,0.0,2.4083189157584592,13894.992749188465,96.71194341962114,48.35597170981057,48.35597170981057,48.35597170981057,0.0,1.3038404810405297,12857.116811322825,98.55556808217383,49.27778404108692,49.27778404108692,49.27778404108692,0.0,2.1213203435596424,9982.42707461467,115.6511997343737,57.82559986718685,57.82559986718685,57.82559986718685,0.0,4.123105625617661,12760.962404928556,84.96352158426579,42.481760792132896,42.481760792132896,42.481760792132896,0.0,1.7888543819998317,9458.195055083184,56.586217403180434,28.293108701590217,28.293108701590217,28.293108701590217,0.0,1.6733200530681511,6565.582434179012,58.350664092193504,29.175332046096752,29.175332046096752,29.175332046096752,0.0,1.4832396974191326,4530.395435279353,109.55363982999378,54.77681991499689,54.77681991499689,54.77681991499689,0.0,1.5165750888103102,11001.987788577117,54.65528336766721,27.327641683833605,27.327641683833605,27.327641683833605,0.0,1.3038404810405297,5863.71321774863,89.88214505673527,44.941072528367634,44.941072528367634,44.941072528367634,0.0,1.5811388300841898,10224.177194278276,76.25483591222263,38.127417956111316,38.127417956111316,38.127417956111316,0.0,1.140175425099138,8280.619010677885,41.65093036175783,20.825465180878915,20.825465180878915,20.825465180878915,0.0,1.8708286933869709,4555.814274089759,36.8673297107344,18.4336648553672,18.4336648553672,18.4336648553672,0.0,0.8944271909999159,3590.345150539151,135.67313661886055,67.83656830943028,67.83656830943028,67.83656830943028,0.0,2.04939015319192,14307.722537147552
0.0,102.05292744453732,51.02646372226866,51.02646372226866,51.02646372226866,0.0,3.6331804249169903,9731.309392882336,51.017644006755155,25.508822003377578,25.508822003377578,25.508822003377578,0.0,1.7320508075688772,4557.207456326736,72.37955512435815,36.189777562179074,36.189777562179074,36.189777562179074,0.0,1.51657508881031,8341.082183985482,39.16631205513228,19.58315602756614,19.58315602756614,19.58315602756614,0.0,0.9999999999999999,4823.552808874388,82.10237511789778,41.05118755894889,41.05118755894889,41.05118755894889,0.0,2.3874672772626644,7794.914380543253,34.59479729670345,17.297398648351724,17.297398648351724,17.297398648351724,0.0,1.5165750888103104,4097.487193390603,136.78742632274356,68.39371316137178,68.39371316137178,68.39371316137178,0.0,2.4083189157584592,13895.82646696482,96.13532129243653,48.067660646218265,48.067660646218265,48.067660646218265,0.0,1.3038404810405297,12858.942129895444,97.102008218162,48.551004109081,48.551004109081,48.551004109081,0.0,2.1213203435596424,9980.641928252911,116.39072127966216,58.19536063983108,58.19536063983108,58.19536063983108,0.0,4.123105625617661,12763.243592441539,85.22910301065006,42.61455150532503,42.61455150532503,42.61455150532503,0.0,1.7888543819998317,9451.223984225535,57.085900185597495,28.542950092798748,28.542950092798748,28.542950092798748,0.0,1.6733200530681511,6560.503463911898,58.350664092193504,29.175332046096752,29.175332046096752,29.175332046096752,0.0,1.4832396974191326,4530.227201807874,110.43006836908143,55.21503418454071,55.21503418454071,55.21503418454071,0.0,1.5165750888103102,11001.773007111173,54.55272678794342,27.27636339397171,27.27636339397171,27.27636339397171,0.0,1.3038404810405297,5861.606221847387,89.88214505673527,44.941072528367634,44.941072528367634,44.941072528367634,0.0,1.5811388300841898,10224.090365406597,76.02631123499285,38.01315561749642,38.01315561749642,38.01315561749642,0.0,1.140175425099138,8276.91109653837,41.65093036175783,20.825465180878915,20.825465180878915,20.825465180878915,0.0,1.8708286933869709,4556.110918316191,36.8673297107344,18.4336648553672,18.4336648553672,18.4336648553672,0.0,0.8944271909999159,3589.0267065041467,135.92203647679798,67.96101823839899,67.96101823839899,67.96101823839899,0.0,1.8708286933869707,14305.656958000915
0.0,102.05292744453732,51.02646372226866,51.02646372226866,51.02646372226866,0.0,3.6331804249169903,9734.554679080085,50.34679731621467,25.173398658107335,25.173398658107335,25.173398658107335,0.0,1.7320508075688772,4550.371336495517,72.37955512435815,36.189777562179074,36.189777562179074,36.189777562179074,0.0,1.51657508881031,8342.526673616332,39.50696141188284,19.75348070594142,19.75348070594142,19.75348070594142,0.0,0.9999999999999999,4826.631620498916,81.5058280124802,40.7529140062401,40.7529140062401,40.7529140062401,0.0,2.3874672772626644,7795.236346641454,34.438350715445125,17.219175357722563,17.219175357722563,17.219175357722563,0.0,1.5165750888103104,4096.816715451156,136.26885190680957,68.13442595340479,68.13442595340479,68.13442595340479,0.0,2.4083189157584592,13894.080329406477,96.13532129243653,48.067660646218265,48.067660646218265,48.067660646218265,0.0,1.3038404810405297,12854.61109096654,98.02652702202603,49.013263511013015,49.013263511013015,49.013263511013015,0.0,2.1213203435596424,9985.917118622605,111.04413536968082,55.52206768484041,55.52206768484041,55.52206768484041,0.0,3.420526275297414,12354.921541636759,85.50321631377383,42.75160815688692,42.75160815688692,42.75160815688692,0.0,1.7888543819998317,9453.14468840925,58.05859109554761,29.029295547773806,29.029295547773806,29.029295547773806,0.0,1.6733200530681511,6558.979554778319,58.350664092193504,29.175332046096752,29.175332046096752,29.175332046096752,0.0,1.4832396974191326,4526.803364406279,110.21433663548495,55.10716831774248,55.10716831774248,55.10716831774248,0.0,1.5165750888103102,11006.82491457005,53.639537656471276,26.819768828235638,26.819768828235638,26.819768828235638,0.0,1.3038404810405297,5862.940883208699,90.033327162779,45.0166635813895,45.0166635813895,45.0166635813895,0.0,1.5811388300841898,10220.719778958819,75.18776496212665,37.593882481063325,37.593882481063325,37.593882481063325,0.0,1.140175425099138,8275.673869842865,50.75431016179808,25.37715508089904,25.37715508089904,25.37715508089904,0.0,3.4351128074635335,5385.829072668385,35.42315626818141,17.711578134090704,17.711578134090704,17.711578134090704,0.0,0.44721359549995787,3591.499784212718,135.92203647679798,67.96101823839899,67.96101823839899,67.96101823839899,0.0,1.8708286933869707,14299.639394054662
0.0,102.05292744453732,51.02646372226866,51.02646372226866,51.02646372226866,0.0,3.6331804249169903,9737.55208971947,49.84776825495802,24.92388412747901,24.92388412747901,24.92388412747901,0.0,1.7320508075688772,4551.1480969091745,73.3021145670437,36.65105728352185,36.65105728352185,36.65105728352185,0.0,1.51657508881031,8341.927145450265,39.50696141188284,19.75348070594142,19.75348070594142,19.75348070594142,0.0,0.9999999999999999,4828.947763229583,81.97560612767678,40.98780306383839,40.98780306383839,40.98780306383839,0.0,2.3874672772626644,7791.368268795924,33.60357123878354,16.80178561939177,16.80178561939177,16.80178561939177,0.0,1.5165750888103104,4095.2373313399066,136.26885190680957,68.13442595340479,68.13442595340479,68.13442595340479,0.0,2.4083189157584592,13890.767138642846,95.21974585137265,47.609872925686325,47.609872925686325,47.609872925686325,0.0,1.3038404810405297,12856.496420098283,98.20997912635967,49.104989563179835,49.104989563179835,49.104989563179835,0.0,2.1213203435596424,9986.116252077181,110.53868101257586,55.26934050628793,55.26934050628793,55.26934050628793,0.0,3.420526275297414,12364.908620770313,85.50321631377383,42.75160815688692,42.75160815688692,42.75160815688692,0.0,1.7888543819998317,9453.515721677306,57.67148342118486,28.83574171059243,28.83574171059243,28.83574171059243,0.0,1.6733200530681511,6560.512533331524,57.73387220687697,28.866936103438483,28.866936103438483,28.866936103438483,0.0,1.4832396974191326,4527.188918081506,110.21433663548495,55.10716831774248,55.10716831774248,55.10716831774248,0.0,1.5165750888103102,11006.856263257007,53.97406784743948,26.98703392371974,26.98703392371974,26.98703392371974,0.0,1.3038404810405297,5864.0361782649325,90.033327162779,45.0166635813895,45.0166635813895,45.0166635813895,0.0,1.5811388300841898,10223.248079744519,74.54394676967406,37.27197338483703,37.27197338483703,37.27197338483703,0.0,1.140175425099138,8279.999879227053,50.75431016179808,25.37715508089904,25.37715508089904,25.37715508089904,0.0,3.4351128074635335,5386.200265493291,35.42315626818141,17.711578134090704,17.711578134090704,17.711578134090704,0.0,0.44721359549995787,3593.7349651859413,136.79619877759762,68.39809938879881,68.39809938879881,68.39809938879881,0.0,1.8708286933869707,14296.678470889663
0.0,101.36666118601323,50.683330593006616,50.683330593006616,50.683330593006616,0.0,3.2093613071762426,9738.333183866735,49.181297258205795,24.590648629102898,24.590648629102898,24.590648629102898,0.0,1.7320508075688772,4555.474322175463,73.12181617000498,36.56090808500249,36.56090808500249,36.56090808500249,0.0,1.51657508881031,8337.592236371362,38.95125158451266,19.47562579225633,19.47562579225633,19.47562579225633,0.0,0.9999999999999999,4827.20892441999,81.97560612767678,40.98780306383839,40.98780306383839,40.98780306383839,0.0,2.3874672772626644,7788.452304533937,33.12400941915094,16.56200470957547,16.56200470957547,16.56200470957547,0.0,1.816590212458495,4179.711198157117,136.0470506846804,68.0235253423402,68.0235253423402,68.0235253423402,0.0,2.4083189157584592,13891.485028606554,95.21974585137265,47.609872925686325,47.609872925686325,47.609872925686325,0.0,1.3038404810405297,12856.831580914482,98.16720429960303,49.083602149801514,49.083602149801514,49.083602149801514,0.0,2.1213203435596424,9982.904402026496,111.22409810827867,55.612049054139334,55.612049054139334,55.612049054139334,0.0,3.420526275297414,12364.517794883874,85.50321631377383,42.75160815688692,42.75160815688692,42.75160815688692,0.0,1.7888543819998317,9452.68447585129,57.67148342118486,28.83574171059243,28.83574171059243,28.83574171059243,0.0,1.6733200530681511,6561.1308628924635,57.9068217052188,28.9534108526094,28.9534108526094,28.9534108526094,0.0,1.4832396974191326,4527.025425155021,109.85080791691976,54.92540395845988,54.92540395845988,54.92540395845988,0.0,1.5165750888103102,11005.92832068245,54.651623946594675,27.325811973297338,27.325811973297338,27.325811973297338,0.0,1.3038404810405297,5869.585164217315,89.85989094139832,44.92994547069916,44.92994547069916,44.92994547069916,0.0,1.5811388300841898,10224.053046615125,74.87322618933953,37.43661309466977,37.43661309466977,37.43661309466977,0.0,1.140175425099138,8276.327851166845,51.291324802543365,25.645662401271682,25.645662401271682,25.645662401271682,0.0,3.4351128074635335,5386.077162462491,35.28739151595085,17.643695757975426,17.643695757975426,17.643695757975426,0.0,0.44721359549995787,3598.189794882977,138.54529945111815,69.27264972555908,69.27264972555908,69.27264972555908,0.0,1.8708286933869707,14295.004116823471
0.0,101.16718835669992,50.58359417834996,50.58359417834996,50.58359417834996,0.0,3.2093613071762426,9739.16625281651,49.36800583373811,24.684002916869055,24.684002916869055,24.684002916869055,0.0,1.7320508075688772,4560.577189347857,72.75987905432498,36.37993952716249,36.37993952716249,36.37993952716249,0.0,1.51657508881031,8339.286258427635,39.30903204099536,19.65451602049768,19.65451602049768,19.65451602049768,0.0,0.9999999999999999,4823.9490358004405,81.97560612767678,40.98780306383839,40.98780306383839,40.98780306383839,0.0,2.3874672772626644,7786.294548756809,33.12400941915094,16.56200470957547,16.56200470957547,16.56200470957547,0.0,1.816590212458495,4179.392802788462,136.0470506846804,68.0235253423402,68.0235253423402,68.0235253423402,0.0,2.4083189157584592,13892.937425181184,95.21974585137265,47.609872925686325,47.609872925686325,47.609872925686325,0.0,1.3038404810405297,12857.446247214102,98.16720429960303,49.083602149801514,49.083602149801514,49.083602149801514,0.0,2.1213203435596424,9978.78984646936,111.08195172934259,55.540975864671296,55.540975864671296,55.540975864671296,0.0,3.420526275297414,12358.806718287975,85.50321631377383,42.75160815688692,42.75160815688692,42.75160815688692,0.0,1.7888543819998317,9454.23128551444,58.17903402429435,29.089517012147176,29.089517012147176,29.089517012147176,0.0,1.6733200530681511,6564.339745930279,58.56620185738529,29.283100928692644,29.283100928692644,29.283100928692644,0.0,1.4832396974191326,4530.724533670084,109.33800803014476,54.66900401507238,54.66900401507238,54.66900401507238,0.0,1.5165750888103102,11009.670467366406,56.0249944221327,28.01249721106635,28.01249721106635,28.01249721106635,0.0,1.3038404810405297,5871.194963548732,89.78418568990867,44.892092844954334,44.892092844954334,44.892092844954334,0.0,1.5811388300841898,10222.863771957445,74.87322618933953,37.43661309466977,37.43661309466977,37.43661309466977,0.0,1.140175425099138,8270.349055511502,50.27126415756818,25.13563207878409,25.13563207878409,25.13563207878409,0.0,3.0495901363953815,5386.848819114938,35.28739151595085,17.643695757975426,17.643695757975426,17.643695757975426,0.0,0.44721359549995787,3597.7515478420682,139.42022808760572,69.71011404380286,69.71011404380286,69.71011404380286,0.0,1.8708286933869707,14294.180774007302
0.0,101.43963722332607,50.71981861166304,50.71981861166304,50.71981861166304,0.0,3.2093613071762426,9738.034159931869,49.36800583373811,24.684002916869055,24.684002916869055,24.684002916869055,0.0,1.7320508075688772,4562.705096760035,72.24126244744066,36.12063122372033,36.12063122372033,36.12063122372033,0.0,1.51657508881031,8340.235350396295,39.30903204099536,19.65451602049768,19.65451602049768,19.65451602049768,0.0,0.9999999999999999,4821.3353648133625,82.3091732433269,41.15458662166345,41.15458662166345,41.15458662166345,0.0,2.3874672772626644,7784.819952959734,33.12400941915094,16.56200470957547,16.56200470957547,16.56200470957547,0.0,1.816590212458495,4179.896446085716,135.82341477079717,67.91170738539859,67.91170738539859,67.91170738539859,0.0,2.4083189157584592,13893.903105319254,94.29103881069504,47.14551940534752,47.14551940534752,47.14551940534752,0.0,1.3038404810405297,12860.399982115641,98.16720429960303,49.083602149801514,49.083602149801514,49.083602149801514,0.0,2.1213203435596424,9980.065245277709,111.08195172934259,55.540975864671296,55.540975864671296,55.540975864671296,0.0,3.420526275297414,12357.798517535395,85.50321631377383,42.75160815688692,42.75160815688692,42.75160815688692,0.0,1.7888543819998317,9454.175638309243,58.17903402429435,29.089517012147176,29.089517012147176,29.089517012147176,0.0,1.6733200530681511,6566.27685983465,34.72751070837067,17.363755354185336,17.363755354185336,17.363755354185336,0.0,1.1401754250991378,3636.8317667992287,109.33800803014476,54.66900401507238,54.66900401507238,54.66900401507238,0.0,1.5165750888103102,11014.809244830343,56.24233281079297,28.121166405396487,28.121166405396487,28.121166405396487,0.0,1.3038404810405297,5868.114475706826,89.61026726887941,44.805133634439706,44.805133634439706,44.805133634439706,0.0,1.5811388300841898,10219.055900620175,75.51688552899941,37.758442764499705,37.758442764499705,37.758442764499705,0.0,1.140175425099138,8267.461176201556,50.821255395749525,25.410627697874762,25.410627697874762,25.410627697874762,0.0,3.0495901363953815,5385.294003116264,35.28739151595085,17.643695757975426,17.643695757975426,17.643695757975426,0.0,0.44721359549995787,3599.201439208425,138.92875872187156,69.46437936093578,69.46437936093578,69.46437936093578,0.0,1.8708286933869707,14292.951909944986
0.0,102.80661457318786,51.40330728659393,51.40330728659393,51.40330728659393,0.0,3.6331804249169903,9785.877768498849,49.57015230963085,24.785076154815425,24.785076154815425,24.785076154815425,0.0,1.7320508075688772,4565.98344280835,72.47896246498014,36.23948123249007,36.23948123249007,36.23948123249007,0.0,1.51657508881031,8339.939795945771,39.859754138729954,19.929877069364977,19.929877069364977,19.929877069364977,0.0,0.9999999999999999,4818.348451492482,82.3091732433269,41.15458662166345,41.15458662166345,41.15458662166345,0.0,2.3874672772626644,7786.485998189427,33.2264954516723,16.61324772583615,16.61324772583615,16.61324772583615,0.0,1.8708286933869707,4180.7394322057435,135.82341477079717,67.91170738539859,67.91170738539859,67.91170738539859,0.0,2.4083189157584592,13893.959396082888,94.29103881069504,47.14551940534752,47.14551940534752,47.14551940534752,0.0,1.3038404810405297,12863.45050909747,98.16720429960303,49.083602149801514,49.083602149801514,49.083602149801514,0.0,2.1213203435596424,9980.606735063755,110.75197515168747,55.37598757584374,55.37598757584374,55.37598757584374,0.0,3.4641016151377544,12362.139588275162,85.50321631377383,42.75160815688692,42.75160815688692,42.75160815688692,0.0,1.7888543819998317,9455.751942600864,57.17342039794366,28.58671019897183,28.58671019897183,28.58671019897183,0.0,1.6733200530681511,6565.159899042826,34.72751070837067,17.363755354185336,17.363755354185336,17.363755354185336,0.0,1.1401754250991378,3637.6402790820316,109.04677895288792,54.52338947644396,54.52338947644396,54.52338947644396,0.0,1.5165750888103102,11013.540802121723,67.69933529954338,33.84966764977169,33.84966764977169,33.84966764977169,0.0,1.9493588689617927,6624.1801756896675,89.77081931229101,44.885409656145505,44.885409656145505,44.885409656145505,0.0,1.5811388300841898,10219.905616002528,75.84985168080422,37.92492584040211,37.92492584040211,37.92492584040211,0.0,1.140175425099138,8267.394250911228,50.17967716117751,25.089838580588754,25.089838580588754,25.089838580588754,0.0,3.0495901363953815,5385.100064065662,34.62369131100842,17.31184565550421,17.31184565550421,17.31184565550421,0.0,0.44721359549995787,3598.7906301978724,138.60447323228786,69.30223661614393,69.30223661614393,69.30223661614393,0.0,1.8708286933869707,14299.704007426168
0.0,102.44413111545238,51.22206555772619,51.22206555772619,51.22206555772619,0.0,3.6469165057620936,9780.352232920857,49.57015230963085,24.785076154815425,24.785076154815425,24.785076154815425,0.0,1.7320508075688772,4567.817717466405,71.77743377970545,35.888716889852724,35.888716889852724,35.888716889852724,0.0,1.51657508881031,8343.053637607756,40.01499718855419,20.007498594277095,20.007498594277095,20.007498594277095,0.0,0.9999999999999999,4816.496423750359,82.3091732433269,41.15458662166345,41.15458662166345,41.15458662166345,0.0,2.3874672772626644,7786.605890887248,33.05752561823102,16.52876280911551,16.52876280911551,16.52876280911551,0.0,1.9235384061671346,4177.662444477773,135.82341477079717,67.91170738539859,67.91170738539859,67.91170738539859,0.0,2.4083189157584592,13897.463103027112,94.6403719350257,47.32018596751285,47.32018596751285,47.32018596751285,0.0,1.3038404810405297,12862.726472253074,96.77396344058664,48.38698172029332,48.38698172029332,48.38698172029332,0.0,1.9235384061671343,10110.750580446536,111.45043741502317,55.72521870751159,55.72521870751159,55.72521870751159,0.0,3.4641016151377544,12367.9771668612,85.23614256874838,42.61807128437419,42.61807128437419,42.61807128437419,0.0,1.7888543819998317,9460.079782961664,57.768503529172364,28.884251764586182,28.884251764586182,28.884251764586182,0.0,1.6733200530681511,6569.984649905964,34.39185950192284,17.19592975096142,17.19592975096142,17.19592975096142,0.0,1.1401754250991378,3636.4465072375256,109.04677895288792,54.52338947644396,54.52338947644396,54.52338947644396,0.0,1.5165750888103102,11015.381209926418,66.5792760549407,33.28963802747035,33.28963802747035,33.28963802747035,0.0,1.9493588689617927,6621.208364037489,89.93330862366847,44.96665431183423,44.96665431183423,44.96665431183423,0.0,1.30384048104053,10218.801828003125,76.49313694704904,38.24656847352452,38.24656847352452,38.24656847352452,0.0,1.140175425099138,8267.18103104075,50.17967716117751,25.089838580588754,25.089838580588754,25.089838580588754,0.0,3.0495901363953815,5384.584125074099,33.74611088703408,16.87305544351704,16.87305544351704,16.87305544351704,0.0,0.44721359549995787,3599.4174250842316,138.60447323228786,69.30223661614393,69.30223661614393,69.30223661614393,0.0,1.8708286933869707,14301.114054506384
0.0,103.02038633202655,51.51019316601327,51.51019316601327,51.51019316601327,0.0,3.209361307176242,9778.7888155947,49.57015230963085,24.785076154815425,24.785076154815425,24.785076154815425,0.0,1.7320508075688772,4565.0084884915605,71.41988518613006,35.70994259306503,35.70994259306503,35.70994259306503,0.0,1.51657508881031,8338.197634980836,40.16466108409232,20.08233054204616,20.08233054204616,20.08233054204616,0.0,0.9999999999999999,4813.083595783477,81.71413586399846,40.85706793199923,40.85706793199923,40.85706793199923,0.0,2.3874672772626644,7782.448027452544,33.633316815324655,16.816658407662327,16.816658407662327,16.816658407662327,0.0,1.9235384061671346,4179.864914085143,136.12053482116502,68.06026741058251,68.06026741058251,68.06026741058251,0.0,2.4083189157584592,13901.769412560403,94.2486074167677,47.12430370838385,47.12430370838385,47.12430370838385,0.0,1.3416407864998738,12862.35453950792,96.70573922989266,48.35286961494633,48.35286961494633,48.35286961494633,0.0,1.9235384061671343,10112.35290622316,111.45043741502317,55.72521870751159,55.72521870751159,55.72521870751159,0.0,3.4641016151377544,12370.132428555484,85.87665573367421,42.938327866837106,42.938327866837106,42.938327866837106,0.0,1.7888543819998317,9456.98832610044,57.768503529172364,28.884251764586182,28.884251764586182,28.884251764586182,0.0,1.6733200530681511,6570.47040172924,34.39185950192284,17.19592975096142,17.19592975096142,17.19592975096142,0.0,1.1401754250991378,3636.863236361796,108.62780491200216,54.31390245600108,54.31390245600108,54.31390245600108,0.0,1.5165750888103102,11010.859108171351,65.97575312188562,32.98787656094281,32.98787656094281,32.98787656094281,0.0,1.9493588689617927,6620.508311300576,89.93330862366847,44.96665431183423,44.96665431183423,44.96665431183423,0.0,1.30384048104053,10216.968077663745,75.86039810072182,37.93019905036091,37.93019905036091,37.93019905036091,0.0,1.140175425099138,8261.178021323594,49.54593827954013,24.772969139770066,24.772969139770066,24.772969139770066,0.0,2.6832815729997477,5383.507657652211,32.155870381627054,16.077935190813527,16.077935190813527,16.077935190813527,0.0,0.44721359549995787,3598.943914539375,138.02898246382895,69.01449123191448,69.01449123191448,69.01449123191448,0.0,1.8708286933869707,14301.107240350308
0.0,103.02038633202655,51.51019316601327,51.51019316601327,51.51019316601327,0.0,3.209361307176242,9777.39470922597,49.787548644214255,24.893774322107127,24.893774322107127,24.893774322107127,0.0,1.7320508075688772,4566.233710619727,72.47896246498014,36.23948123249007,36.23948123249007,36.23948123249007,0.0,1.4832396974191329,8337.322010094129,39.6333193159493,19.81665965797465,19.81665965797465,19.81665965797465,0.0,0.9999999999999999,4815.67899677709,81.62842642119227,40.81421321059614,40.81421321059614,40.81421321059614,0.0,2.3874672772626644,7782.325083161201,33.544000953970894,16.772000476985447,16.772000476985447,16.772000476985447,0.0,1.9235384061671346,4178.8703617126,135.60678449104233,67.80339224552117,67.80339224552117,67.80339224552117,0.0,2.4083189157584592,13898.27250776153,94.2486074167677,47.12430370838385,47.12430370838385,47.12430370838385,0.0,1.3416407864998738,12861.171711784273,96.70573922989266,48.35286961494633,48.35286961494633,48.35286961494633,0.0,1.9235384061671343,10108.287748179708,110.94683411436309,55.47341705718154,55.47341705718154,55.47341705718154,0.0,3.0331501776206204,12367.533028053735,85.87665573367421,42.938327866837106,42.938327866837106,42.938327866837106,0.0,1.7888543819998317,9455.764284287125,57.768503529172364,28.884251764586182,28.884251764586182,28.884251764586182,0.0,1.6733200530681511,6572.132355636183,34.420923869065454,17.210461934532727,17.210461934532727,17.210461934532727,0.0,1.1401754250991378,3636.187261404451,108.62780491200216,54.31390245600108,54.31390245600108,54.31390245600108,0.0,1.5165750888103102,11008.991915702363,65.83312236253116,32.91656118126558,32.91656118126558,32.91656118126558,0.0,1.9493588689617927,6622.772931333219,89.69503888175755,44.84751944087878,44.84751944087878,44.84751944087878,0.0,1.30384048104053,10215.358608487517,76.51143705355429,38.255718526777144,38.255718526777144,38.255718526777144,0.0,1.140175425099138,8264.252494932618,49.54593827954013,24.772969139770066,24.772969139770066,24.772969139770066,0.0,2.6832815729997477,5385.834642838564,32.81463088318989,16.407315441594946,16.407315441594946,16.407315441594946,0.0,0.44721359549995787,3598.116132089124,137.74904718363754,68.87452359181877,68.87452359181877,68.87452359181877,0.0,1.8708286933869707,14299.345799721048
0.0,103.77861051295686,51.88930525647843,51.88930525647843,51.88930525647843,0.0,3.209361307176242,9776.486444525968,49.77951385861457,24.889756929307286,24.889756929307286,24.889756929307286,0.0,1.7320508075688772,4562.088063595441,72.42927584892728,36.21463792446364,36.21463792446364,36.21463792446364,0.0,1.4832396974191329,8336.642591595251,39.7994974842648,19.8997487421324,19.8997487421324,19.8997487421324,0.0,0.9999999999999999,4816.500731859178,81.69455306200041,40.847276531000205,40.847276531000205,40.847276531000205,0.0,2.3874672772626644,7778.827559471929,33.38862081608044,16.69431040804022,16.69431040804022,16.69431040804022,0.0,1.9235384061671346,4181.32512488565,136.32754673946127,68.16377336973063,68.16377336973063,68.16377336973063,0.0,2.4083189157584592,13898.49611648685,93.86160024205851,46.93080012102926,46.93080012102926,46.93080012102926,0.0,1.3416407864998738,12856.824440739634,97.19465005852945,48.597325029264724,48.597325029264724,48.597325029264724,0.0,1.9235384061671343,10109.65255584978,110.81516141756055,55.40758070878027,55.40758070878027,55.40758070878027,0.0,3.0331501776206204,12367.682187863658,84.93055987099108,42.46527993549554,42.46527993549554,42.46527993549554,0.0,1.7888543819998317,9457.578188944568,57.74772722800439,28.873863614002197,28.873863614002197,28.873863614002197,0.0,1.6733200530681511,6579.035818415948,34.158454297582026,17.079227148791013,17.079227148791013,17.079227148791013,0.0,1.1401754250991378,3637.3211571154948,108.5486066239452,54.2743033119726,54.2743033119726,54.2743033119726,0.0,1.5165750888103102,11006.118402961147,65.65668282817828,32.82834141408914,32.82834141408914,32.82834141408914,0.0,1.9493588689617927,6623.122375435924,89.69503888175755,44.84751944087878,44.84751944087878,44.84751944087878,0.0,1.30384048104053,10210.863763658783,76.871321050181,38.4356605250905,38.4356605250905,38.4356605250905,0.0,1.140175425099138,8264.686158590657,50.64780350617389,25.323901753086943,25.323901753086943,25.323901753086943,0.0,3.0495901363953815,5428.278870876108,32.88160580020386,16.44080290010193,16.44080290010193,16.44080290010193,0.0,0.7071067811865477,3597.6074688603812,137.02116624813846,68.51058312406923,68.51058312406923,68.51058312406923,0.0,1.8708286933869707,14295.799393528156
0.0,102.65865769627031,51.329328848135155,51.329328848135155,51.329328848135155,0.0,3.209361307176242,9776.37595430945,48.93669379923413,24.468346899617064,24.468346899617064,24.468346899617064,0.0,1.30384048104053,4558.967229537848,72.42927584892728,36.21463792446364,36.21463792446364,36.21463792446364,0.0,1.4832396974191329,8338.86699138438,39.46137351892354,19.73068675946177,19.730686759461772,19.730686759461772,0.0,0.9999999999999999,4815.460985201728,81.54262688925346,40.77131344462673,40.77131344462673,40.77131344462673,0.0,2.3874672772626644,7779.525358272187,33.38862081608044,16.69431040804022,16.69431040804022,16.69431040804022,0.0,1.9235384061671346,4179.126308213237,135.81899719847738,67.90949859923869,67.90949859923869,67.90949859923869,0.0,2.4083189157584592,13895.526366424556,93.86160024205851,46.93080012102926,46.93080012102926,46.93080012102926,0.0,1.3416407864998738,12853.458184473158,97.33036525154932,48.66518262577466,48.66518262577466,48.66518262577466,0.0,1.9235384061671343,10110.155701076023,110.81516141756055,55.40758070878027,55.40758070878027,55.40758070878027,0.0,3.0331501776206204,12366.110787147267,85.58504542266715,42.792522711333575,42.792522711333575,42.792522711333575,0.0,1.7888543819998317,9457.480319831493,57.13842839980813,28.569214199904064,28.569214199904064,28.569214199904064,0.0,1.6733200530681511,6583.026469641452,55.76020086047036,27.88010043023518,27.88010043023518,27.88010043023518,0.0,1.9235384061671346,4830.564718539645,107.9685139288302,53.9842569644151,53.9842569644151,53.9842569644151,0.0,1.5165750888103102,11006.498548584832,67.9323192596867,33.96615962984335,33.96615962984335,33.96615962984335,0.0,1.9493588689617927,6779.996334807269,89.69503888175755,44.84751944087878,44.84751944087878,44.84751944087878,0.0,1.30384048104053,10207.851096092654,77.74831187877972,38.87415593938986,38.87415593938986,38.87415593938986,0.0,1.140175425099138,8263.818034056656,50.64780350617389,25.323901753086943,25.323901753086943,25.323901753086943,0.0,3.0495901363953815,5427.874289259102,33.1058907144937,16.55294535724685,16.55294535724685,16.55294535724685,0.0,0.8366600265340755,3600.969827699199,137.02116624813846,68.51058312406923,68.51058312406923,68.51058312406923,0.0,1.8708286933869707,14294.856826845102
0.0,102.65865769627031,51.329328848135155,51.329328848135155,51.329328848135155,0.0,3.209361307176242,9773.65311436824,48.93669379923413,24.468346899617064,24.468346899617064,24.468346899617064,0.0,1.30384048104053,4564.944829896634,72.42927584892728,36.21463792446364,36.21463792446364,36.21463792446364,0.0,1.4832396974191329,8338.610507752475,39.66358531449218,19.83179265724609,19.83179265724609,19.83179265724609,0.0,0.9999999999999999,4816.74555068046,81.54262688925346,40.77131344462673,40.77131344462673,40.77131344462673,0.0,2.3874672772626644,7775.343252873149,34.56587912956938,17.28293956478469,17.28293956478469,17.28293956478469,0.0,1.9235384061671346,4182.001135820027,135.81899719847738,67.90949859923869,67.90949859923869,67.90949859923869,0.0,2.4083189157584592,13897.5265497138,93.86160024205851,46.93080012102926,46.93080012102926,46.93080012102926,0.0,1.3416407864998738,12852.50128574201,97.47409912381852,48.73704956190926,48.73704956190926,48.73704956190926,0.0,1.949358868961793,10112.237131317677,111.52219510034762,55.76109755017381,55.76109755017381,55.76109755017381,0.0,3.0331501776206204,12365.09223580641,85.61541917201598,42.80770958600799,42.80770958600799,42.80770958600799,0.0,1.7888543819998317,9457.596666172649,57.13842839980813,28.569214199904064,28.569214199904064,28.569214199904064,0.0,1.6733200530681511,6580.499259174793,56.345363606955274,28.172681803477637,28.172681803477637,28.172681803477637,0.0,1.9235384061671346,4827.852711092169,109.42211842219105,54.711059211095524,54.711059211095524,54.711059211095524,0.0,1.5165750888103102,11005.258320457544,68.60903730559116,34.30451865279558,34.30451865279558,34.30451865279558,0.0,1.9493588689617927,6777.979035081179,89.69503888175755,44.84751944087878,44.84751944087878,44.84751944087878,0.0,1.30384048104053,10209.603239107777,77.74831187877972,38.87415593938986,38.87415593938986,38.87415593938986,0.0,1.140175425099138,8268.979398934309,51.0215640685387,25.51078203426935,25.51078203426935,25.51078203426935,0.0,3.0495901363953815,5432.846095740243,33.74611088703408,16.87305544351704,16.87305544351704,16.87305544351704,0.0,0.8366600265340755,3598.557377616758,137.02116624813846,68.51058312406923,68.51058312406923,68.51058312406923,0.0,1.8708286933869707,14299.993258739669
0.0,101.90780146779736,50.95390073389868,50.95390073389868,50.95390073389868,0.0,2.7748873851023212,9775.348571790164,48.0957378569037,24.04786892845185,24.04786892845185,24.04786892845185,0.0,1.30384048104053,4561.7450389078085,72.52034197382139,36.260170986910694,36.260170986910694,36.260170986910694,0.0,1.4832396974191329,8337.921401644418,39.344631145812,19.672315572906,19.672315572906,19.672315572906,0.0,0.9999999999999999,4816.725807018705,80.95183753319007,40.475918766595036,40.475918766595036,40.475918766595036,0.0,2.3874672772626644,7774.8337795736825,34.56587912956938,17.28293956478469,17.28293956478469,17.28293956478469,0.0,1.9235384061671346,4182.563412549773,135.5949851580065,67.79749257900325,67.79749257900325,67.79749257900325,0.0,2.4083189157584592,13902.923757253364,94.608667679024,47.304333839512,47.304333839512,47.304333839512,0.0,1.3416407864998738,12850.620549218625,97.07728879609277,48.53864439804639,48.53864439804639,48.53864439804639,0.0,1.949358868961793,10113.96841996256,112.35301509082879,56.176507545414395,56.176507545414395,56.176507545414395,0.0,3.0331501776206204,12369.915177558818,84.97529052612883,42.487645263064415,42.487645263064415,42.487645263064415,0.0,1.7888543819998317,9461.028236930699,57.13842839980813,28.569214199904064,28.569214199904064,28.569214199904064,0.0,1.6733200530681511,6578.723371597259,54.943607453460864,27.471803726730432,27.471803726730432,27.471803726730432,0.0,1.9235384061671346,4826.482445839827,109.42211842219105,54.711059211095524,54.711059211095524,54.711059211095524,0.0,1.5165750888103102,11003.135612178921,68.60903730559116,34.30451865279558,34.30451865279558,34.30451865279558,0.0,1.9493588689617927,6778.940610449394,89.69503888175755,44.84751944087878,44.84751944087878,44.84751944087878,0.0,1.30384048104053,10208.523717952561,77.5293492814173,38.76467464070865,38.76467464070865,38.76467464070865,0.0,1.140175425099138,8267.93802589255,51.40817055682881,25.704085278414404,25.704085278414404,25.704085278414404,0.0,3.0495901363953815,5429.39393486971,33.184333653096004,16.592166826548002,16.592166826548002,16.592166826548002,0.0,0.8366600265340755,3595.713350644069,137.8985134075056,68.9492567037528,68.9492567037528,68.9492567037528,0.0,1.8708286933869707,14300.689993842954
0.0,101.90780146779736,50.95390073389868,50.95390073389868,50.95390073389868,0.0,2.7748873851023212,9773.72174250935,49.05099387372289,24.525496936861444,24.525496936861444,24.525496936861444,0.0,1.30384048104053,4561.759945459647,72.79285679240786,36.39642839620393,36.39642839620393,36.39642839620393,0.0,1.4832396974191329,8346.12072761951,40.18955088079487,20.094775440397434,20.094775440397434,20.094775440397434,0.0,0.9999999999999999,4813.32917012747,80.88757630192661,40.44378815096331,40.44378815096331,40.44378815096331,0.0,2.3874672772626644,7769.544079288051,34.56587912956938,17.28293956478469,17.28293956478469,17.28293956478469,0.0,1.9235384061671346,4181.4094752846195,136.1954477947042,68.0977238973521,68.0977238973521,68.0977238973521,0.0,2.4083189157584592,13899.973464003448,94.32497018287364,47.16248509143682,47.16248509143682,47.16248509143682,0.0,1.3416407864998738,12847.490638253059,97.05668446840743,48.52834223420371,48.52834223420371,48.52834223420371,0.0,1.6733200530681511,10114.022429281044,111.85168751520918,55.92584375760459,55.92584375760459,55.92584375760459,0.0,3.0331501776206204,12370.183070593579,84.67112849135766,42.33556424567883,42.33556424567883,42.33556424567883,0.0,1.7888543819998317,9460.034846658864,57.26429952422364,28.63214976211182,28.63214976211182,28.63214976211182,0.0,1.6733200530681511,6578.159218200788,55.21956175124898,27.60978087562449,27.60978087562449,27.60978087562449,0.0,1.9235384061671346,4823.670158706957,109.42211842219105,54.711059211095524,54.711059211095524,54.711059211095524,0.0,1.5165750888103102,11008.210640244853,68.60903730559116,34.30451865279558,34.30451865279558,34.30451865279558,0.0,1.9493588689617927,6777.643189191947,89.62812058723534,44.81406029361767,44.81406029361767,44.81406029361767,0.0,1.30384048104053,10207.791764137824,76.80364574680033,38.401822873400164,38.401822873400164,38.401822873400164,0.0,1.140175425099138,8267.539144146824,51.68365312165927,25.841826560829634,25.841826560829634,25.841826560829634,0.0,2.6832815729997477,5427.774755827659,33.184333653096004,16.592166826548002,16.592166826548002,16.592166826548002,0.0,0.8366600265340755,3592.4608974907437,137.5034545020597,68.75172725102985,68.75172725102985,68.75172725102985,0.0,1.8708286933869707,14304.169245363395
0.0,101.83319694480774,50.91659847240387,50.91659847240387,50.91659847240387,0.0,2.7748873851023212,9777.151696685492,48.22032766375608,24.11016383187804,24.11016383187804,24.11016383187804,0.0,1.30384048104053,4561.132567685355,73.2666363360568,36.6333181680284,36.6333181680284,36.6333181680284,0.0,1.4832396974191329,8348.772975713258,40.18955088079487,20.094775440397434,20.094775440397434,20.094775440397434,0.0,0.9999999999999999,4815.144722643339,80.88757630192661,40.44378815096331,40.44378815096331,40.44378815096331,0.0,2.3874672772626644,7769.613355888438,33.94112549695428,16.97056274847714,16.97056274847714,16.97056274847714,0.0,1.5165750888103104,4177.89765312651,136.3084736911099,68.15423684555495,68.15423684555495,68.15423684555495,0.0,2.0736441353327724,13898.883163765353,94.32497018287364,47.16248509143682,47.16248509143682,47.16248509143682,0.0,1.3416407864998738,12850.323953114956,98.11829594932844,49.05914797466422,49.05914797466422,49.05914797466422,0.0,1.6733200530681511,10115.073568689453,111.85168751520918,55.92584375760459,55.92584375760459,55.92584375760459,0.0,3.0331501776206204,12366.634404719822,85.32994784950944,42.66497392475472,42.66497392475472,42.66497392475472,0.0,1.7888543819998317,9464.032966975548,57.26429952422364,28.63214976211182,28.63214976211182,28.63214976211182,0.0,1.6733200530681511,6581.180843891163,56.096345692032386,28.048172846016193,28.048172846016193,28.048172846016193,0.0,1.9235384061671346,4824.032628413701,109.42211842219105,54.711059211095524,54.711059211095524,54.711059211095524,0.0,1.5165750888103102,11012.918450619709,68.32861772346928,34.16430886173464,34.16430886173464,34.16430886173464,0.0,1.9493588689617927,6779.584072787946,89.57008429157584,44.78504214578792,44.78504214578792,44.78504214578792,0.0,1.30384048104053,10213.02549198816,75.58571293571292,37.79285646785646,37.79285646785646,37.79285646785646,0.0,1.140175425099138,8268.370867347448,51.05683108066931,25.528415540334656,25.528415540334656,25.528415540334656,0.0,2.6832815729997477,5423.307957326414,32.723080539582455,16.361540269791227,16.361540269791227,16.361540269791227,0.0,0.8366600265340755,3591.830007113366,137.21953213737467,68.60976606868734,68.60976606868734,68.60976606868734,0.0,1.8708286933869707,14302.026964734754
0.0,102.47536289274608,51.23768144637304,51.23768144637304,51.23768144637304,0.0,2.7748873851023212,9773.682535257629,48.22032766375608,24.11016383187804,24.11016383187804,24.11016383187804,0.0,1.30384048104053,4562.695004051881,72.76537638190295,36.38268819095148,36.38268819095148,36.38268819095148,0.0,1.4832396974191329,8347.53144348675,39.125439294658406,19.562719647329203,19.562719647329203,19.562719647329203,0.0,0.8366600265340753,4810.431269647244,79.96749339575426,39.98374669787713,39.98374669787713,39.98374669787713,0.0,2.4083189157584592,7771.413269155102,32.91200388915874,16.45600194457937,16.45600194457937,16.45600194457937,0.0,1.5165750888103104,4178.3324065947645,135.79101590311487,67.89550795155743,67.89550795155743,67.89550795155743,0.0,1.9235384061671343,13896.351114591198,94.6931887730052,47.3465943865026,47.3465943865026,47.3465943865026,0.0,1.3416407864998738,12847.382846323215,98.11829594932844,49.05914797466422,49.05914797466422,49.05914797466422,0.0,1.6733200530681511,10113.581151105676,111.85168751520918,55.92584375760459,55.92584375760459,55.92584375760459,0.0,3.0331501776206204,12375.602583308822,85.32994784950944,42.66497392475472,42.66497392475472,42.66497392475472,0.0,1.7888543819998317,9467.423947410405,57.26429952422364,28.63214976211182,28.63214976211182,28.63214976211182,0.0,1.6733200530681511,6582.633842163788,56.69215113223346,28.34607556611673,28.34607556611673,28.34607556611673,0.0,1.9235384061671346,4827.521020151025,109.04677895288792,54.52338947644396,54.52338947644396,54.52338947644396,0.0,1.5165750888103102,11013.80818790667,68.19677411725573,34.098387058627864,34.098387058627864,34.098387058627864,0.0,1.9493588689617927,6780.829359304066,89.57008429157584,44.78504214578792,44.78504214578792,44.78504214578792,0.0,1.30384048104053,10212.883765127262,72.2357252334328,36.1178626167164,36.1178626167164,36.1178626167164,0.0,1.140175425099138,7635.783371730762,50.785824793932406,25.392912396966203,25.392912396966203,25.392912396966203,0.0,2.6832815729997477,5421.109277629441,32.391356871857035,16.195678435928517,16.195678435928517,16.195678435928517,0.0,0.8366600265340755,3586.97640081448,137.77517918696387,68.88758959348193,68.88758959348193,68.88758959348193,0.0,1.8708286933869707,14298.077447685055
0.0,101.78997986049511,50.894989930247554,50.894989930247554,50.894989930247554,0.0,2.345207879911715,9769.909196097986,48.42726504769808,24.21363252384904,24.21363252384904,24.21363252384904,0.0,1.30384048104053,4562.60470564786,73.73737180019369,36.86868590009684,36.86868590009684,36.86868590009684,0.0,1.4832396974191329,8348.36982889474,39.344631145812,19.672315572906,19.672315572906,19.672315572906,0.0,0.8366600265340753,4813.147753809351,80.95183753319007,40.475918766595036,40.475918766595036,40.475918766595036,0.0,2.4083189157584592,7767.094450307657,33.298648621227855,16.649324310613927,16.649324310613927,16.649324310613927,0.0,1.5165750888103104,4178.005600762162,135.79101590311487,67.89550795155743,67.89550795155743,67.89550795155743,0.0,1.9235384061671343,13895.7451833286,94.6931887730052,47.3465943865026,47.3465943865026,47.3465943865026,0.0,1.3416407864998738,12847.285927385597,98.11829594932844,49.05914797466422,49.05914797466422,49.05914797466422,0.0,1.6733200530681511,10115.439001842678,111.85168751520918,55.92584375760459,55.92584375760459,55.92584375760459,0.0,3.0331501776206204,12376.62884229789,85.32994784950944,42.66497392475472,42.66497392475472,42.66497392475472,0.0,1.7888543819998317,9463.77174809283,57.74772722800439,28.873863614002197,28.873863614002197,28.873863614002197,0.0,1.6733200530681511,6583.4857560414,55.7243214404626,27.8621607202313,27.8621607202313,27.8621607202313,0.0,1.9235384061671346,4828.262285750433,109.04677895288792,54.52338947644396,54.52338947644396,54.52338947644396,0.0,1.5165750888103102,11011.493372835494,67.80265481527991,33.901327407639954,33.901327407639954,33.901327407639954,0.0,1.9493588689617927,6779.326257084844,89.07749435182828,44.53874717591414,44.53874717591414,44.53874717591414,0.0,1.30384048104053,10210.736702119,71.14211129844264,35.57105564922132,35.57105564922132,35.57105564922132,0.0,0.8944271909999157,7631.7093629147075,49.86782529848279,24.933912649241396,24.933912649241396,24.933912649241396,0.0,2.5495097567963922,5420.639353434242,31.843366656181317,15.921683328090658,15.921683328090658,15.921683328090658,0.0,0.8366600265340755,3586.194807870872,137.77517918696387,68.88758959348193,68.88758959348193,68.88758959348193,0.0,1.8708286933869707,14297.351125295902
0.0,101.43963722332607,50.71981861166304,50.71981861166304,50.71981861166304,0.0,2.345207879911715,9770.622764184482,49.05914797466422,24.52957398733211,24.52957398733211,24.52957398733211,0.0,1.30384048104053,4561.1260999889055,73.73737180019369,36.86868590009684,36.86868590009684,36.86868590009684,0.0,1.4832396974191329,8348.11724282787,39.344631145812,19.672315572906,19.672315572906,19.672315572906,0.0,0.8366600265340753,4811.44606121694,80.88757630192661,40.44378815096331,40.44378815096331,40.44378815096331,0.0,2.4083189157584592,7768.817876614176,33.166247903554,16.583123951777,16.583123951777,16.583123951777,0.0,1.5165750888103104,4183.018144832748,135.79101590311487,67.89550795155743,67.89550795155743,67.89550795155743,0.0,1.9235384061671343,13895.663928002865,94.97999789429352,47.48999894714676,47.48999894714676,47.48999894714676,0.0,1.3416407864998738,12848.128918251092,98.01020355044673,49.005101775223366,49.005101775223366,49.005101775223366,0.0,1.6733200530681511,10120.609591324033,111.35169509262083,55.675847546310415,55.675847546310415,55.675847546310415,0.0,2.6076809620810595,12374.633093550692,85.32994784950944,42.66497392475472,42.66497392475472,42.66497392475472,0.0,1.7888543819998317,9465.964150576527,57.74772722800439,28.873863614002197,28.873863614002197,28.873863614002197,0.0,1.6733200530681511,6583.426486260782,54.76130020370225,27.380650101851124,27.380650101851124,27.380650101851124,0.0,1.9235384061671346,4829.290713966183,109.92179037843225,54.960895189216124,54.960895189216124,54.960895189216124,0.0,1.5165750888103102,11013.165998022549,67.6904720030818,33.8452360015409,33.8452360015409,33.8452360015409,0.0,1.9493588689617927,6778.403167413399,89.07749435182828,44.53874717591414,44.53874717591414,44.53874717591414,0.0,1.30384048104053,10209.39415440505,70.94223001851577,35.471115009257886,35.471115009257886,35.471115009257886,0.0,0.8944271909999157,7631.6084281100275,49.99199935989758,24.99599967994879,24.99599967994879,24.99599967994879,0.0,2.6832815729997477,5422.613133905092,32.23042041301974,16.11521020650987,16.11521020650987,16.11521020650987,0.0,0.8366600265340755,3585.339314486148,137.77517918696387,68.88758959348193,68.88758959348193,68.88758959348193,0.0,1.8708286933869707,14297.33623791509
0.0,101.9156513985953,50.95782569929765,50.95782569929765,50.95782569929765,0.0,2.345207879911715,9770.475602548731,50.051972988085105,25.025986494042552,25.025986494042552,25.025986494042552,0.0,1.30384048104053,4561.432044873627,73.73737180019369,36.86868590009684,36.86868590009684,36.86868590009684,0.0,1.4832396974191329,8348.972912879763,39.344631145812,19.672315572906,19.672315572906,19.672315572906,0.0,0.8366600265340753,4813.16720050322,81.21576201698781,40.607881008493905,40.607881008493905,40.607881008493905,0.0,2.4083189157584592,7765.789064866493,33.166247903554,16.583123951777,16.583123951777,16.583123951777,0.0,1.5165750888103104,4181.954483253016,135.56990816549225,67.78495408274613,67.78495408274613,67.78495408274613,0.0,1.9235384061671343,13896.252419267577,94.54099639838793,47.270498199193966,47.270498199193966,47.270498199193966,0.0,1.1401754250991378,12849.595838002066,97.861126092029,48.9305630460145,48.9305630460145,48.9305630460145,0.0,1.6733200530681511,10116.55997856979,111.35169509262083,55.675847546310415,55.675847546310415,55.675847546310415,0.0,2.6076809620810595,12369.878224946275,85.32994784950944,42.66497392475472,42.66497392475472,42.66497392475472,0.0,1.7888543819998317,9466.736861242103,57.74772722800439,28.873863614002197,28.873863614002197,28.873863614002197,0.0,1.6733200530681511,6586.275715455587,54.76130020370225,27.380650101851124,27.380650101851124,27.380650101851124,0.0,1.9235384061671346,4833.935332624962,110.79711187571633,55.39855593785816,55.39855593785816,55.39855593785816,0.0,1.5165750888103102,11012.459103215775,67.6904720030818,33.8452360015409,33.8452360015409,33.8452360015409,0.0,1.9493588689617927,6777.8613367344715,88.42624044931459,44.213120224657295,44.213120224657295,44.213120224657295,0.0,1.30384048104053,10211.116917360216,70.8801805866774,35.4400902933387,35.4400902933387,35.4400902933387,0.0,0.8944271909999157,7625.041914638897,49.99199935989758,24.99599967994879,24.99599967994879,24.99599967994879,0.0,2.6832815729997477,5426.657691434019,31.924911902775865,15.962455951387932,15.962455951387932,15.962455951387932,0.0,0.8366600265340755,3583.6497736246492,137.57470697769995,68.78735348884997,68.78735348884997,68.78735348884997,0.0,1.8708286933869707,14297.294611219286
0.0,101.9156513985953,50.95782569929765,50.95782569929765,50.95782569929765,0.0,2.345207879911715,9771.925588132566,50.19960159204453,25.099800796022265,25.099800796022265,25.099800796022265,0.0,1.30384048104053,4562.36027731261,73.00684899377592,36.50342449688796,36.50342449688796,36.50342449688796,0.0,1.4832396974191329,8347.301420219592,39.05380903317883,19.526904516589415,19.526904516589415,19.526904516589415,0.0,0.8366600265340753,4811.159735448408,80.56798371561746,40.28399185780873,40.28399185780873,40.28399185780873,0.0,2.4083189157584592,7767.345685625174,33.05752561823102,16.52876280911551,16.52876280911551,16.52876280911551,0.0,1.5165750888103104,4181.388429696528,134.8406466908254,67.4203233454127,67.4203233454127,67.4203233454127,0.0,1.9235384061671343,13891.815475307754,93.50508007589748,46.75254003794874,46.75254003794874,46.75254003794874,0.0,1.1401754250991378,12848.953856248376,97.2378527117912,48.6189263558956,48.6189263558956,48.6189263558956,0.0,1.4832396974191326,10118.48307801125,111.35169509262083,55.675847546310415,55.675847546310415,55.675847546310415,0.0,2.6076809620810595,12369.356713265246,85.32994784950944,42.66497392475472,42.66497392475472,42.66497392475472,0.0,1.7888543819998317,9469.256026742545,57.148928248918196,28.574464124459098,28.574464124459098,28.574464124459098,0.0,1.6733200530681511,6582.873210080838,54.76130020370225,27.380650101851124,27.380650101851124,27.380650101851124,0.0,1.9235384061671346,4835.837548967087,110.59294733390551,55.29647366695276,55.29647366695276,55.29647366695276,0.0,1.5165750888103102,11013.477961116552,67.6904720030818,33.8452360015409,33.8452360015409,33.8452360015409,0.0,1.9493588689617927,6782.383003045464,88.42624044931459,44.213120224657295,44.213120224657295,44.213120224657295,0.0,1.30384048104053,10214.150884924307,70.15126513470729,35.075632567353644,35.075632567353644,35.075632567353644,0.0,0.8944271909999157,7624.419695950637,49.48535136785431,24.742675683927153,24.742675683927153,24.742675683927153,0.0,2.6832815729997477,5422.854525063345,32.23042041301975,16.115210206509875,16.115210206509875,16.115210206509875,0.0,0.8366600265340755,3584.6099229902266,137.2559652619878,68.6279826309939,68.6279826309939,68.6279826309939,0.0,1.8708286933869707,14299.98030418224
0.0,101.9156513985953,50.95782569929765,50.95782569929765,50.95782569929765,0.0,2.345207879911715,9775.431141387064,50.37062636100528,25.18531318050264,25.18531318050264,25.18531318050264,0.0,1.30384048104053,4564.276974505382,72.80659310804208,36.40329655402104,36.40329655402104,36.40329655402104,0.0,1.4832396974191329,8345.972423870091,39.30903204099536,19.65451602049768,19.65451602049768,19.65451602049768,0.0,0.8366600265340753,4807.491372847174,81.21576201698781,40.607881008493905,40.607881008493905,40.607881008493905,0.0,2.4083189157584592,7765.49539952217,33.633316815324655,16.816658407662327,16.816658407662327,16.816658407662327,0.0,1.5165750888103104,4183.879097201543,135.2597501106667,67.62987505533334,67.62987505533334,67.62987505533334,0.0,1.9235384061671343,13895.00918675479,93.50508007589748,46.75254003794874,46.75254003794874,46.75254003794874,0.0,1.1401754250991378,12852.104703121588,97.2378527117912,48.6189263558956,48.6189263558956,48.6189263558956,0.0,1.4832396974191326,10116.695839057335,112.1837777934047,56.09188889670235,56.09188889670235,56.09188889670235,0.0,2.6076809620810595,12368.776766519799,85.99302297279705,42.996511486398525,42.996511486398525,42.996511486398525,0.0,1.7888543819998317,9468.319423213394,56.55793489865061,28.278967449325304,28.278967449325304,28.278967449325304,0.0,1.6733200530681511,6579.203812012514,54.76130020370225,27.380650101851124,27.380650101851124,27.380650101851124,0.0,1.9235384061671346,4834.9052420911,110.59294733390551,55.29647366695276,55.29647366695276,55.29647366695276,0.0,1.5165750888103102,11016.193058402707,67.03133595565585,33.515667977827924,33.515667977827924,33.515667977827924,0.0,1.9493588689617927,6783.435044282505,87.72000911992657,43.860004559963286,43.860004559963286,43.860004559963286,0.0,1.30384048104053,10212.90616328183,70.10563458096645,35.052817290483226,35.052817290483226,35.052817290483226,0.0,0.8944271909999157,7623.0457954809635,49.9799959983992,24.9899979991996,24.9899979991996,24.9899979991996,0.0,2.6832815729997477,5422.422226274895,32.56992477731565,16.284962388657824,16.284962388657824,16.284962388657824,0.0,0.8366600265340755,3584.4636558347192,137.05911133521917,68.52955566760959,68.52955566760959,68.52955566760959,0.0,1.8708286933869707,14293.102980108973
0.0,88.35157044444654,44.17578522222327,44.17578522222327,44.17578522222327,0.0,2.16794833886788,8755.128571300367,88.41493086577628,44.20746543288814,44.20746543288814,44.20746543288814,0.0,3.492849839314596,8645.94221586057,72.80659310804208,36.40329655402104,36.40329655402104,36.40329655402104,0.0,1.4832396974191329,8340.680589736068,40.90476744830607,20.452383724153034,20.452383724153034,20.452383724153034,0.0,0.8366600265340753,4805.148977919415,80.88757630192661,40.44378815096331,40.44378815096331,40.44378815096331,0.0,2.4083189157584592,7761.1464359332895,33.633316815324655,16.816658407662327,16.816658407662327,16.816658407662327,0.0,1.5165750888103104,4184.866640646987,135.2597501106667,67.62987505533334,67.62987505533334,67.62987505533334,0.0,1.9235384061671343,13897.000079153773,93.5200513259055,46.76002566295275,46.76002566295275,46.76002566295275,0.0,1.1401754250991378,12851.752942692292,97.67906633460416,48.83953316730208,48.83953316730208,48.83953316730208,0.0,1.4832396974191326,10111.405406767151,112.7687900085835,56.38439500429175,56.38439500429175,56.38439500429175,0.0,2.6076809620810595,12369.233343259395,85.3580693314932,42.6790346657466,42.6790346657466,42.6790346657466,0.0,1.7888543819998317,9465.044468992208,56.55793489865061,28.278967449325304,28.278967449325304,28.278967449325304,0.0,1.6733200530681511,6579.90321357389,54.76130020370225,27.380650101851124,27.380650101851124,27.380650101851124,0.0,1.9235384061671346,4836.133031669001,111.01711579752016,55.50855789876008,55.50855789876008,55.50855789876008,0.0,1.5165750888103102,11011.398921118061,67.19523792650786,33.59761896325393,33.59761896325393,33.59761896325393,0.0,1.9493588689617927,6781.801272523399,87.88629017087932,43.94314508543966,43.94314508543966,43.94314508543966,0.0,1.30384048104053,10214.867424494554,70.91403246184778,35.45701623092389,35.45701623092389,35.45701623092389,0.0,1.3038404810405297,7618.660630320792,50.48564152311031,25.242820761555155,25.242820761555155,25.242820761555155,0.0,2.6832815729997477,5426.929776586389,32.51461209979292,16.25730604989646,16.25730604989646,16.25730604989646,0.0,0.8366600265340755,3583.3656246607043,136.79181262049275,68.39590631024637,68.39590631024637,68.39590631024637,0.0,1.8708286933869707,14286.204877433334
0.0,88.01590765310553,44.007953826552765,44.007953826552765,44.007953826552765,0.0,2.16794833886788,8758.526514203175,88.41493086577628,44.20746543288814,44.20746543288814,44.20746543288814,0.0,3.492849839314596,8639.799256927212,72.61680246334178,36.30840123167089,36.30840123167089,36.30840123167089,0.0,1.4832396974191329,8340.834892263483,40.90476744830607,20.452383724153034,20.452383724153034,20.452383724153034,0.0,0.8366600265340753,4808.186747621186,80.25708691448999,40.128543457244994,40.128543457244994,40.128543457244994,0.0,2.4083189157584592,7764.672710423794,31.591137997862628,15.795568998931314,15.795568998931314,15.795568998931314,0.0,1.5165750888103104,4407.739590765316,135.9749977017834,67.9874988508917,67.9874988508917,67.9874988508917,0.0,1.9235384061671343,13898.77349624779,95.00105262574726,47.50052631287363,47.50052631287363,47.50052631287363,0.0,1.1401754250991378,12851.023959202628,98.12644903388689,49.06322451694344,49.06322451694344,49.06322451694344,0.0,1.4832396974191326,10114.33088740921,112.55754084022979,56.278770420114896,56.278770420114896,56.278770420114896,0.0,2.6076809620810595,12367.434548037843,84.72779945212787,42.363899726063934,42.363899726063934,42.363899726063934,0.0,1.7888543819998317,9465.340775693181,56.54378834142615,28.271894170713075,28.271894170713075,28.271894170713075,0.0,1.6733200530681511,6579.25069441802,54.15533214744417,27.077666073722085,27.077666073722085,27.077666073722085,0.0,1.9235384061671346,4833.518852761413,131.86053238175555,65.93026619087777,65.93026619087777,65.93026619087777,0.0,2.16794833886788,13534.822773128579,67.55738301621814,33.77869150810907,33.77869150810907,33.77869150810907,0.0,1.9493588689617927,6782.3790221426,87.88629017087932,43.94314508543966,43.94314508543966,43.94314508543966,0.0,1.30384048104053,10215.61846879571,70.91403246184778,35.45701623092389,35.45701623092389,35.45701623092389,0.0,1.3038404810405297,7618.290589101994,50.14778160596937,25.073890802984685,25.073890802984685,25.073890802984685,0.0,2.302172886644268,5424.621848571566,32.48384213728419,16.241921068642096,16.241921068642096,16.241921068642096,0.0,0.8366600265340755,3581.0707197708343,137.6691686616869,68.83458433084346,68.83458433084346,68.83458433084346,0.0,1.8708286933869707,14282.30268549158
0.0,88.01590765310553,44.007953826552765,44.007953826552765,44.007953826552765,0.0,2.16794833886788,8761.859294693108,86.93675862372602,43.46837931186301,43.46837931186301,43.46837931186301,0.0,3.082207001484488,8641.61152216414,72.25787154352113,36.12893577176057,36.12893577176057,36.12893577176057,0.0,1.4832396974191329,8344.356925491622,40.679233031117974,20.339616515558987,20.339616515558987,20.339616515558987,0.0,0.8366600265340753,4805.4635052198655,80.25708691448999,40.128543457244994,40.128543457244994,40.128543457244994,0.0,2.4083189157584592,7763.569526963741,31.413372948475306,15.706686474237653,15.706686474237653,15.706686474237653,0.0,1.5165750888103104,4407.040730467555,135.4651246631398,67.7325623315699,67.7325623315699,67.7325623315699,0.0,1.9235384061671343,13899.832344312646,95.00105262574726,47.50052631287363,47.50052631287363,47.50052631287363,0.0,1.1401754250991378,12847.645476895757,97.6012295004525,48.80061475022625,48.80061475022625,48.80061475022625,0.0,1.4832396974191326,10118.009389202996,112.55754084022979,56.278770420114896,56.278770420114896,56.278770420114896,0.0,2.6076809620810595,12365.843743958598,84.67112849135766,42.33556424567883,42.33556424567883,42.33556424567883,0.0,1.7888543819998317,9465.756034253154,56.54378834142615,28.271894170713075,28.271894170713075,28.271894170713075,0.0,1.6733200530681511,6576.350150349356,53.37415104711268,26.68707552355634,26.68707552355634,26.68707552355634,0.0,1.9235384061671346,4838.315305971698,130.843417870369,65.4217089351845,65.4217089351845,65.4217089351845,0.0,2.16794833886788,13540.758601348743,68.31398099949966,34.15699049974983,34.15699049974983,34.15699049974983,0.0,1.9493588689617927,6779.528324301034,88.06134225640669,44.030671128203345,44.030671128203345,44.030671128203345,0.0,1.30384048104053,10222.91504415448,70.84631253636282,35.42315626818141,35.42315626818141,35.42315626818141,0.0,1.3038404810405297,7612.949316789124,49.73932046178355,24.869660230891775,24.869660230891775,24.869660230891775,0.0,2.302172886644268,5425.457741057431,32.477684646538464,16.238842323269232,16.238842323269232,16.238842323269232,0.0,0.8366600265340755,3578.256768316103,137.59796510123252,68.79898255061626,68.79898255061626,68.79898255061626,0.0,1.8708286933869707,14280.108304911415
0.0,88.49406759777742,44.24703379888871,44.24703379888871,44.24703379888871,0.0,2.16794833886788,8761.064393097451,86.66487177628547,43.33243588814273,43.33243588814273,43.33243588814273,0.0,3.082207001484488,8643.780162637178,115.04433927838431,57.52216963919216,57.52216963919216,57.52216963919216,0.0,3.847076812334269,12489.36696554313,40.679233031117974,20.339616515558987,20.339616515558987,20.339616515558987,0.0,0.8366600265340753,4806.368410765034,74.71813702174326,37.35906851087163,37.35906851087163,37.35906851087163,0.0,2.23606797749979,6248.627825370943,30.61372241332308,15.30686120666154,15.30686120666154,15.30686120666154,0.0,1.5165750888103104,4404.787758791563,135.4651246631398,67.7325623315699,67.7325623315699,67.7325623315699,0.0,1.9235384061671343,13900.628158468235,113.56583993437464,56.78291996718732,56.78291996718732,56.78291996718732,0.0,2.7748873851023212,14331.51852386899,97.6012295004525,48.80061475022625,48.80061475022625,48.80061475022625,0.0,1.4832396974191326,10117.036685709902,112.05712828731602,56.02856414365801,56.02856414365801,56.02856414365801,0.0,2.6076809620810595,12366.842879247717,84.67112849135766,42.33556424567883,42.33556424567883,42.33556424567883,0.0,1.7888543819998317,9463.97217345867,56.55793489865061,28.278967449325304,28.278967449325304,28.278967449325304,0.0,1.6733200530681511,6575.919274139548,53.37415104711268,26.68707552355634,26.68707552355634,26.68707552355634,0.0,1.9235384061671346,4834.956928453448,130.843417870369,65.4217089351845,65.4217089351845,65.4217089351845,0.0,2.16794833886788,13541.10317514788,68.28469813948071,34.142349069740355,34.142349069740355,34.142349069740355,0.0,1.9235384061671346,6777.726425579598,88.06134225640669,44.030671128203345,44.030671128203345,44.030671128203345,0.0,1.30384048104053,10223.0517214773,70.84631253636282,35.42315626818141,35.42315626818141,35.42315626818141,0.0,1.3038404810405297,7613.968367415247,49.34369260604642,24.67184630302321,24.67184630302321,24.67184630302321,0.0,2.302172886644268,5424.938174762916,33.12400941915094,16.56200470957547,16.56200470957547,16.56200470957547,0.0,0.8366600265340755,3581.907131682786,138.4745463975239,69.23727319876195,69.23727319876195,69.23727319876195,0.0,1.8708286933869707,14279.993329830375
0.0,87.95908139583996,43.97954069791998,43.97954069791998,43.97954069791998,0.0,1.7320508075688772,8759.65519869361,86.22760578840166,43.11380289420083,43.11380289420083,43.11380289420083,0.0,3.082207001484488,8643.18832954599,113.71543430862849,56.857717154314244,56.857717154314244,56.857717154314244,0.0,3.435112807463534,12488.789901347527,40.679233031117974,20.339616515558987,20.339616515558987,20.339616515558987,0.0,0.8366600265340753,4805.813333869722,74.17007482805987,37.085037414029934,37.085037414029934,37.085037414029934,0.0,1.9235384061671343,6246.449815695312,31.843366656181317,15.921683328090658,15.921683328090658,15.921683328090658,0.0,1.5165750888103104,4402.674323635579,135.4651246631398,67.7325623315699,67.7325623315699,67.7325623315699,0.0,1.9235384061671343,13901.617970581698,113.56583993437464,56.78291996718732,56.78291996718732,56.78291996718732,0.0,2.7748873851023212,14333.729148410752,97.6012295004525,48.80061475022625,48.80061475022625,48.80061475022625,0.0,1.4832396974191326,10119.125046168765,111.93748255164576,55.96874127582288,55.96874127582288,55.96874127582288,0.0,2.6076809620810595,12370.721252214844,84.97529052612883,42.487645263064415,42.487645263064415,42.487645263064415,0.0,1.7888543819998317,9464.07674842084,56.45174930859096,28.22587465429548,28.22587465429548,28.22587465429548,0.0,1.5165750888103102,6575.877492776154,53.37415104711268,26.68707552355634,26.68707552355634,26.68707552355634,0.0,1.9235384061671346,4837.012817845328,131.1838404682528,65.5919202341264,65.5919202341264,65.5919202341264,0.0,2.16794833886788,13538.603705700232,67.7347768875044,33.8673884437522,33.8673884437522,33.8673884437522,0.0,1.9235384061671346,6784.172558241719,87.41395769555339,43.706978847776696,43.706978847776696,43.706978847776696,0.0,1.30384048104053,10227.660949601332,70.84631253636282,35.42315626818141,35.42315626818141,35.42315626818141,0.0,1.3038404810405297,7611.728962594503,49.34369260604642,24.67184630302321,24.67184630302321,24.67184630302321,0.0,2.302172886644268,5426.827314370709,33.69272918598314,16.84636459299157,16.84636459299157,16.84636459299157,0.0,0.8944271909999157,3578.0531018977345,138.15498543302735,69.07749271651367,69.07749271651367,69.07749271651367,0.0,1.8708286933869707,14285.470111270402
0.0,88.29949037225526,44.14974518612763,44.14974518612763,44.14974518612763,0.0,1.7320508075688772,8761.257832069548,86.22760578840166,43.11380289420083,43.11380289420083,43.11380289420083,0.0,3.082207001484488,8648.02331749863,113.71543430862849,56.857717154314244,56.857717154314244,56.857717154314244,0.0,3.435112807463534,12490.383801148788,39.608079983760895,19.804039991880448,19.804039991880448,19.804039991880448,0.0,0.8366600265340753,4803.5700577799425,74.19703498119046,37.09851749059523,37.09851749059523,37.09851749059523,0.0,1.9235384061671343,6245.4895484661565,31.843366656181317,15.921683328090658,15.921683328090658,15.921683328090658,0.0,1.5165750888103104,4401.533278302006,135.4651246631398,67.7325623315699,67.7325623315699,67.7325623315699,0.0,1.9235384061671343,13901.227366675217,113.34901852243803,56.674509261219015,56.674509261219015,56.674509261219015,0.0,2.7748873851023212,14331.849381709257,97.55613768492476,48.77806884246238,48.77806884246238,48.77806884246238,0.0,1.4832396974191326,10122.073419018456,111.93748255164576,55.96874127582288,55.96874127582288,55.96874127582288,0.0,2.6076809620810595,12370.250413795187,83.70901982462821,41.85450991231411,41.85450991231411,41.85450991231411,0.0,1.7888543819998317,9466.321962620963,55.88559742903354,27.94279871451677,27.94279871451677,27.94279871451677,0.0,1.5165750888103102,6579.178649345221,55.074495004493684,27.537247502246842,27.537247502246842,27.537247502246842,0.0,2.345207879911715,4965.578888709754,131.1838404682528,65.5919202341264,65.5919202341264,65.5919202341264,0.0,2.16794833886788,13537.690619156578,68.14103022408746,34.07051511204373,34.07051511204373,34.07051511204373,0.0,1.5811388300841898,6786.154669619607,87.41395769555339,43.706978847776696,43.706978847776696,43.706978847776696,0.0,1.30384048104053,10228.427581989326,70.84631253636282,35.42315626818141,35.42315626818141,35.42315626818141,0.0,1.3038404810405297,7609.705874736553,49.34369260604642,24.67184630302321,24.67184630302321,24.67184630302321,0.0,2.302172886644268,5422.739390750767,33.69272918598314,16.84636459299157,16.84636459299157,16.84636459299157,0.0,0.8944271909999157,3574.901565078401,138.08692914247894,69.04346457123947,69.04346457123947,69.04346457123947,0.0,1.8708286933869707,14280.953550096016
0.0,87.6082187925311,43.80410939626555,43.80410939626555,43.80410939626555,0.0,1.7320508075688772,8758.956815740103,86.5378529893133,43.26892649465665,43.26892649465665,43.26892649465665,0.0,3.082207001484488,8644.013084210366,113.46717587038111,56.733587935190556,56.733587935190556,56.733587935190556,0.0,3.435112807463534,12488.820332601475,39.914909495074646,19.957454747537323,19.957454747537323,19.957454747537323,0.0,0.8366600265340753,4803.654577506589,74.19703498119046,37.09851749059523,37.09851749059523,37.09851749059523,0.0,1.9235384061671343,6248.531243420329,31.667017541915754,15.833508770957877,15.833508770957877,15.833508770957877,0.0,1.5165750888103104,4400.8310919643345,135.4651246631398,67.7325623315699,67.7325623315699,67.7325623315699,0.0,1.9235384061671343,13900.43711542914,112.58419071965655,56.292095359828274,56.292095359828274,56.292095359828274,0.0,2.7748873851023212,14327.178096191867,98.16720429960303,49.083602149801514,49.083602149801514,49.083602149801514,0.0,1.4832396974191326,10120.142474293532,111.78193056124948,55.89096528062474,55.89096528062474,55.89096528062474,0.0,2.1908902300206647,12377.088260168464,83.08309093913154,41.54154546956577,41.54154546956577,41.54154546956577,0.0,1.7888543819998317,9463.984002522406,56.868268832451726,28.434134416225863,28.434134416225863,28.434134416225863,0.0,1.5165750888103102,6581.301732940073,55.074495004493684,27.537247502246842,27.537247502246842,27.537247502246842,0.0,2.345207879911715,4965.624210509692,130.70577645995604,65.35288822997802,65.35288822997802,65.35288822997802,0.0,1.8708286933869707,13538.38067126198,67.7347768875044,33.8673884437522,33.8673884437522,33.8673884437522,0.0,1.5811388300841898,6783.4689503232785,88.3108147397588,44.1554073698794,44.1554073698794,44.1554073698794,0.0,1.30384048104053,10227.867509896674,70.58328414008518,35.29164207004259,35.29164207004259,35.29164207004259,0.0,1.3038404810405297,7610.041313948303,49.34369260604642,24.67184630302321,24.67184630302321,24.67184630302321,0.0,2.302172886644268,5421.64126441431,33.69272918598314,16.84636459299157,16.84636459299157,16.84636459299157,0.0,0.8944271909999157,3575.127592128706,137.59796510123252,68.79898255061626,68.79898255061626,68.79898255061626,0.0,1.6431676725154984,14282.249605716881
0.0,88.08632129905301,44.043160649526506,44.043160649526506,44.043160649526506,0.0,1.7320508075688772,8760.741960587586,87.45970500750617,43.72985250375309,43.72985250375309,43.72985250375309,0.0,3.082207001484488,8644.703754322643,114.4849335065536,57.2424667532768,57.2424667532768,57.2424667532768,0.0,3.435112807463534,12487.02797706484,39.4106584568185,19.70532922840925,19.70532922840925,19.70532922840925,0.0,0.5477225575051662,4806.071451820083,74.19703498119046,37.09851749059523,37.09851749059523,37.09851749059523,0.0,1.9235384061671343,6249.78734038207,31.003225638633154,15.501612819316577,15.501612819316577,15.501612819316577,0.0,1.5165750888103104,4394.976109150083,135.4651246631398,67.7325623315699,67.7325623315699,67.7325623315699,0.0,1.9235384061671343,13902.39124395512,112.91235539125026,56.45617769562513,56.45617769562513,56.45617769562513,0.0,2.7748873851023212,14329.219762429495,98.30564581955606,49.15282290977803,49.15282290977803,49.15282290977803,0.0,1.4832396974191326,10117.62602095966,111.78193056124948,55.89096528062474,55.89096528062474,55.89096528062474,0.0,2.1908902300206647,12377.17961815211,110.13627921806692,55.06813960903346,55.06813960903346,55.06813960903346,0.0,3.8987177379235853,12102.677340159078,56.89288180431714,28.44644090215857,28.44644090215857,28.44644090215857,0.0,1.5165750888103102,6578.049802183015,55.06359959174482,27.53179979587241,27.53179979587241,27.53179979587241,0.0,2.16794833886788,4965.75435357006,130.21059864696116,65.10529932348058,65.10529932348058,65.10529932348058,0.0,1.8708286933869707,13542.861340942689,68.00588209853615,34.002941049268074,34.002941049268074,34.002941049268074,0.0,1.5811388300841898,6787.060372502959,89.40469786314362,44.70234893157181,44.70234893157181,44.70234893157181,0.0,1.30384048104053,10223.99925665099,71.60167595803885,35.80083797901943,35.80083797901943,35.80083797901943,0.0,1.3038404810405297,7609.949461067399,49.34369260604642,24.67184630302321,24.67184630302321,24.67184630302321,0.0,2.302172886644268,5424.197977581571,33.38862081608044,16.69431040804022,16.69431040804022,16.69431040804022,0.0,0.8944271909999157,3572.35927644463,137.02116624813846,68.51058312406923,68.51058312406923,68.51058312406923,0.0,1.6431676725154984,14280.040843779125
0.0,87.40022883265237,43.70011441632619,43.70011441632619,43.70011441632619,0.0,1.7320508075688772,8754.692227600008,87.03332695008275,43.516663475041376,43.516663475041376,43.516663475041376,0.0,2.6832815729997477,8648.622531941142,114.3031058195708,57.1515529097854,57.1515529097854,57.1515529097854,0.0,3.03315017762062,12486.53053494044,39.93494710150497,19.967473550752484,19.967473550752484,19.967473550752484,0.0,0.5477225575051662,4809.122040456034,72.87523584867496,36.43761792433748,36.43761792433748,36.43761792433748,0.0,1.9235384061671343,6249.597411033769,31.003225638633154,15.501612819316577,15.501612819316577,15.501612819316577,0.0,1.5165750888103104,4390.2622700699785,135.77186748365804,67.88593374182902,67.88593374182902,67.88593374182902,0.0,1.9235384061671343,13904.082055281464,113.58697108383514,56.79348554191757,56.79348554191757,56.79348554191757,0.0,2.7748873851023212,14330.23926178485,98.45201877056661,49.226009385283305,49.226009385283305,49.226009385283305,0.0,1.4832396974191326,10114.41525744321,111.78193056124948,55.89096528062474,55.89096528062474,55.89096528062474,0.0,2.1908902300206647,12374.902153148525,110.13627921806692,55.06813960903346,55.06813960903346,55.06813960903346,0.0,3.8987177379235853,12101.12469979547,56.931537832733795,28.465768916366898,28.465768916366898,28.465768916366898,0.0,1.5165750888103102,6573.172506484217,55.16158083303995,27.580790416519974,27.580790416519974,27.580790416519974,0.0,2.16794833886788,4968.841585319459,129.71969781031714,64.85984890515857,64.85984890515857,64.85984890515857,0.0,1.8708286933869707,13547.466172683362,68.76045375068433,34.38022687534217,34.38022687534217,34.38022687534217,0.0,1.5811388300841898,6784.46873380665,88.7648579112252,44.3824289556126,44.3824289556126,44.3824289556126,0.0,1.30384048104053,10228.168834155995,71.60167595803885,35.80083797901943,35.80083797901943,35.80083797901943,0.0,1.3038404810405297,7607.570656918015,50.386506130113844,25.193253065056922,25.193253065056922,25.193253065056922,0.0,2.302172886644268,5427.345972019842,33.1058907144937,16.55294535724685,16.55294535724685,16.55294535724685,0.0,0.8944271909999157,3571.5826603902087,136.26885190680957,68.13442595340479,68.13442595340479,68.13442595340479,0.0,1.6431676725154984,14280.585569226496
0.0,87.27657188501391,43.638285942506954,43.638285942506954,43.638285942506954,0.0,1.7320508075688772,8754.220907653633,86.75252157718529,43.376260788592646,43.376260788592646,43.376260788592646,0.0,2.6832815729997477,8647.3251644656,113.4195750300626,56.7097875150313,56.7097875150313,56.7097875150313,0.0,3.03315017762062,12487.962015477147,39.93494710150497,19.967473550752484,19.967473550752484,19.967473550752484,0.0,0.5477225575051662,4810.905143525489,73.6831052548683,36.84155262743415,36.84155262743415,36.84155262743415,0.0,1.9235384061671343,6251.003295471855,31.189741903388683,15.594870951694341,15.594870951694341,15.594870951694341,0.0,1.5165750888103104,4393.783051084793,135.2656645272554,67.6328322636277,67.6328322636277,67.6328322636277,0.0,1.9235384061671343,13902.119198165436,112.82375636363115,56.411878181815574,56.411878181815574,56.411878181815574,0.0,2.345207879911715,14331.666919796873,98.60628783196334,49.30314391598167,49.30314391598167,49.30314391598167,0.0,1.4832396974191326,10113.539860009452,111.5652275576938,55.7826137788469,55.7826137788469,55.7826137788469,0.0,2.1908902300206647,12372.577633621862,109.4038390551264,54.7019195275632,54.7019195275632,54.7019195275632,0.0,3.8987177379235853,12098.66146728637,56.931537832733795,28.465768916366898,28.465768916366898,28.465768916366898,0.0,1.5165750888103102,6571.550859576452,55.16158083303995,27.580790416519974,27.580790416519974,27.580790416519974,0.0,2.16794833886788,4969.169820000117,129.36305500412396,64.68152750206198,64.68152750206198,64.68152750206198,0.0,1.8708286933869707,13545.774407541268,68.85637225413491,34.428186127067455,34.428186127067455,34.428186127067455,0.0,1.5811388300841898,6784.115071252845,89.28605714219886,44.64302857109943,44.64302857109943,44.64302857109943,0.0,1.30384048104053,10226.132343168652,71.88045631463396,35.94022815731698,35.94022815731698,35.94022815731698,0.0,1.3038404810405297,7611.241081453142,49.34369260604642,24.67184630302321,24.67184630302321,24.67184630302321,0.0,2.302172886644268,5427.191741591594,33.68679266418814,16.84339633209407,16.84339633209407,16.84339633209407,0.0,0.8944271909999157,3569.793439402342,136.81666565152068,68.40833282576034,68.40833282576034,68.40833282576034,0.0,1.6431676725154984,14284.35002021443
0.0,86.92065347200284,43.46032673600142,43.46032673600142,43.46032673600142,0.0,1.7320508075688772,8756.955789542391,87.06778968137414,43.53389484068707,43.53389484068707,43.53389484068707,0.0,2.6832815729997477,8646.72525873235,113.4195750300626,56.7097875150313,56.7097875150313,56.7097875150313,0.0,3.03315017762062,12487.857722603985,40.17461885320133,20.087309426600665,20.087309426600665,20.087309426600665,0.0,0.5477225575051662,4808.2672554674,73.176498959707,36.5882494798535,36.5882494798535,36.5882494798535,0.0,1.9235384061671343,6250.860084820328,31.189741903388683,15.594870951694341,15.594870951694341,15.594870951694341,0.0,1.5165750888103104,4392.517979473732,136.06910009256327,68.03455004628164,68.03455004628164,68.03455004628164,0.0,1.9235384061671343,13902.26796965157,112.82375636363115,56.411878181815574,56.411878181815574,56.411878181815574,0.0,2.345207879911715,14331.708087314644,99.04140548275757,49.520702741378784,49.520702741378784,49.520702741378784,0.0,1.4832396974191326,10110.855492983765,111.5652275576938,55.7826137788469,55.7826137788469,55.7826137788469,0.0,2.1908902300206647,12371.525035338205,109.4038390551264,54.7019195275632,54.7019195275632,54.7019195275632,0.0,3.8987177379235853,12096.815254437839,57.4212504217733,28.710625210886647,28.71062521088665,28.71062521088665,0.0,1.5165750888103102,6573.39497520117,55.706373064488766,27.853186532244383,27.853186532244383,27.853186532244383,0.0,2.16794833886788,4969.240716648772,130.19216566291536,65.09608283145768,65.09608283145768,65.09608283145768,0.0,1.8708286933869707,13550.693240568913,68.85637225413491,34.428186127067455,34.428186127067455,34.428186127067455,0.0,1.5811388300841898,6781.818819461339,89.48072418124475,44.74036209062238,44.74036209062238,44.74036209062238,0.0,1.30384048104053,10229.853698856108,71.88045631463396,35.94022815731698,35.94022815731698,35.94022815731698,0.0,1.3038404810405297,7609.307176083773,49.85178030923269,24.925890154616344,24.925890154616344,24.925890154616344,0.0,2.302172886644268,5425.091731943341,33.4245418816773,16.71227094083865,16.71227094083865,16.71227094083865,0.0,0.8944271909999157,3574.789616187224,136.81666565152068,68.40833282576034,68.40833282576034,68.40833282576034,0.0,1.6431676725154984,14286.908990400967
0.0,86.23688306055594,43.11844153027797,43.11844153027797,43.11844153027797,0.0,1.7320508075688772,8756.678268613048,87.55112791963333,43.775563959816665,43.775563959816665,43.775563959816665,0.0,2.6832815729997477,8650.159004318937,114.32934881297977,57.16467440648989,57.16467440648989,57.16467440648989,0.0,3.03315017762062,12486.464071145201,40.70380817564863,20.351904087824316,20.351904087824316,20.351904087824316,0.0,0.5477225575051662,4814.1472557453,73.98648525237566,36.99324262618783,36.99324262618783,36.99324262618783,0.0,1.9235384061671343,6254.46162351325,30.932183886689927,15.466091943344964,15.466091943344964,15.466091943344964,0.0,1.5165750888103104,4393.576925467449,136.06910009256327,68.03455004628164,68.03455004628164,68.03455004628164,0.0,1.9235384061671343,13902.128962860328,114.0491122280222,57.0245561140111,57.0245561140111,57.0245561140111,0.0,2.345207879911715,14333.148059655283,98.5230937394883,49.26154686974415,49.26154686974415,49.26154686974415,0.0,1.4832396974191326,10107.616766577568,111.23308860226798,55.61654430113399,55.61654430113399,55.61654430113399,0.0,2.1908902300206647,12372.514469581354,108.87975018340187,54.439875091700934,54.439875091700934,54.439875091700934,0.0,3.5071355833500366,12099.975578487753,57.48043145279966,28.74021572639983,28.74021572639983,28.74021572639983,0.0,1.5165750888103102,6569.724933359083,55.612948132606675,27.806474066303338,27.806474066303338,27.806474066303338,0.0,2.16794833886788,4968.032135564342,128.49435785278666,64.24717892639333,64.24717892639333,64.24717892639333,0.0,1.8708286933869707,13550.257551057839,68.85637225413491,34.428186127067455,34.428186127067455,34.428186127067455,0.0,1.5811388300841898,6776.081072419367,89.48072418124475,44.74036209062238,44.74036209062238,44.74036209062238,0.0,1.30384048104053,10229.596067294153,71.67426316328616,35.83713158164308,35.83713158164308,35.83713158164308,0.0,1.3038404810405297,7608.364397161849,50.74248712863807,25.371243564319034,25.371243564319034,25.371243564319034,0.0,2.302172886644268,5427.657017535283,33.4245418816773,16.71227094083865,16.71227094083865,16.71227094083865,0.0,0.8944271909999157,3578.1725503390694,137.42197786380459,68.71098893190229,68.71098893190229,68.71098893190229,0.0,1.6431676725154984,14286.921554344728
0.0,85.19859153765395,42.59929576882698,42.59929576882698,42.59929576882698,0.0,1.7320508075688772,8756.033651145934,87.55112791963333,43.775563959816665,43.775563959816665,43.775563959816665,0.0,2.6832815729997477,8648.90932430211,114.84424234588342,57.42212117294171,57.42212117294171,57.42212117294171,0.0,3.03315017762062,12487.962255708497,40.21442527253125,20.107212636265626,20.107212636265626,20.107212636265626,0.0,0.5477225575051662,4811.63524178631,74.01891650112152,37.00945825056076,37.00945825056076,37.00945825056076,0.0,1.9235384061671343,6255.256005952115,28.809720581775867,14.404860290887934,14.404860290887934,14.404860290887934,0.0,1.1401754250991378,4392.827563198902,135.77186748365804,67.88593374182902,67.88593374182902,67.88593374182902,0.0,1.9235384061671343,13902.672430148097,114.0491122280222,57.0245561140111,57.0245561140111,57.0245561140111,0.0,2.345207879911715,14334.35388498554,98.09791027335903,49.04895513667952,49.04895513667952,49.04895513667952,0.0,1.4832396974191326,10105.061271461938,110.23973875150467,55.11986937575234,55.11986937575234,55.11986937575234,0.0,1.7888543819998315,12373.596655782829,109.16959283610066,54.58479641805033,54.58479641805033,54.58479641805033,0.0,3.5071355833500366,12098.936159844798,57.15942616926801,28.579713084634005,28.579713084634005,28.579713084634005,0.0,1.5165750888103102,6570.910172875597,56.36310850192704,28.18155425096352,28.18155425096352,28.18155425096352,0.0,2.16794833886788,4965.060100341183,128.15303351852424,64.07651675926212,64.07651675926212,64.07651675926212,0.0,1.8708286933869707,13554.403694002922,68.85637225413491,34.428186127067455,34.428186127067455,34.428186127067455,0.0,1.5811388300841898,6771.6481524072115,89.48072418124475,44.74036209062238,44.74036209062238,44.74036209062238,0.0,1.30384048104053,10230.785150710575,71.67426316328616,35.83713158164308,35.83713158164308,35.83713158164308,0.0,1.3038404810405297,7608.442403015219,51.264022471905186,25.632011235952593,25.632011235952593,25.632011235952593,0.0,2.302172886644268,5429.098083475745,32.75973137863008,16.37986568931504,16.37986568931504,16.37986568931504,0.0,0.5477225575051662,3575.2371529732122,137.14663685267678,68.57331842633839,68.57331842633839,68.57331842633839,0.0,1.6431676725154984,14284.956258245944
0.0,85.19859153765395,42.59929576882698,42.59929576882698,42.59929576882698,0.0,1.7320508075688772,8759.835689098283,86.81704901688377,43.408524508441886,43.408524508441886,43.408524508441886,0.0,2.6832815729997477,8649.901484988139,114.15252953833306,57.07626476916653,57.07626476916653,57.07626476916653,0.0,3.03315017762062,12491.931107719094,39.27849284277593,19.639246421387966,19.639246421387966,19.639246421387966,0.0,0.5477225575051662,4810.941664580854,74.01891650112152,37.00945825056076,37.00945825056076,37.00945825056076,0.0,1.9235384061671343,6254.047953126039,27.949955277245078,13.974977638622539,13.974977638622539,13.974977638622539,0.0,1.1401754250991378,4394.194613350665,135.77186748365804,67.88593374182902,67.88593374182902,67.88593374182902,0.0,1.9235384061671343,13908.02262365143,114.39055905099862,57.19527952549931,57.19527952549931,57.19527952549931,0.0,2.345207879911715,14334.494682408586,98.72183142547549,49.36091571273774,49.36091571273774,49.36091571273774,0.0,1.4832396974191326,10104.317131800644,109.63028778581219,54.81514389290609,54.81514389290609,54.81514389290609,0.0,1.7888543819998315,12423.512096021801,109.29226871101176,54.64613435550588,54.64613435550588,54.64613435550588,0.0,3.5071355833500366,12100.205742052487,57.19090836837618,28.59545418418809,28.59545418418809,28.59545418418809,0.0,1.5165750888103102,6573.558602461836,56.36310850192704,28.18155425096352,28.18155425096352,28.18155425096352,0.0,2.16794833886788,4967.765614438748,128.15303351852424,64.07651675926212,64.07651675926212,64.07651675926212,0.0,1.8708286933869707,13554.867749262623,69.6074708634066,34.8037354317033,34.8037354317033,34.8037354317033,0.0,1.5811388300841898,6773.685112256105,89.48072418124475,44.74036209062238,44.74036209062238,44.74036209062238,0.0,1.30384048104053,10230.412137348134,71.47866814651768,35.73933407325884,35.73933407325884,35.73933407325884,0.0,1.3038404810405297,7608.147888941172,50.76613044146658,25.38306522073329,25.38306522073329,25.38306522073329,0.0,2.302172886644268,5425.815910994401,32.723080539582455,16.361540269791227,16.361540269791227,16.361540269791227,0.0,0.5477225575051662,3571.7547788167094,138.57416786688637,69.28708393344318,69.28708393344318,69.28708393344318,0.0,1.6431676725154984,14283.362163720416
0.0,85.85569288055393,42.927846440276966,42.927846440276966,42.927846440276966,0.0,1.7320508075688772,8755.762748042,86.81704901688377,43.408524508441886,43.408524508441886,43.408524508441886,0.0,2.6832815729997477,8644.315675633323,115.00956481962707,57.50478240981354,57.50478240981354,57.50478240981354,0.0,3.03315017762062,12489.093413855147,39.27849284277593,19.639246421387966,19.639246421387966,19.639246421387966,0.0,0.5477225575051662,4811.183409515792,73.95403978147509,36.977019890737544,36.977019890737544,36.977019890737544,0.0,1.9235384061671343,6252.350581981148,27.313000567495326,13.656500283747663,13.656500283747663,13.656500283747663,0.0,1.1401754250991378,4394.44436760781,135.77186748365804,67.88593374182902,67.88593374182902,67.88593374182902,0.0,1.9235384061671343,13908.184209306404,114.39055905099862,57.19527952549931,57.19527952549931,57.19527952549931,0.0,2.345207879911715,14336.410139919964,99.16047599724398,49.58023799862199,49.58023799862199,49.58023799862199,0.0,1.4832396974191326,10104.536689032308,109.13844418902076,54.56922209451038,54.56922209451038,54.56922209451038,0.0,1.7888543819998315,12425.29591196926,109.24834094850137,54.62417047425068,54.62417047425068,54.62417047425068,0.0,3.5071355833500366,12100.009450409532,57.688820407423826,28.844410203711913,28.844410203711913,28.844410203711913,0.0,1.5165750888103102,6574.522324853722,56.36310850192704,28.18155425096352,28.18155425096352,28.18155425096352,0.0,2.16794833886788,4972.459803759101,128.15303351852424,64.07651675926212,64.07651675926212,64.07651675926212,0.0,1.8708286933869707,13552.721424127332,70.46133691607051,35.230668458035254,35.230668458035254,35.230668458035254,0.0,1.5811388300841898,6769.568656864335,89.27933691510034,44.63966845755017,44.63966845755017,44.63966845755017,0.0,1.30384048104053,10228.887686351825,71.41988518613006,35.70994259306503,35.70994259306503,35.70994259306503,0.0,1.3038404810405297,7605.369570244434,50.76613044146658,25.38306522073329,25.38306522073329,25.38306522073329,0.0,2.302172886644268,5423.762319644917,33.31666249791537,16.658331248957683,16.658331248957683,16.658331248957683,0.0,0.5477225575051662,3570.2330876288734,138.57416786688637,69.28708393344318,69.28708393344318,69.28708393344318,0.0,1.6431676725154984,14285.92799925857
0.0,86.34118368426506,43.17059184213253,43.17059184213253,43.17059184213253,0.0,1.7320508075688772,8754.064296085562,86.08600350811972,43.04300175405986,43.04300175405986,43.04300175405986,0.0,2.6832815729997477,8642.345815807188,113.63450180292955,56.817250901464774,56.817250901464774,56.817250901464774,0.0,2.6457513110645907,12489.85245309167,39.824615503479755,19.912307751739878,19.912307751739878,19.912307751739878,0.0,0.5477225575051662,4811.562771075527,73.71024352150792,36.85512176075396,36.85512176075396,36.85512176075396,0.0,1.9235384061671343,6253.289398388659,27.313000567495326,13.656500283747663,13.656500283747663,13.656500283747663,0.0,1.1401754250991378,4391.267618808947,136.7961987775976,68.3980993887988,68.3980993887988,68.3980993887988,0.0,2.1213203435596424,13906.640870461853,113.36136908135857,56.68068454067929,56.68068454067929,56.68068454067929,0.0,2.345207879911715,14337.77973397555,99.16047599724398,49.58023799862199,49.58023799862199,49.58023799862199,0.0,1.4832396974191326,10104.739348444373,109.13844418902076,54.56922209451038,54.56922209451038,54.56922209451038,0.0,1.7888543819998315,12426.666178022166,109.84898725067974,54.92449362533987,54.92449362533987,54.92449362533987,0.0,3.5071355833500366,12102.606401102203,57.688820407423826,28.844410203711913,28.844410203711913,28.844410203711913,0.0,1.5165750888103102,6573.268174964414,56.36310850192704,28.18155425096352,28.18155425096352,28.18155425096352,0.0,2.16794833886788,4974.407331532068,128.16083645170235,64.08041822585118,64.08041822585118,64.08041822585118,0.0,1.8708286933869707,13553.04984127189,70.09422230112835,35.04711115056418,35.04711115056418,35.04711115056418,0.0,1.5811388300841898,6766.2977543114375,88.63407922464135,44.31703961232068,44.31703961232068,44.31703961232068,0.0,1.30384048104053,10227.009812256953,71.2320152740325,35.61600763701625,35.61600763701625,35.61600763701625,0.0,1.3038404810405297,7604.368264359638,50.505445250982596,25.252722625491298,25.252722625491298,25.252722625491298,0.0,2.302172886644268,5423.826389183194,33.0030301639107,16.50151508195535,16.50151508195535,16.50151508195535,0.0,0.5477225575051662,3570.343050744564,137.69531582446805,68.84765791223403,68.84765791223403,68.84765791223403,0.0,1.6431676725154984,14288.838941635531
0.0,86.52167358529307,43.260836792646536,43.260836792646536,43.260836792646536,0.0,1.7320508075688772,8757.213009856503,86.57944328765345,43.289721643826724,43.289721643826724,43.289721643826724,0.0,2.6832815729997477,8647.03742330285,112.27110046668287,56.135550233341434,56.135550233341434,56.135550233341434,0.0,2.6457513110645907,12488.706678435521,40.10984916451321,20.054924582256604,20.054924582256604,20.054924582256604,0.0,0.5477225575051662,4808.99431274357,73.74822031751003,36.874110158755016,36.874110158755016,36.874110158755016,0.0,1.9235384061671343,6251.191062509608,25.946097972527586,12.973048986263793,12.973048986263793,12.973048986263793,0.0,1.1401754250991378,4391.028045913622,136.73039164721206,68.36519582360603,68.36519582360603,68.36519582360603,0.0,2.1213203435596424,13909.412108353106,114.0491122280222,57.0245561140111,57.0245561140111,57.0245561140111,0.0,2.345207879911715,14336.958760490315,99.16047599724398,49.58023799862199,49.58023799862199,49.58023799862199,0.0,1.4832396974191326,10103.831812733226,108.91648176469896,54.45824088234948,54.45824088234948,54.45824088234948,0.0,1.7888543819998315,12429.901387380352,109.11828444399224,54.55914222199612,54.55914222199612,54.55914222199612,0.0,3.5071355833500366,12101.677693609263,57.73040793204219,28.865203966021095,28.865203966021095,28.865203966021095,0.0,1.5165750888103102,6572.024307623946,56.36310850192704,28.18155425096352,28.18155425096352,28.18155425096352,0.0,2.16794833886788,4972.77948435279,128.26067207059225,64.13033603529612,64.13033603529612,64.13033603529612,0.0,1.8708286933869707,13555.328096361225,70.84348946798146,35.42174473399073,35.42174473399073,35.42174473399073,0.0,1.5811388300841898,6768.943403515796,88.62956617291997,44.31478308645998,44.31478308645998,44.31478308645998,0.0,1.30384048104053,10230.778807109456,71.2320152740325,35.61600763701625,35.61600763701625,35.61600763701625,0.0,1.3038404810405297,7604.350083997974,44.84194465007065,22.420972325035326,22.420972325035326,22.420972325035326,0.0,2.16794833886788,4924.958050582766,33.0030301639107,16.50151508195535,16.50151508195535,16.50151508195535,0.0,0.5477225575051662,3567.7820421096353,137.15392812457105,68.57696406228553,68.57696406228553,68.57696406228553,0.0,1.6431676725154984,14290.798403168383
0.0,86.03022724600929,43.015113623004645,43.015113623004645,43.015113623004645,0.0,1.3038404810405297,8760.913006074195,86.79170467273931,43.39585233636966,43.39585233636966,43.39585233636966,0.0,2.6832815729997477,8648.343442532796,112.27110046668287,56.135550233341434,56.135550233341434,56.135550233341434,0.0,2.6457513110645907,12487.994206436837,39.66358531449219,19.831792657246094,19.831792657246094,19.831792657246094,0.0,0.5477225575051662,4808.027038193525,73.74822031751003,36.874110158755016,36.874110158755016,36.874110158755016,0.0,1.9235384061671343,6251.49924418135,25.822470834527046,12.911235417263523,12.911235417263523,12.911235417263523,0.0,1.1401754250991378,4389.830554816439,136.73039164721206,68.36519582360603,68.36519582360603,68.36519582360603,0.0,2.1213203435596424,13910.810662934062,114.0491122280222,57.0245561140111,57.0245561140111,57.0245561140111,0.0,2.345207879911715,14339.33424884154,98.09791027335903,49.04895513667952,49.04895513667952,49.04895513667952,0.0,1.4832396974191326,10102.687028706769,108.91648176469896,54.45824088234948,54.45824088234948,54.45824088234948,0.0,1.7888543819998315,12429.223962098356,109.11828444399224,54.55914222199612,54.55914222199612,54.55914222199612,0.0,3.5071355833500366,12102.152626702407,58.07581252122092,29.03790626061046,29.03790626061046,29.03790626061046,0.0,1.5165750888103102,6572.129434209281,56.57561312084917,28.287806560424585,28.287806560424585,28.287806560424585,0.0,2.16794833886788,4973.0150814169065,127.53509320967308,63.76754660483654,63.76754660483654,63.76754660483654,0.0,1.8708286933869707,13555.787277026739,70.54076835419359,35.270384177096794,35.270384177096794,35.270384177096794,0.0,1.5811388300841898,6769.781805937322,88.83242651194439,44.416213255972195,44.416213255972195,44.416213255972195,0.0,1.30384048104053,10229.085355006087,72.02221879392496,36.01110939696248,36.01110939696248,36.01110939696248,0.0,1.3038404810405297,7606.005015775364,44.03180668562216,22.01590334281108,22.01590334281108,22.01590334281108,0.0,2.16794833886788,4920.350322893686,32.4468796650772,16.2234398325386,16.2234398325386,16.2234398325386,0.0,0.5477225575051662,3567.4089056344524,138.03332930854054,69.01666465427027,69.01666465427027,69.01666465427027,0.0,1.6431676725154984,14287.332630690726
0.0,86.03022724600929,43.015113623004645,43.015113623004645,43.015113623004645,0.0,1.3038404810405297,8759.563442318344,85.5616736629199,42.78083683145995,42.78083683145995,42.78083683145995,0.0,2.3021728866442674,8645.79159475869,112.27110046668287,56.135550233341434,56.135550233341434,56.135550233341434,0.0,2.6457513110645907,12491.09350697528,39.66358531449219,19.831792657246094,19.831792657246094,19.831792657246094,0.0,0.5477225575051662,4805.6069023589525,73.44930224311189,36.724651121555944,36.724651121555944,36.724651121555944,0.0,1.9235384061671343,6252.605281000872,26.929537686339884,13.464768843169942,13.464768843169942,13.464768843169942,0.0,1.1401754250991378,4388.075626057509,137.04451831430544,68.52225915715272,68.52225915715272,68.52225915715272,0.0,2.1213203435596424,13914.0441748616,114.0491122280222,57.0245561140111,57.0245561140111,57.0245561140111,0.0,2.345207879911715,14343.091096412934,98.01020355044673,49.005101775223366,49.005101775223366,49.005101775223366,0.0,1.4832396974191326,10101.31401353309,108.91648176469896,54.45824088234948,54.45824088234948,54.45824088234948,0.0,1.7888543819998315,12430.890221540853,109.36544243955674,54.68272121977837,54.68272121977837,54.68272121977837,0.0,3.1304951684997055,12098.653342417907,58.607166797244176,29.303583398622088,29.303583398622088,29.303583398622088,0.0,1.5165750888103102,6571.509628692634,56.64980141183198,28.32490070591599,28.32490070591599,28.32490070591599,0.0,2.16794833886788,4972.450774014761,128.36977837481842,64.18488918740921,64.18488918740921,64.18488918740921,0.0,2.280350850198276,13555.157937110138,71.29375849259176,35.64687924629588,35.64687924629588,35.64687924629588,0.0,1.5811388300841898,6766.868130826845,88.89319434017432,44.44659717008716,44.44659717008716,44.44659717008716,0.0,1.30384048104053,10227.405276999636,71.84149218940263,35.920746094701315,35.920746094701315,35.920746094701315,0.0,1.3038404810405297,7611.155083165761,43.68981574692207,21.844907873461036,21.844907873461036,21.844907873461036,0.0,2.16794833886788,4921.1389636952945,32.17452408350433,16.087262041752165,16.087262041752165,16.087262041752165,0.0,0.5477225575051662,3565.2538899775427,137.705482824759,68.8527414123795,68.8527414123795,68.8527414123795,0.0,1.6431676725154984,14288.588779162203
0.0,86.03022724600929,43.015113623004645,43.015113623004645,43.015113623004645,0.0,1.3038404810405297,8755.038166678658,85.5616736629199,42.78083683145995,42.78083683145995,42.78083683145995,0.0,2.3021728866442674,8648.973916020328,112.16594848705199,56.082974243525996,56.082974243525996,56.082974243525996,0.0,2.6457513110645907,12494.269594498111,39.66358531449219,19.831792657246094,19.831792657246094,19.831792657246094,0.0,0.5477225575051662,4803.7617238993025,73.44930224311189,36.724651121555944,36.724651121555944,36.724651121555944,0.0,1.9235384061671343,6249.731954252118,26.328691574022436,13.164345787011218,13.164345787011218,13.164345787011218,0.0,1.1401754250991378,4387.000535673548,137.04451831430544,68.52225915715272,68.52225915715272,68.52225915715272,0.0,2.1213203435596424,13915.841631033318,114.0491122280222,57.0245561140111,57.0245561140111,57.0245561140111,0.0,2.345207879911715,14338.492556750867,98.01020355044673,49.005101775223366,49.005101775223366,49.005101775223366,0.0,1.4832396974191326,10099.697262789612,108.0055554126731,54.00277770633655,54.00277770633655,54.00277770633655,0.0,1.7888543819998315,12434.392538439502,108.72902096496593,54.36451048248296,54.36451048248296,54.36451048248296,0.0,3.1304951684997055,12100.729531726589,58.19965635637379,29.099828178186893,29.099828178186893,29.099828178186893,0.0,1.5165750888103102,6572.298859607648,56.64980141183198,28.32490070591599,28.32490070591599,28.32490070591599,0.0,2.16794833886788,4974.421353283214,128.3744522870497,64.18722614352485,64.18722614352485,64.18722614352485,0.0,2.3021728866442674,13554.242933487654,71.29375849259176,35.64687924629588,35.64687924629588,35.64687924629588,0.0,1.5811388300841898,6771.036515925756,88.25417837133831,44.127089185669156,44.127089185669156,44.127089185669156,0.0,1.30384048104053,10226.278047266269,71.67147270706805,35.835736353534024,35.835736353534024,35.835736353534024,0.0,1.3038404810405297,7611.521792650929,42.881231325604446,21.440615662802223,21.440615662802223,21.440615662802223,0.0,1.816590212458495,4924.057808352782,31.464265445104548,15.732132722552274,15.732132722552274,15.732132722552274,0.0,0.5477225575051662,3565.0654552195815,137.705482824759,68.8527414123795,68.8527414123795,68.8527414123795,0.0,1.6431676725154984,14287.12835737119
0.0,86.51705034269257,43.258525171346285,43.258525171346285,43.258525171346285,0.0,1.3038404810405297,8753.645680515063,85.5616736629199,42.78083683145995,42.78083683145995,42.78083683145995,0.0,2.3021728866442674,8648.562499051504,112.69960070914182,56.34980035457091,56.34980035457091,56.34980035457091,0.0,2.6457513110645907,12492.725283139784,39.66358531449219,19.831792657246094,19.831792657246094,19.831792657246094,0.0,0.5477225575051662,4796.796170362047,72.90541817999538,36.45270908999769,36.45270908999769,36.45270908999769,0.0,1.9235384061671343,6248.036035427453,26.623298067669978,13.311649033834989,13.311649033834989,13.311649033834989,0.0,1.1401754250991378,4386.840013038998,136.75818074250623,68.37909037125311,68.37909037125311,68.37909037125311,0.0,2.1213203435596424,13915.475924308159,114.20157617125956,57.10078808562978,57.10078808562978,57.10078808562978,0.0,2.345207879911715,14343.645760405545,114.24535001478178,57.12267500739089,57.12267500739089,57.12267500739089,0.0,3.420526275297414,11782.984859533683,107.99629623278754,53.99814811639377,53.99814811639377,53.99814811639377,0.0,1.7888543819998315,12435.198530783495,109.62299028944614,54.81149514472307,54.81149514472307,54.81149514472307,0.0,3.1304951684997055,12104.916575507657,58.80476171195663,29.402380855978315,29.402380855978315,29.402380855978315,0.0,1.5165750888103102,6567.423596814812,56.64980141183198,28.32490070591599,28.32490070591599,28.32490070591599,0.0,2.16794833886788,4977.429406832406,128.3744522870497,64.18722614352485,64.18722614352485,64.18722614352485,0.0,2.3021728866442674,13550.714649050802,70.66257849809898,35.33128924904949,35.33128924904949,35.33128924904949,0.0,1.5811388300841898,6768.691328462245,88.4601605243852,44.2300802621926,44.2300802621926,44.2300802621926,0.0,1.30384048104053,10225.950747974488,71.51223671512449,35.756118357562244,35.756118357562244,35.756118357562244,0.0,1.3038404810405297,7611.505547524748,43.197222132910355,21.598611066455177,21.598611066455177,21.598611066455177,0.0,1.816590212458495,4922.790773534865,31.464265445104548,15.732132722552274,15.732132722552274,15.732132722552274,0.0,0.5477225575051662,3564.041007059262,137.38267721950973,68.69133860975487,68.69133860975487,68.69133860975487,0.0,1.6431676725154984,14289.76468665597
0.0,85.80209787645055,42.90104893822527,42.90104893822527,42.90104893822527,0.0,1.3038404810405297,8750.203523347329,85.76013059691549,42.880065298457744,42.880065298457744,42.880065298457744,0.0,2.3021728866442674,8641.784260209231,112.4579921570717,56.22899607853585,56.22899607853585,56.22899607853585,0.0,2.280350850198276,12490.152348950753,39.05380903317882,19.52690451658941,19.52690451658941,19.52690451658941,0.0,0.5477225575051662,4801.517812109,73.47652686402645,36.73826343201323,36.73826343201323,36.73826343201323,0.0,1.9235384061671343,6245.4882675416175,26.69831455354439,13.349157276772194,13.349157276772194,13.349157276772194,0.0,1.3038404810405297,4379.451872095411,136.75818074250623,68.37909037125311,68.37909037125311,68.37909037125311,0.0,2.1213203435596424,13913.251226798142,114.20157617125956,57.10078808562978,57.10078808562978,57.10078808562978,0.0,2.345207879911715,14342.823808441628,114.24535001478178,57.12267500739089,57.12267500739089,57.12267500739089,0.0,3.420526275297414,11782.02776689989,108.34758880565825,54.173794402829124,54.173794402829124,54.173794402829124,0.0,1.7888543819998315,12431.606400622568,109.62299028944614,54.81149514472307,54.81149514472307,54.81149514472307,0.0,3.1304951684997055,12104.450764078476,58.9677878167394,29.4838939083697,29.4838939083697,29.4838939083697,0.0,1.5165750888103102,6568.54270748086,56.01071326094678,28.00535663047339,28.00535663047339,28.00535663047339,0.0,1.816590212458495,4976.5490754136035,128.38535742054077,64.19267871027039,64.19267871027039,64.19267871027039,0.0,2.3021728866442674,13551.49044570375,70.58895097676407,35.294475488382034,35.294475488382034,35.294475488382034,0.0,1.5811388300841898,6770.709984927726,86.56327165721036,43.28163582860518,43.28163582860518,43.28163582860518,0.0,1.30384048104053,10220.327367555308,71.51223671512449,35.756118357562244,35.756118357562244,35.756118357562244,0.0,1.3038404810405297,7609.051287775632,43.197222132910355,21.598611066455177,21.598611066455177,21.598611066455177,0.0,1.816590212458495,4921.0530072333095,31.16408188925193,15.582040944625964,15.582040944625964,15.582040944625964,0.0,0.5477225575051662,3564.552945321475,136.7157635388107,68.35788176940535,68.35788176940535,68.35788176940535,0.0,1.6431676725154984,14290.76533989695
0.0,85.80209787645055,42.90104893822527,42.90104893822527,42.90104893822527,0.0,1.3038404810405297,8752.44484130006,86.06509164580027,43.03254582290013,43.03254582290013,43.03254582290013,0.0,2.3021728866442674,8640.753485663157,112.2550667007953,56.12753335039765,56.12753335039765,56.12753335039765,0.0,2.280350850198276,12494.896818301464,39.05380903317882,19.52690451658941,19.52690451658941,19.52690451658941,0.0,0.5477225575051662,4803.861592510759,72.71038440277978,36.35519220138989,36.35519220138989,36.35519220138989,0.0,1.9235384061671343,6245.014115276282,27.040710049848915,13.520355024924458,13.520355024924458,13.520355024924458,0.0,1.3038404810405297,4381.48034344558,137.40014556033046,68.70007278016523,68.70007278016523,68.70007278016523,0.0,2.1213203435596424,13911.480952795788,113.66969692930478,56.83484846465239,56.83484846465239,56.83484846465239,0.0,1.9235384061671346,14346.675242020361,114.24535001478178,57.12267500739089,57.12267500739089,57.12267500739089,0.0,3.420526275297414,11782.332905668554,108.34758880565825,54.173794402829124,54.173794402829124,54.173794402829124,0.0,1.7888543819998315,12433.388838124543,109.62299028944614,54.81149514472307,54.81149514472307,54.81149514472307,0.0,3.1304951684997055,12101.851523630588,58.55937158132762,29.27968579066381,29.27968579066381,29.27968579066381,0.0,1.5165750888103102,6566.511882270525,56.096345692032386,28.048172846016193,28.048172846016193,28.048172846016193,0.0,1.816590212458495,4976.99298773868,129.21764585380745,64.60882292690373,64.60882292690373,64.60882292690373,0.0,2.3021728866442674,13555.874730167729,70.58895097676407,35.294475488382034,35.294475488382034,35.294475488382034,0.0,1.5811388300841898,6771.32193888313,86.482368145189,43.2411840725945,43.2411840725945,43.2411840725945,0.0,1.51657508881031,10219.832909592995,70.7757020452641,35.38785102263205,35.38785102263205,35.38785102263205,0.0,1.3038404810405297,7610.150215337408,43.785842460777204,21.892921230388602,21.892921230388602,21.892921230388602,0.0,1.816590212458495,4923.825514780149,31.093407661432032,15.546703830716016,15.546703830716016,15.546703830716016,0.0,0.5477225575051662,3561.590613756724,137.59651158368806,68.79825579184403,68.79825579184403,68.79825579184403,0.0,1.6431676725154984,14294.284224822171
0.0,84.76555904375314,42.38277952187657,42.38277952187657,42.38277952187657,0.0,1.3038404810405297,8750.466718981337,86.06509164580027,43.03254582290013,43.03254582290013,43.03254582290013,0.0,2.3021728866442674,8641.876341397163,112.69960070914182,56.34980035457091,56.34980035457091,56.34980035457091,0.0,2.280350850198276,12497.317280120562,39.16631205513228,19.58315602756614,19.58315602756614,19.58315602756614,0.0,0.5477225575051662,4804.2758351285365,72.52034197382139,36.260170986910694,36.260170986910694,36.260170986910694,0.0,1.9235384061671343,6246.670609212559,27.018512172212592,13.509256086106296,13.509256086106296,13.509256086106296,0.0,1.3038404810405297,4384.699670444944,137.49618176516756,68.74809088258378,68.74809088258378,68.74809088258378,0.0,2.1213203435596424,13909.934058075185,113.66969692930478,56.83484846465239,56.83484846465239,56.83484846465239,0.0,1.9235384061671346,14344.834565096942,114.24535001478178,57.12267500739089,57.12267500739089,57.12267500739089,0.0,3.420526275297414,11778.692890130042,108.97155592171748,54.48577796085874,54.48577796085874,54.48577796085874,0.0,1.7888543819998315,12429.498030894087,109.91451223564611,54.95725611782306,54.95725611782306,54.95725611782306,0.0,3.1304951684997055,12098.192708003953,58.55937158132762,29.27968579066381,29.27968579066381,29.27968579066381,0.0,1.5165750888103102,6566.562860431627,55.092649237443645,27.546324618721822,27.546324618721822,27.546324618721822,0.0,1.816590212458495,4970.425102544047,129.10151044817408,64.55075522408704,64.55075522408704,64.55075522408704,0.0,2.3021728866442674,13552.283534519192,70.8886450709844,35.4443225354922,35.4443225354922,35.4443225354922,0.0,1.5811388300841898,6770.7322499121165,86.27166394593303,43.135831972966514,43.135831972966514,43.135831972966514,0.0,1.51657508881031,10221.329209060827,70.21965536799507,35.10982768399754,35.10982768399754,35.10982768399754,0.0,1.3038404810405297,7612.403214491466,43.785842460777204,21.892921230388602,21.892921230388602,21.892921230388602,0.0,1.816590212458495,4924.692914284098,31.66701754191575,15.833508770957875,15.833508770957875,15.833508770957875,0.0,0.5477225575051662,3560.674332201697,137.50636348911274,68.75318174455637,68.75318174455637,68.75318174455637,0.0,1.6431676725154984,14295.713826178811
0.0,84.42274575018276,42.21137287509138,42.21137287509138,42.21137287509138,0.0,1.3038404810405297,8748.352930695011,86.56327165721036,43.28163582860518,43.28163582860518,43.28163582860518,0.0,2.3021728866442674,8643.756226317353,112.56109452204167,56.280547261020835,56.280547261020835,56.280547261020835,0.0,2.280350850198276,12499.968051959173,39.16631205513228,19.58315602756614,19.58315602756614,19.58315602756614,0.0,0.5477225575051662,4809.271025841651,72.52034197382139,36.260170986910694,36.260170986910694,36.260170986910694,0.0,1.9235384061671343,6245.652191725056,26.780589986032794,13.390294993016397,13.390294993016397,13.390294993016397,0.0,1.3038404810405297,4386.65267601619,136.98175060934213,68.49087530467106,68.49087530467106,68.49087530467106,0.0,2.1213203435596424,13910.387701282807,112.10173950479091,56.05086975239546,56.05086975239546,56.05086975239546,0.0,1.9235384061671346,14346.545636493824,114.04034373852089,57.020171869260444,57.020171869260444,57.020171869260444,0.0,3.0,11780.497769619074,108.97706180660222,54.48853090330111,54.48853090330111,54.48853090330111,0.0,1.7888543819998315,12427.559965656974,109.2831185499389,54.64155927496945,54.64155927496945,54.64155927496945,0.0,3.1304951684997055,12096.844931634034,58.48760552458957,29.243802762294784,29.243802762294784,29.243802762294784,0.0,1.4832396974191324,6565.606270558721,55.16158083303995,27.580790416519974,27.580790416519974,27.580790416519974,0.0,1.816590212458495,4967.005164080263,128.85961353348844,64.42980676674422,64.42980676674422,64.42980676674422,0.0,2.3021728866442674,13550.401108454318,71.08586357356855,35.54293178678427,35.54293178678427,35.54293178678427,0.0,1.5811388300841898,6769.767772974195,85.94882198145592,42.97441099072796,42.97441099072796,42.97441099072796,0.0,1.51657508881031,10225.924295632156,70.21965536799507,35.10982768399754,35.10982768399754,35.10982768399754,0.0,1.3038404810405297,7607.899164684033,43.785842460777204,21.892921230388602,21.892921230388602,21.892921230388602,0.0,1.816590212458495,4923.81485232741,30.705048444840468,15.352524222420234,15.352524222420234,15.352524222420234,0.0,0.5477225575051662,3559.49177552077,137.50636348911274,68.75318174455637,68.75318174455637,68.75318174455637,0.0,1.6431676725154984,14294.041807690362
0.0,94.47115962027776,47.23557981013888,47.23557981013888,47.23557981013888,0.0,3.492849839314596,9523.555129257142,86.48699324175861,43.243496620879306,43.243496620879306,43.243496620879306,0.0,2.3021728866442674,8642.419551259936,112.36013527937745,56.18006763968872,56.18006763968872,56.18006763968872,0.0,2.280350850198276,12500.980929511092,39.16631205513228,19.58315602756614,19.58315602756614,19.58315602756614,0.0,0.5477225575051662,4808.406004072452,72.52034197382139,36.260170986910694,36.260170986910694,36.260170986910694,0.0,1.9235384061671343,6248.611829838688,26.419689627245813,13.209844813622906,13.209844813622906,13.209844813622906,0.0,1.3038404810405297,4386.887484310488,135.95293303198721,67.97646651599361,67.97646651599361,67.97646651599361,0.0,2.1213203435596424,13907.599965486497,112.45443521711361,56.227217608556806,56.227217608556806,56.227217608556806,0.0,1.9235384061671346,14347.700345351515,112.99026506739419,56.495132533697095,56.495132533697095,56.495132533697095,0.0,3.0,11779.594551596418,108.7694810137476,54.3847405068738,54.3847405068738,54.3847405068738,0.0,1.7888543819998315,12428.176958025662,108.65541864076545,54.32770932038272,54.32770932038272,54.32770932038272,0.0,2.7748873851023217,12100.455809596597,58.48760552458957,29.243802762294784,29.243802762294784,29.243802762294784,0.0,1.4832396974191324,6567.041358176451,55.16158083303995,27.580790416519974,27.580790416519974,27.580790416519974,0.0,1.816590212458495,4963.586576257132,128.3744522870497,64.18722614352485,64.18722614352485,64.18722614352485,0.0,2.3021728866442674,13548.668100592029,71.82478680789801,35.912393403949004,35.912393403949004,35.912393403949004,0.0,1.5811388300841898,6770.276678245875,85.58037158133867,42.790185790669334,42.790185790669334,42.790185790669334,0.0,1.51657508881031,10226.338508967909,69.93425483981365,34.967127419906824,34.967127419906824,34.967127419906824,0.0,1.3038404810405297,7608.223886032798,43.785842460777204,21.892921230388602,21.892921230388602,21.892921230388602,0.0,1.816590212458495,4924.329467044218,30.705048444840468,15.352524222420234,15.352524222420234,15.352524222420234,0.0,0.5477225575051662,3556.1311140057815,137.42197786380459,68.71098893190229,68.71098893190229,68.71098893190229,0.0,1.6431676725154984,14293.706139416747
0.0,94.39703385170532,47.19851692585266,47.19851692585266,47.19851692585266,0.0,3.492849839314596,9521.004290514735,85.76013059691549,42.880065298457744,42.880065298457744,42.880065298457744,0.0,2.3021728866442674,8642.049265075964,112.05891307700607,56.029456538503034,56.029456538503034,56.029456538503034,0.0,2.280350850198276,12498.981526508469,39.16631205513228,19.58315602756614,19.58315602756614,19.58315602756614,0.0,0.5477225575051662,4807.936594839828,72.4486024709932,36.2243012354966,36.2243012354966,36.2243012354966,0.0,1.9235384061671343,6246.217799596809,26.419689627245813,13.209844813622906,13.209844813622906,13.209844813622906,0.0,1.3038404810405297,4386.828900242179,136.65723544693856,68.32861772346928,68.32861772346928,68.32861772346928,0.0,2.1213203435596424,13906.89795748858,112.21764567125797,56.108822835628985,56.108822835628985,56.108822835628985,0.0,1.9235384061671346,14348.38637965956,112.7687900085835,56.38439500429175,56.38439500429175,56.38439500429175,0.0,3.0,11779.47594335164,108.5688721503544,54.2844360751772,54.2844360751772,54.2844360751772,0.0,1.7888543819998315,12429.245471869965,108.03147689446811,54.01573844723406,54.01573844723406,54.01573844723406,0.0,2.7748873851023217,12101.84424788222,58.35409154463807,29.177045772319033,29.177045772319033,29.177045772319033,0.0,1.4832396974191324,6566.930584375016,55.16158083303995,27.580790416519974,27.580790416519974,27.580790416519974,0.0,1.816590212458495,4965.367408359627,128.3744522870497,64.18722614352485,64.18722614352485,64.18722614352485,0.0,2.3021728866442674,13548.809050983042,71.5122367151245,35.75611835756225,35.75611835756225,35.75611835756225,0.0,1.5811388300841898,6765.810128875921,85.58037158133867,42.790185790669334,42.790185790669334,42.790185790669334,0.0,1.51657508881031,10226.776065799037,69.93425483981365,34.967127419906824,34.967127419906824,34.967127419906824,0.0,1.3038404810405297,7605.585809127395,44.127089185669156,22.063544592834578,22.063544592834578,22.063544592834578,0.0,1.816590212458495,4923.762890310621,30.066592756745816,15.033296378372908,15.033296378372908,15.033296378372908,0.0,0.5477225575051662,3555.489741231157,138.98489126520192,69.49244563260096,69.49244563260096,69.49244563260096,0.0,1.6431676725154984,14292.955229762667
0.0,92.91501493300208,46.45750746650104,46.45750746650104,46.45750746650104,0.0,3.0495901363953806,9522.952446589241,85.983719389196,42.991859694598,42.991859694598,42.991859694598,0.0,2.3021728866442674,8643.911163356552,111.37683780750825,55.688418903754126,55.688418903754126,55.688418903754126,0.0,2.280350850198276,12499.565320442147,38.40833242930498,19.20416621465249,19.20416621465249,19.20416621465249,0.0,0.5477225575051662,4801.397265380152,72.4486024709932,36.2243012354966,36.2243012354966,36.2243012354966,0.0,1.9235384061671343,6250.434200917564,26.847718711279736,13.423859355639868,13.423859355639868,13.423859355639868,0.0,1.3038404810405297,4389.552334805908,135.9190935814391,67.95954679071956,67.95954679071956,67.95954679071956,0.0,2.1213203435596424,13902.473495748878,111.93390907138016,55.96695453569008,55.96695453569008,55.96695453569008,0.0,1.9235384061671346,14349.395816549211,112.7687900085835,56.38439500429175,56.38439500429175,56.38439500429175,0.0,3.0,11779.911311211134,109.1146186356347,54.55730931781735,54.55730931781735,54.55730931781735,0.0,1.7888543819998315,12426.496014565006,108.03147689446811,54.01573844723406,54.01573844723406,54.01573844723406,0.0,2.7748873851023217,12101.982697062494,58.35409154463807,29.177045772319033,29.177045772319033,29.177045772319033,0.0,1.4832396974191324,6569.030347014695,55.299186250793966,27.649593125396983,27.649593125396983,27.649593125396983,0.0,1.816590212458495,4962.155247470599,128.3744522870497,64.18722614352485,64.18722614352485,64.18722614352485,0.0,2.3021728866442674,13548.28997327707,70.4073859761886,35.2036929880943,35.2036929880943,35.2036929880943,0.0,1.5811388300841898,6766.186688231414,84.93997880856811,42.46998940428406,42.46998940428406,42.46998940428406,0.0,1.51657508881031,10225.739009968913,69.80830896103987,34.904154480519935,34.904154480519935,34.904154480519935,0.0,1.3038404810405297,7604.825343162063,44.127089185669156,22.063544592834578,22.063544592834578,22.063544592834578,0.0,1.816590212458495,4925.459034445419,29.785902705810344,14.892951352905172,14.892951352905172,14.892951352905172,0.0,0.5477225575051662,3557.248065569788,138.98489126520192,69.49244563260096,69.49244563260096,69.49244563260096,0.0,1.6431676725154984,14293.663956452872
0.0,93.46657156438339,46.73328578219169,46.73328578219169,46.73328578219169,0.0,3.0495901363953806,9524.314237781113,85.983719389196,42.991859694598,42.991859694598,42.991859694598,0.0,2.3021728866442674,8641.36376968358,111.18453129819814,55.59226564909907,55.59226564909907,55.59226564909907,0.0,2.280350850198276,12500.70685201441,38.40833242930498,19.20416621465249,19.20416621465249,19.20416621465249,0.0,0.5477225575051662,4802.451384449404,73.03971522397936,36.51985761198968,36.51985761198968,36.51985761198968,0.0,1.9235384061671343,6248.861152242063,26.58571044753177,13.292855223765885,13.292855223765885,13.292855223765885,0.0,1.3038404810405297,4389.782397796046,134.54664618636914,67.27332309318457,67.27332309318457,67.27332309318457,0.0,2.1213203435596424,13902.810356183387,111.93390907138016,55.96695453569008,55.96695453569008,55.96695453569008,0.0,1.9235384061671346,14352.651382235967,112.11244355556613,56.056221777783065,56.056221777783065,56.056221777783065,0.0,2.588435821108957,11782.856432122051,108.98073224198853,54.49036612099427,54.49036612099427,54.49036612099427,0.0,1.7888543819998315,12428.87453875048,108.02407139151903,54.012035695759515,54.012035695759515,54.012035695759515,0.0,2.7748873851023217,12098.611998903016,58.35409154463807,29.177045772319033,29.177045772319033,29.177045772319033,0.0,1.4832396974191324,6568.651269476863,55.7243214404626,27.8621607202313,27.8621607202313,27.8621607202313,0.0,1.816590212458495,4962.865271191633,129.20835886272994,64.60417943136497,64.60417943136497,64.60417943136497,0.0,2.3021728866442674,13548.513781961474,70.4073859761886,35.2036929880943,35.2036929880943,35.2036929880943,0.0,1.5811388300841898,6770.3740073942745,84.93997880856811,42.46998940428406,42.46998940428406,42.46998940428406,0.0,1.51657508881031,10219.431133874332,69.80830896103987,34.904154480519935,34.904154480519935,34.904154480519935,0.0,1.3038404810405297,7606.08353227862,44.181444068749045,22.090722034374522,22.090722034374522,22.090722034374522,0.0,1.816590212458495,4924.421417791129,29.785902705810344,14.892951352905172,14.892951352905172,14.892951352905172,0.0,0.5477225575051662,3554.631739013199,138.90284374338776,69.45142187169388,69.45142187169388,69.45142187169388,0.0,1.6431676725154984,14292.567351599222
0.0,94.94840704298309,47.474203521491546,47.474203521491546,47.474203521491546,0.0,3.492849839314596,9609.377050568886,85.983719389196,42.991859694598,42.991859694598,42.991859694598,0.0,2.3021728866442674,8644.517985405548,111.5401273085162,55.7700636542581,55.7700636542581,55.7700636542581,0.0,2.280350850198276,12497.72484494678,38.225645841502796,19.112822920751398,19.112822920751398,19.112822920751398,0.0,0.5477225575051662,4800.074707751954,73.3021145670437,36.65105728352185,36.65105728352185,36.65105728352185,0.0,1.9235384061671343,6250.70020077751,26.168683574073803,13.084341787036902,13.084341787036902,13.084341787036902,0.0,1.3038404810405297,4392.954154097218,133.50205990920142,66.75102995460071,66.75102995460071,66.75102995460071,0.0,2.1213203435596424,13900.929814224659,111.93390907138016,55.96695453569008,55.96695453569008,55.96695453569008,0.0,1.9235384061671346,14348.684075552015,111.71929108260578,55.85964554130289,55.85964554130289,55.85964554130289,0.0,2.588435821108957,11785.909566087805,109.19157476655423,54.59578738327711,54.59578738327711,54.59578738327711,0.0,1.4142135623730951,12428.749723926378,107.02336193560731,53.511680967803656,53.511680967803656,53.511680967803656,0.0,2.7748873851023217,12097.335016440604,58.42944463196617,29.214722315983085,29.214722315983085,29.214722315983085,0.0,1.4832396974191324,6565.715650254739,56.29564814441699,28.147824072208493,28.147824072208493,28.147824072208493,0.0,1.816590212458495,4957.312144700997,128.72917307277322,64.36458653638661,64.36458653638661,64.36458653638661,0.0,2.3021728866442674,13550.156943740541,70.09422230112835,35.04711115056418,35.04711115056418,35.04711115056418,0.0,1.5811388300841898,6770.531921496272,85.02470229292192,42.51235114646096,42.51235114646096,42.51235114646096,0.0,1.51657508881031,10215.680163356721,69.77965319489628,34.88982659744814,34.88982659744814,34.88982659744814,0.0,1.2247448713915892,7608.825678118799,54.00740689942445,27.003703449712226,27.003703449712226,27.003703449712226,0.0,3.5637059362410923,5683.392895093564,31.061229853307484,15.530614926653742,15.530614926653742,15.530614926653742,0.0,0.5477225575051662,3556.706903864866,139.78125768499868,69.89062884249934,69.89062884249934,69.89062884249934,0.0,1.6431676725154984,14292.402712630232
0.0,95.24074758211424,47.62037379105712,47.62037379105712,47.62037379105712,0.0,3.492849839314596,9610.58406133571,85.983719389196,42.991859694598,42.991859694598,42.991859694598,0.0,2.3021728866442674,8641.166952443402,110.85666421104327,55.42833210552163,55.42833210552163,55.42833210552163,0.0,2.280350850198276,12496.814826186712,37.61914406256474,18.80957203128237,18.80957203128237,18.80957203128237,0.0,0.5477225575051662,4801.149726888342,73.3021145670437,36.65105728352185,36.65105728352185,36.65105728352185,0.0,1.9235384061671343,6253.605360110278,25.946097972527586,12.973048986263793,12.973048986263793,12.973048986263793,0.0,1.3038404810405297,4393.023526001198,133.50205990920142,66.75102995460071,66.75102995460071,66.75102995460071,0.0,2.1213203435596424,13904.473578672441,111.38581597313008,55.69290798656504,55.69290798656504,55.69290798656504,0.0,1.9235384061671346,14351.528674674346,111.51681487560519,55.758407437802596,55.758407437802596,55.758407437802596,0.0,2.588435821108957,11789.293469076083,108.49331776657952,54.24665888328976,54.24665888328976,54.24665888328976,0.0,1.4142135623730951,12429.270159587008,106.40864626523542,53.20432313261771,53.20432313261771,53.20432313261771,0.0,2.7748873851023217,12101.275812905018,57.629853374791786,28.814926687395893,28.814926687395893,28.814926687395893,0.0,1.4832396974191324,6568.447061520706,56.29564814441699,28.147824072208493,28.147824072208493,28.147824072208493,0.0,1.816590212458495,4961.51077797882,129.57160182694355,64.78580091347177,64.78580091347177,64.78580091347177,0.0,2.3021728866442674,13549.022536699835,70.84348946798146,35.42174473399073,35.42174473399073,35.42174473399073,0.0,1.5811388300841898,6772.764856393584,85.02470229292192,42.51235114646096,42.51235114646096,42.51235114646096,0.0,1.51657508881031,10216.234320922755,70.58895097676407,35.294475488382034,35.294475488382034,35.294475488382034,0.0,1.2247448713915892,7611.433682296654,54.00740689942445,27.003703449712226,27.003703449712226,27.003703449712226,0.0,3.5637059362410923,5683.7790421514455,31.400636936215164,15.700318468107582,15.700318468107582,15.700318468107582,0.0,0.5477225575051662,3554.876608266453,139.51057307602173,69.75528653801086,69.75528653801086,69.75528653801086,0.0,1.6431676725154984,14296.104896089704
0.0,95.24074758211424,47.62037379105712,47.62037379105712,47.62037379105712,0.0,3.492849839314596,9611.357224658754,86.21600779437657,43.10800389718828,43.10800389718828,43.10800389718828,0.0,2.3021728866442674,8641.967322317298,111.40377013368982,55.70188506684491,55.70188506684491,55.70188506684491,0.0,2.280350850198276,12498.45299627118,37.18601887806761,18.593009439033803,18.593009439033803,18.593009439033803,0.0,0.5477225575051662,4801.119609007882,73.09445943435111,36.547229717175554,36.547229717175554,36.547229717175554,0.0,1.9235384061671343,6254.488652160143,26.55560204551951,13.277801022759755,13.277801022759755,13.277801022759755,0.0,1.3038404810405297,4392.267899388652,133.50205990920142,66.75102995460071,66.75102995460071,66.75102995460071,0.0,2.1213203435596424,13903.703312427233,111.21510688750877,55.607553443754384,55.607553443754384,55.607553443754384,0.0,1.9235384061671346,14355.770999845323,111.97678330796968,55.98839165398484,55.98839165398484,55.98839165398484,0.0,2.588435821108957,11790.901373516785,108.29219731818169,54.146098659090846,54.146098659090846,54.146098659090846,0.0,1.4142135623730951,12432.039909041476,106.70145266115172,53.35072633057586,53.35072633057586,53.35072633057586,0.0,2.7748873851023217,12100.385902937145,57.74772722800439,28.873863614002197,28.873863614002197,28.873863614002197,0.0,1.4832396974191324,6568.725119838705,57.23635208501674,28.61817604250837,28.61817604250837,28.61817604250837,0.0,1.816590212458495,4961.554726091409,129.33986237815472,64.66993118907736,64.66993118907736,64.66993118907736,0.0,2.3021728866442674,13545.429129414839,70.48971556191727,35.24485778095863,35.24485778095863,35.24485778095863,0.0,1.5811388300841898,6772.8305751731305,84.39668239925075,42.198341199625375,42.198341199625375,42.198341199625375,0.0,1.51657508881031,10218.038045534964,70.56911505750939,35.284557528754696,35.284557528754696,35.284557528754696,0.0,1.2247448713915892,7614.273813043501,54.21438923385562,27.10719461692781,27.10719461692781,27.10719461692781,0.0,3.5355339059327378,5685.801983889344,31.400636936215164,15.700318468107582,15.700318468107582,15.700318468107582,0.0,0.5477225575051662,3554.213597970724,139.31690493260322,69.65845246630161,69.65845246630161,69.65845246630161,0.0,1.6431676725154984,14299.66942974557
0.0,94.66784036831093,47.33392018415547,47.33392018415547,47.33392018415547,0.0,3.0495901363953806,9613.995204908311,85.92322154109446,42.96161077054723,42.96161077054723,42.96161077054723,0.0,2.3021728866442674,8640.967237526133,111.22050170719426,55.61025085359713,55.61025085359713,55.61025085359713,0.0,2.280350850198276,12500.042187928806,37.18601887806761,18.593009439033803,18.593009439033803,18.593009439033803,0.0,0.5477225575051662,4800.927275016776,73.09445943435111,36.547229717175554,36.547229717175554,36.547229717175554,0.0,1.9235384061671343,6254.6002829917115,26.81044572550035,13.405222862750175,13.405222862750175,13.405222862750175,0.0,1.3038404810405297,4392.646218397289,133.00375934536586,66.50187967268293,66.50187967268293,66.50187967268293,0.0,2.1213203435596424,13900.826550964515,111.21510688750877,55.607553443754384,55.607553443754384,55.607553443754384,0.0,1.9235384061671346,14353.467647227271,111.32475016814546,55.66237508407273,55.66237508407273,55.66237508407273,0.0,2.1908902300206647,11789.631771179285,109.12928113022646,54.56464056511323,54.56464056511323,54.56464056511323,0.0,1.4142135623730951,12429.804069252257,106.70145266115172,53.35072633057586,53.35072633057586,53.35072633057586,0.0,2.7748873851023217,12104.825083411986,57.19090836837618,28.59545418418809,28.59545418418809,28.59545418418809,0.0,1.4832396974191324,6565.371223320125,57.23635208501674,28.61817604250837,28.61817604250837,28.61817604250837,0.0,1.816590212458495,4961.325296732719,129.33986237815472,64.66993118907736,64.66993118907736,64.66993118907736,0.0,2.3021728866442674,13545.264873748318,70.48971556191727,35.24485778095863,35.24485778095863,35.24485778095863,0.0,1.5811388300841898,6774.74761153506,84.49141968271098,42.24570984135549,42.24570984135549,42.24570984135549,0.0,1.51657508881031,10220.431903789586,70.56911505750939,35.284557528754696,35.284557528754696,35.284557528754696,0.0,1.2247448713915892,7617.860014466006,54.468339427597755,27.234169713798877,27.234169713798877,27.234169713798877,0.0,3.5355339059327378,5686.103173527543,32.391356871857035,16.195678435928517,16.195678435928517,16.195678435928517,0.0,0.5477225575051662,3556.5362644010816,139.31690493260322,69.65845246630161,69.65845246630161,69.65845246630161,0.0,1.6431676725154984,14297.658839824093
0.0,94.66784036831093,47.33392018415547,47.33392018415547,47.33392018415547,0.0,3.0495901363953806,9615.43560115713,85.92322154109446,42.96161077054723,42.96161077054723,42.96161077054723,0.0,2.3021728866442674,8637.882622494937,111.22050170719426,55.61025085359713,55.61025085359713,55.61025085359713,0.0,2.280350850198276,12498.193197418577,37.560617673302445,18.780308836651223,18.780308836651223,18.780308836651223,0.0,0.5477225575051662,4807.981780331535,72.35191773546849,36.175958867734245,36.175958867734245,36.175958867734245,0.0,1.9235384061671343,6252.007293661773,27.298351598585583,13.649175799292792,13.649175799292792,13.649175799292792,0.0,1.3038404810405297,4391.151181637909,132.62277330835758,66.31138665417879,66.31138665417879,66.31138665417879,0.0,2.1213203435596424,13905.54584689145,110.69417328838949,55.347086644194746,55.347086644194746,55.347086644194746,0.0,1.9235384061671346,14352.98619800075,111.39479341513228,55.69739670756614,55.69739670756614,55.69739670756614,0.0,2.1908902300206647,11791.61853606196,108.99908256494639,54.499541282473196,54.499541282473196,54.499541282473196,0.0,1.4142135623730951,12427.435825623885,106.79513097515262,53.39756548757631,53.39756548757631,53.39756548757631,0.0,2.7748873851023217,12106.157016163304,57.24683397359194,28.62341698679597,28.62341698679597,28.62341698679597,0.0,1.4832396974191324,6567.12804808921,56.61095300381368,28.30547650190684,28.30547650190684,28.30547650190684,0.0,1.51657508881031,4964.805786735267,128.7369410853,64.36847054265,64.36847054265,64.36847054265,0.0,2.3021728866442674,13546.377419812281,71.15616628233985,35.57808314116993,35.57808314116993,35.57808314116993,0.0,1.5811388300841898,6773.785994552825,84.20926314842092,42.10463157421046,42.10463157421046,42.10463157421046,0.0,1.51657508881031,10219.880194992504,70.4755276674109,35.23776383370545,35.23776383370545,35.23776383370545,0.0,1.2247448713915892,7618.842018312232,54.468339427597755,27.234169713798877,27.234169713798877,27.234169713798877,0.0,3.5355339059327378,5686.307835493959,32.391356871857035,16.195678435928517,16.195678435928517,16.195678435928517,0.0,0.5477225575051662,3554.4791882918653,139.31690493260322,69.65845246630161,69.65845246630161,69.65845246630161,0.0,1.6431676725154984,14302.884464330962
0.0,94.66784036831093,47.33392018415547,47.33392018415547,47.33392018415547,0.0,3.0495901363953806,9657.899186676159,78.2738781459051,39.13693907295255,39.13693907295255,39.13693907295255,0.0,2.16794833886788,8428.059693666153,110.24155296438818,55.12077648219409,55.12077648219409,55.12077648219409,0.0,2.280350850198276,12501.546416343861,37.560617673302445,18.780308836651223,18.780308836651223,18.780308836651223,0.0,0.5477225575051662,4813.590894540166,72.35191773546849,36.175958867734245,36.175958867734245,36.175958867734245,0.0,1.9235384061671343,6250.713383286743,27.298351598585583,13.649175799292792,13.649175799292792,13.649175799292792,0.0,1.3038404810405297,4385.5713424820715,132.62277330835758,66.31138665417879,66.31138665417879,66.31138665417879,0.0,2.1213203435596424,13906.838210031783,110.42282372770586,55.21141186385293,55.21141186385293,55.21141186385293,0.0,1.9235384061671346,14357.263151450557,111.8659912573969,55.93299562869845,55.93299562869845,55.93299562869845,0.0,2.1908902300206647,11794.42659903397,108.5080642164443,54.25403210822215,54.25403210822215,54.25403210822215,0.0,1.4142135623730951,12428.162201226696,106.02829810951414,53.01414905475707,53.01414905475707,53.01414905475707,0.0,2.7748873851023217,12104.531581188923,57.55692834055689,28.778464170278443,28.778464170278443,28.778464170278443,0.0,1.4832396974191324,6568.944306355474,56.24233281079297,28.121166405396487,28.121166405396487,28.121166405396487,0.0,1.3038404810405295,4966.284879062014,128.75092232679347,64.37546116339674,64.37546116339674,64.37546116339674,0.0,2.3021728866442674,13548.04699209447,71.90827490629991,35.954137453149954,35.954137453149954,35.954137453149954,0.0,1.5811388300841898,6778.499996311869,84.20926314842092,42.10463157421046,42.10463157421046,42.10463157421046,0.0,1.51657508881031,10221.420767192787,71.28253643074157,35.641268215370786,35.641268215370786,35.641268215370786,0.0,1.2247448713915892,7622.760307132844,54.173794402829124,27.086897201414562,27.086897201414562,27.086897201414562,0.0,3.1144823004794873,5695.0572692467285,32.08114711166045,16.040573555830225,16.040573555830225,16.040573555830225,0.0,0.5477225575051662,3559.7062097875437,139.1287173807047,69.56435869035235,69.56435869035235,69.56435869035235,0.0,1.6431676725154984,14302.131005552985
0.0,94.66784036831093,47.33392018415547,47.33392018415547,47.33392018415547,0.0,3.0495901363953806,9659.253734114245,78.2738781459051,39.13693907295255,39.13693907295255,39.13693907295255,0.0,2.16794833886788,8428.11630793026,110.79169643976032,55.39584821988016,55.39584821988016,55.39584821988016,0.0,2.280350850198276,12501.67681953105,36.51301137950689,18.256505689753446,18.256505689753446,18.256505689753446,0.0,0.5477225575051662,4812.290899353447,72.97396796118463,36.48698398059231,36.48698398059231,36.48698398059231,0.0,1.9235384061671343,6249.979295965708,27.94279871451677,13.971399357258385,13.971399357258385,13.971399357258385,0.0,1.3038404810405297,4387.887054152602,132.72075949149777,66.36037974574889,66.36037974574889,66.36037974574889,0.0,2.16794833886788,13908.863602034495,111.27982746212362,55.63991373106181,55.63991373106181,55.63991373106181,0.0,1.9235384061671346,14358.104704312474,111.8659912573969,55.93299562869845,55.93299562869845,55.93299562869845,0.0,2.1908902300206647,11794.528082971357,108.30881773890803,54.154408869454016,54.154408869454016,54.154408869454016,0.0,1.4142135623730951,12428.512630238585,105.73930205935729,52.86965102967864,52.86965102967864,52.86965102967864,0.0,2.449489742783178,12101.910068249557,58.01034390520366,29.00517195260183,29.00517195260183,29.00517195260183,0.0,1.4832396974191324,6569.874557402143,56.24233281079297,28.121166405396487,28.121166405396487,28.121166405396487,0.0,1.3038404810405295,4967.334466290748,128.63592033331904,64.31796016665952,64.31796016665952,64.31796016665952,0.0,2.3021728866442674,13546.27728566044,73.42206752741303,36.71103376370652,36.71103376370652,36.71103376370652,0.0,1.5811388300841898,6777.012225162354,84.93997880856811,42.46998940428406,42.46998940428406,42.46998940428406,0.0,1.51657508881031,10223.351837826965,71.30778358636594,35.65389179318297,35.65389179318297,35.65389179318297,0.0,1.095445115010332,7623.053672905628,53.751279054549016,26.875639527274508,26.875639527274508,26.875639527274508,0.0,3.1144823004794873,5694.757878962019,32.4468796650772,16.2234398325386,16.2234398325386,16.2234398325386,0.0,0.5477225575051662,3560.254583593707,139.1287173807047,69.56435869035235,69.56435869035235,69.56435869035235,0.0,1.6431676725154984,14302.404406252817
0.0,94.66784036831093,47.33392018415547,47.33392018415547,47.33392018415547,0.0,3.0495901363953806,9656.5755420853,78.2738781459051,39.13693907295255,39.13693907295255,39.13693907295255,0.0,2.16794833886788,8430.848462640044,109.42942931405611,54.714714657028054,54.714714657028054,54.714714657028054,0.0,2.280350850198276,12503.559081317606,36.51301137950689,18.256505689753446,18.256505689753446,18.256505689753446,0.0,0.5477225575051662,4811.170179904261,73.78888805233481,36.894444026167406,36.894444026167406,36.894444026167406,0.0,1.9235384061671343,6247.419203159014,28.649607327151973,14.324803663575986,14.324803663575986,14.324803663575986,0.0,1.3038404810405297,4393.69381045152,132.72075949149777,66.36037974574889,66.36037974574889,66.36037974574889,0.0,2.16794833886788,13910.331602805161,111.62974513990436,55.81487256995218,55.81487256995218,55.81487256995218,0.0,1.9235384061671346,14358.332155929533,112.03035302988204,56.01517651494102,56.01517651494102,56.01517651494102,0.0,2.1908902300206647,11800.827377773137,108.30881773890803,54.154408869454016,54.154408869454016,54.154408869454016,0.0,1.4142135623730951,12425.9771326041,106.02829810951414,53.01414905475707,53.01414905475707,53.01414905475707,0.0,2.5884358211089564,12102.520349084318,58.01034390520366,29.00517195260183,29.00517195260183,29.00517195260183,0.0,1.4832396974191324,6570.536979577849,56.24233281079297,28.121166405396487,28.121166405396487,28.121166405396487,0.0,1.3038404810405295,4965.08214433558,73.50646230094331,36.753231150471656,36.753231150471656,36.753231150471656,0.0,1.3038404810405297,8093.965146947447,73.42206752741303,36.71103376370652,36.71103376370652,36.71103376370652,0.0,1.5811388300841898,6775.322922193451,128.9449494939604,64.4724747469802,64.4724747469802,64.4724747469802,0.0,2.8809720581775866,14050.628057136806,71.09992967647717,35.54996483823859,35.54996483823859,35.54996483823859,0.0,1.095445115010332,7624.85476582997,54.00740689942445,27.003703449712226,27.003703449712226,27.003703449712226,0.0,3.1144823004794873,5696.7242604851435,33.15418525616336,16.57709262808168,16.57709262808168,16.57709262808168,0.0,0.5477225575051662,3557.546106517806,139.04675472660267,69.52337736330134,69.52337736330134,69.52337736330134,0.0,1.6431676725154984,14307.676984751926
0.0,94.13394711792341,47.066973558961706,47.066973558961706,47.066973558961706,0.0,2.6076809620810595,9655.658978029413,78.82892870006543,39.414464350032716,39.414464350032716,39.414464350032716,0.0,2.16794833886788,8426.9341103393,108.64069219219842,54.32034609609921,54.32034609609921,54.32034609609921,0.0,2.280350850198276,12505.418933406429,36.72601257964169,18.363006289820845,18.363006289820845,18.363006289820845,0.0,0.5477225575051662,4812.277038991001,73.4384095688353,36.71920478441765,36.71920478441765,36.71920478441765,0.0,1.949358868961793,6246.389717268688,28.021420377989408,14.010710188994704,14.010710188994704,14.010710188994704,0.0,1.3038404810405297,4393.5413620449735,132.42054221305696,66.21027110652848,66.21027110652848,66.21027110652848,0.0,2.16794833886788,13906.849096758044,112.31562669548703,56.15781334774351,56.15781334774351,56.15781334774351,0.0,1.9235384061671346,14358.702988083569,111.8534755830144,55.9267377915072,55.9267377915072,55.9267377915072,0.0,1.816590212458495,11800.479663979766,108.30881773890803,54.154408869454016,54.154408869454016,54.154408869454016,0.0,1.4142135623730951,12424.15141166591,105.40777959904098,52.70388979952049,52.70388979952049,52.70388979952049,0.0,2.5884358211089564,12105.459772350656,56.9982455870354,28.4991227935177,28.4991227935177,28.4991227935177,0.0,1.4832396974191324,6573.033675556516,55.61654430113399,27.808272150566996,27.808272150566996,27.808272150566996,0.0,1.3038404810405295,4967.12111791126,73.26117662172783,36.630588310863914,36.630588310863914,36.630588310863914,0.0,1.3038404810405297,8096.041273363175,73.42206752741303,36.71103376370652,36.71103376370652,36.71103376370652,0.0,1.5811388300841898,6772.190118418118,128.9449494939604,64.4724747469802,64.4724747469802,64.4724747469802,0.0,2.8809720581775866,14051.694371142577,70.53226212167026,35.26613106083513,35.26613106083513,35.26613106083513,0.0,1.095445115010332,7624.490376412053,54.27706698044764,27.13853349022382,27.13853349022382,27.13853349022382,0.0,3.1144823004794873,5695.534979262265,33.15418525616336,16.57709262808168,16.57709262808168,16.57709262808168,0.0,0.5477225575051662,3555.2342116940763,138.77607863028842,69.38803931514421,69.38803931514421,69.38803931514421,0.0,1.51657508881031,14305.303464100298
0.0,94.13394711792341,47.066973558961706,47.066973558961706,47.066973558961706,0.0,2.6076809620810595,9654.932770351123,79.95748870493621,39.978744352468105,39.978744352468105,39.978744352468105,0.0,2.16794833886788,8421.732856128838,108.64069219219842,54.32034609609921,54.32034609609921,54.32034609609921,0.0,2.280350850198276,12502.400029594319,36.30426972134269,18.152134860671346,18.152134860671346,18.152134860671346,0.0,0.5477225575051662,4811.2654572367965,74.51711212869162,37.25855606434581,37.25855606434581,37.25855606434581,0.0,1.949358868961793,6242.579659083254,28.24889378365107,14.124446891825535,14.124446891825535,14.124446891825535,0.0,1.3038404810405297,4390.4330651998325,131.93938001976514,65.96969000988257,65.96969000988257,65.96969000988257,0.0,2.16794833886788,13907.03274246523,112.31562669548703,56.15781334774351,56.15781334774351,56.15781334774351,0.0,1.9235384061671346,14356.886002890738,111.8534755830144,55.9267377915072,55.9267377915072,55.9267377915072,0.0,1.816590212458495,11806.167633910674,108.16284019939566,54.08142009969783,54.08142009969783,54.08142009969783,0.0,1.4142135623730951,12419.191426981066,105.40777959904098,52.70388979952049,52.70388979952049,52.70388979952049,0.0,2.5884358211089564,12103.162417318872,56.9982455870354,28.4991227935177,28.4991227935177,28.4991227935177,0.0,1.4832396974191324,6572.815583903142,55.666866267107224,27.833433133553612,27.833433133553612,27.833433133553612,0.0,1.3038404810405295,4966.066622589753,71.377867718222,35.688933859111,35.688933859111,35.688933859111,0.0,1.3038404810405297,8097.645244143509,73.60163041672378,36.80081520836189,36.80081520836189,36.80081520836189,0.0,1.5811388300841898,6768.555939046379,128.9449494939604,64.4724747469802,64.4724747469802,64.4724747469802,0.0,2.8809720581775866,14052.650753505546,69.9714227381436,34.9857113690718,34.9857113690718,34.9857113690718,0.0,1.095445115010332,7629.737236628795,54.27706698044764,27.13853349022382,27.13853349022382,27.13853349022382,0.0,3.1144823004794873,5695.612451703504,33.09380606699689,16.546903033498445,16.546903033498445,16.546903033498445,0.0,0.5477225575051662,3555.9517432046237,138.51064941007243,69.25532470503622,69.25532470503622,69.25532470503622,0.0,1.51657508881031,14304.382695523775
0.0,93.86586173897302,46.93293086948651,46.93293086948651,46.93293086948651,0.0,2.6076809620810595,9660.790278232935,79.95748870493621,39.978744352468105,39.978744352468105,39.978744352468105,0.0,2.16794833886788,8418.118982290522,130.34876294004482,65.17438147002241,65.17438147002241,65.17438147002241,0.0,2.60768096208106,14548.584164790744,36.5349148076193,18.26745740380965,18.26745740380965,18.26745740380965,0.0,0.5477225575051662,4812.055122294423,74.79839570472083,37.399197852360416,37.399197852360416,37.399197852360416,0.0,1.8165902124584952,6244.039974247443,28.44644090215857,14.223220451079285,14.223220451079285,14.223220451079285,0.0,1.3038404810405297,4390.826767250104,131.64649634532626,65.82324817266313,65.82324817266313,65.82324817266313,0.0,2.16794833886788,13907.373213515197,112.31562669548703,56.15781334774351,56.15781334774351,56.15781334774351,0.0,1.9235384061671346,14358.501791621575,112.33521264501172,56.16760632250586,56.16760632250586,56.16760632250586,0.0,1.816590212458495,11806.609559903301,108.02777420645118,54.01388710322559,54.01388710322559,54.01388710322559,0.0,1.4142135623730951,12417.238851693239,105.70335850861126,52.85167925430563,52.85167925430563,52.85167925430563,0.0,2.5884358211089564,12098.714510227936,56.9982455870354,28.4991227935177,28.4991227935177,28.4991227935177,0.0,1.4832396974191324,6573.8396694778,55.66686626710723,27.833433133553616,27.833433133553616,27.833433133553616,0.0,1.3038404810405295,4968.727050261465,70.1512651347073,35.07563256735365,35.07563256735365,35.07563256735365,0.0,1.3038404810405297,8097.156155095443,73.52006528832791,36.76003264416396,36.76003264416396,36.76003264416396,0.0,1.5811388300841898,6765.227364989295,128.9449494939604,64.4724747469802,64.4724747469802,64.4724747469802,0.0,2.8809720581775866,14050.835750943785,69.8913442423309,34.94567212116545,34.94567212116545,34.94567212116545,0.0,1.095445115010332,7627.176718812801,53.542506478498,26.771253239249,26.771253239249,26.771253239249,0.0,2.701851217221259,5694.881403506134,34.45576874777285,17.227884373886425,17.227884373886425,17.227884373886425,0.0,0.5477225575051662,3560.3039617425925,139.1287173807047,69.56435869035235,69.56435869035235,69.56435869035235,0.0,1.51657508881031,14307.457101106402
0.0,92.84826331170659,46.424131655853294,46.424131655853294,46.424131655853294,0.0,2.6076809620810595,9661.277099845547,80.53073947257656,40.26536973628828,40.26536973628828,40.26536973628828,0.0,2.16794833886788,8418.976143213615,130.80519867344722,65.40259933672361,65.40259933672361,65.40259933672361,0.0,2.60768096208106,14545.799782067676,36.15522092312533,18.077610461562664,18.077610461562664,18.077610461562664,0.0,0.5477225575051662,4812.190384845554,74.79839570472083,37.399197852360416,37.399197852360416,37.399197852360416,0.0,1.8165902124584952,6242.0497194431255,28.44644090215857,14.223220451079285,14.223220451079285,14.223220451079285,0.0,1.3038404810405297,4393.068722430825,132.35255947657376,66.17627973828688,66.17627973828688,66.17627973828688,0.0,2.16794833886788,13906.828419880645,111.27803017667055,55.63901508833528,55.63901508833528,55.63901508833528,0.0,1.9235384061671346,14355.135091666674,111.93390907138014,55.96695453569007,55.96695453569007,55.96695453569007,0.0,1.816590212458495,11804.92610311475,107.7923930525712,53.8961965262856,53.8961965262856,53.8961965262856,0.0,1.4142135623730951,12418.516646524253,105.70335850861126,52.85167925430563,52.85167925430563,52.85167925430563,0.0,2.5884358211089564,12100.015256188728,56.9982455870354,28.4991227935177,28.4991227935177,28.4991227935177,0.0,1.4832396974191324,6573.150637251515,55.03816857418131,27.519084287090656,27.519084287090656,27.519084287090656,0.0,1.3038404810405295,4969.434102591562,70.1512651347073,35.07563256735365,35.07563256735365,35.07563256735365,0.0,1.3038404810405297,8096.90017846336,72.98492995132625,36.492464975663125,36.492464975663125,36.492464975663125,0.0,1.5811388300841898,6766.716781423617,148.5153190751715,74.25765953758575,74.25765953758575,74.25765953758575,0.0,2.8809720581775866,16155.742787009207,69.8913442423309,34.94567212116545,34.94567212116545,34.94567212116545,0.0,1.095445115010332,7622.942194454842,53.69543742255947,26.847718711279736,26.847718711279736,26.847718711279736,0.0,2.701851217221259,5698.928908137037,34.997142740515265,17.498571370257633,17.498571370257633,17.498571370257633,0.0,0.5477225575051662,3559.6439007293975,138.75445938779768,69.37722969389884,69.37722969389884,69.37722969389884,0.0,1.51657508881031,14308.044824503451
0.0,92.84826331170659,46.424131655853294,46.424131655853294,46.424131655853294,0.0,2.6076809620810595,9660.638824632664,81.55979401641473,40.779897008207364,40.779897008207364,40.779897008207364,0.0,2.16794833886788,8419.037456859305,130.35643444034514,65.17821722017257,65.17821722017257,65.17821722017257,0.0,2.60768096208106,14544.965393564882,35.535897343390666,17.767948671695333,17.767948671695333,17.767948671695333,0.0,0.5477225575051662,4810.230794878765,74.6404715955091,37.32023579775455,37.32023579775455,37.32023579775455,0.0,1.8165902124584952,6238.817692479882,28.44644090215857,14.223220451079285,14.223220451079285,14.223220451079285,0.0,1.3038404810405297,4393.195340523797,132.12569772758062,66.06284886379031,66.06284886379031,66.06284886379031,0.0,2.16794833886788,13902.975857707586,110.76642090453225,55.38321045226613,55.38321045226613,55.38321045226613,0.0,1.9235384061671346,14350.38066394059,112.10173950479091,56.05086975239546,56.05086975239546,56.05086975239546,0.0,1.816590212458495,11799.774552931085,107.7923930525712,53.8961965262856,53.8961965262856,53.8961965262856,0.0,1.4142135623730951,12419.323934900804,105.0866309289626,52.5433154644813,52.5433154644813,52.5433154644813,0.0,2.5884358211089564,12095.68929412458,57.4978260458602,28.7489130229301,28.7489130229301,28.7489130229301,0.0,1.4832396974191324,6572.989106943659,55.61654430113399,27.808272150566996,27.808272150566996,27.808272150566996,0.0,1.3038404810405295,4967.989200873931,70.1512651347073,35.07563256735365,35.07563256735365,35.07563256735365,0.0,1.3038404810405297,8095.439549524164,73.17103251970687,36.585516259853435,36.585516259853435,36.585516259853435,0.0,1.5811388300841898,6763.246890362646,148.4048516727132,74.2024258363566,74.2024258363566,74.2024258363566,0.0,2.8809720581775866,16153.628839985151,71.44788310370014,35.72394155185007,35.72394155185007,35.72394155185007,0.0,1.095445115010332,7618.679859398215,54.15533214744417,27.077666073722085,27.077666073722085,27.077666073722085,0.0,2.701851217221259,5700.384522117784,34.968557305099104,17.484278652549552,17.484278652549552,17.484278652549552,0.0,0.5477225575051662,3560.412827187319,138.75445938779768,69.37722969389884,69.37722969389884,69.37722969389884,0.0,1.51657508881031,14306.514152650881
0.0,92.1151453345214,46.0575726672607,46.0575726672607,46.0575726672607,0.0,2.6076809620810595,9664.234925745544,81.55979401641473,40.779897008207364,40.779897008207364,40.779897008207364,0.0,2.16794833886788,8420.31381837993,130.29658475954002,65.14829237977001,65.14829237977001,65.14829237977001,0.0,2.60768096208106,14545.597935458,36.09432088293115,18.047160441465575,18.047160441465575,18.047160441465575,0.0,0.5477225575051662,4807.78325218598,73.8972259289887,36.94861296449435,36.94861296449435,36.94861296449435,0.0,1.4832396974191329,6237.024995941574,27.806474066303338,13.903237033151669,13.903237033151669,13.903237033151669,0.0,1.3038404810405297,4390.83378186877,131.83626208293379,65.91813104146689,65.91813104146689,65.91813104146689,0.0,2.16794833886788,13903.363557067763,111.11795534475965,55.558977672379825,55.558977672379825,55.558977672379825,0.0,1.9235384061671346,14350.790316216036,111.7103397183985,55.85516985919925,55.85516985919925,55.85516985919925,0.0,1.816590212458495,11802.47614697865,107.7923930525712,53.8961965262856,53.8961965262856,53.8961965262856,0.0,1.4142135623730951,12422.25483557635,105.61628662284998,52.80814331142499,52.80814331142499,52.80814331142499,0.0,2.4083189157584592,12091.103721331647,57.463031594234565,28.731515797117282,28.731515797117282,28.731515797117282,0.0,1.4832396974191324,6573.64516079169,55.98928468912601,27.994642344563005,27.994642344563005,27.994642344563005,0.0,1.3038404810405295,4965.723864654578,70.27659638884057,35.13829819442029,35.13829819442029,35.13829819442029,0.0,1.3038404810405297,8089.778594003671,72.69938101524662,36.34969050762331,36.34969050762331,36.34969050762331,0.0,1.5811388300841898,6764.480615686618,147.84180734825992,73.92090367412996,73.92090367412996,73.92090367412996,0.0,2.8809720581775866,16155.362484326992,72.17478784173875,36.087393920869374,36.087393920869374,36.087393920869374,0.0,1.095445115010332,7618.331523371768,54.15533214744417,27.077666073722085,27.077666073722085,27.077666073722085,0.0,2.701851217221259,5700.23881078679,34.968557305099104,17.484278652549552,17.484278652549552,17.484278652549552,0.0,0.5477225575051662,3562.833451061107,137.96666263992907,68.98333131996453,68.98333131996453,68.98333131996453,0.0,1.51657508881031,14307.995526977214
0.0,96.15196305848363,48.075981529241815,48.075981529241815,48.075981529241815,0.0,3.0495901363953806,9821.893503800578,80.88757630192661,40.44378815096331,40.44378815096331,40.44378815096331,0.0,1.8708286933869707,8420.849588966661,130.29658475954002,65.14829237977001,65.14829237977001,65.14829237977001,0.0,2.60768096208106,14548.326752585674,36.40329655402104,18.20164827701052,18.20164827701052,18.20164827701052,0.0,0.5477225575051662,4806.000915522177,74.7127833774114,37.3563916887057,37.3563916887057,37.3563916887057,0.0,1.4832396974191329,6234.194871833893,28.439409276565506,14.219704638282753,14.219704638282753,14.219704638282753,0.0,1.3038404810405297,4391.5183934489,131.55227098001768,65.77613549000884,65.77613549000884,65.77613549000884,0.0,2.16794833886788,13903.319430984817,110.84583889348305,55.422919446741524,55.422919446741524,55.422919446741524,0.0,2.073644135332772,14351.20764256444,111.7103397183985,55.85516985919925,55.85516985919925,55.85516985919925,0.0,1.816590212458495,11805.450935902449,107.7905376181045,53.89526880905225,53.89526880905225,53.89526880905225,0.0,1.4142135623730951,12421.326084601435,106.02829810951414,53.01414905475707,53.01414905475707,53.01414905475707,0.0,2.4083189157584592,12092.412236605234,57.52216963919216,28.76108481959608,28.76108481959608,28.76108481959608,0.0,1.4832396974191324,6577.818924233168,56.66745097496446,28.33372548748223,28.33372548748223,28.33372548748223,0.0,1.3038404810405295,4963.735710128008,70.27659638884057,35.13829819442029,35.13829819442029,35.13829819442029,0.0,1.3038404810405297,8088.451625620321,72.31873892705818,36.15936946352909,36.15936946352909,36.15936946352909,0.0,1.5811388300841898,6762.704836084449,148.5031986187503,74.25159930937515,74.25159930937515,74.25159930937515,0.0,2.8809720581775866,16155.99929437978,71.6184333813579,35.80921669067895,35.80921669067895,35.80921669067895,0.0,1.095445115010332,7620.909309262249,54.15533214744417,27.077666073722085,27.077666073722085,27.077666073722085,0.0,2.701851217221259,5703.387519711421,34.968557305099104,17.484278652549552,17.484278652549552,17.484278652549552,0.0,0.5477225575051662,3557.463422159109,138.58859981975428,69.29429990987714,69.29429990987714,69.29429990987714,0.0,1.51657508881031,14304.738138113538
0.0,95.88951976102497,47.944759880512485,47.944759880512485,47.944759880512485,0.0,3.0495901363953806,9823.618946192895,80.31189202104505,40.15594601052253,40.15594601052253,40.15594601052253,0.0,1.8708286933869707,8416.279748202289,105.00095237663324,52.50047618831662,52.50047618831662,52.50047618831662,0.0,1.7888543819998317,10794.52519567211,36.038867906747576,18.019433953373788,18.019433953373788,18.019433953373788,0.0,0.5477225575051662,4807.553608645461,74.71813702174326,37.35906851087163,37.35906851087163,37.35906851087163,0.0,1.4832396974191329,6231.626729835477,28.439409276565506,14.219704638282753,14.219704638282753,14.219704638282753,0.0,1.3038404810405297,4392.030077310491,131.55227098001768,65.77613549000884,65.77613549000884,65.77613549000884,0.0,2.16794833886788,13906.729568809484,110.84583889348305,55.422919446741524,55.422919446741524,55.422919446741524,0.0,2.073644135332772,14353.367259984678,112.27644454648535,56.138222273242675,56.138222273242675,56.138222273242675,0.0,1.816590212458495,11802.218554153284,107.38156266324307,53.69078133162154,53.69078133162154,53.69078133162154,0.0,1.4142135623730951,12418.405855825456,106.02829810951414,53.01414905475707,53.01414905475707,53.01414905475707,0.0,2.4083189157584592,12091.352910241269,58.47392581313487,29.236962906567435,29.236962906567435,29.236962906567435,0.0,1.4832396974191324,6576.262563188912,56.66745097496446,28.33372548748223,28.33372548748223,28.33372548748223,0.0,1.3038404810405295,4965.331388739326,70.27659638884057,35.13829819442029,35.13829819442029,35.13829819442029,0.0,1.3038404810405297,8086.628388889896,71.76907411970703,35.884537059853514,35.884537059853514,35.884537059853514,0.0,1.5811388300841898,6766.5063215813225,148.40080862313386,74.20040431156693,74.20040431156693,74.20040431156693,0.0,2.8809720581775866,16150.182590299097,71.6184333813579,35.80921669067895,35.80921669067895,35.80921669067895,0.0,1.095445115010332,7619.9896784707,53.13002917371682,26.56501458685841,26.56501458685841,26.56501458685841,0.0,2.3021728866442674,5702.266698427916,34.3685903115039,17.18429515575195,17.18429515575195,17.18429515575195,0.0,0.5477225575051662,3556.127556767333,137.89416231298554,68.94708115649277,68.94708115649277,68.94708115649277,0.0,1.51657508881031,14304.570143838646
0.0,96.44065532751216,48.22032766375608,48.22032766375608,48.22032766375608,0.0,3.2093613071762426,9821.066403400397,80.31189202104505,40.15594601052253,40.15594601052253,40.15594601052253,0.0,1.8708286933869707,8418.080618525817,104.56194336373058,52.28097168186529,52.28097168186529,52.28097168186529,0.0,1.5811388300841893,10800.236724257482,36.61693597230658,18.30846798615329,18.30846798615329,18.30846798615329,0.0,0.5477225575051662,4813.312113295791,74.71813702174326,37.35906851087163,37.35906851087163,37.35906851087163,0.0,1.4832396974191329,6233.499201892946,28.439409276565506,14.219704638282753,14.219704638282753,14.219704638282753,0.0,1.3038404810405297,4391.249230002779,131.55227098001768,65.77613549000884,65.77613549000884,65.77613549000884,0.0,2.16794833886788,13903.98203753155,111.23308860226798,55.61654430113399,55.61654430113399,55.61654430113399,0.0,1.6733200530681511,14356.789902342376,112.11244355556613,56.056221777783065,56.056221777783065,56.056221777783065,0.0,1.4832396974191326,11804.58575300294,107.18768585989717,53.593842929948586,53.593842929948586,53.593842929948586,0.0,1.4142135623730951,12420.602714844395,105.50450227359968,52.75225113679984,52.75225113679984,52.75225113679984,0.0,2.4083189157584592,12088.609072180307,58.47392581313487,29.236962906567435,29.236962906567435,29.236962906567435,0.0,1.4832396974191324,6570.959389617318,56.66745097496446,28.33372548748223,28.33372548748223,28.33372548748223,0.0,1.3038404810405295,4964.803953833424,70.49255279815024,35.24627639907512,35.24627639907512,35.24627639907512,0.0,1.3038404810405297,8087.747183239595,71.76907411970703,35.884537059853514,35.884537059853514,35.884537059853514,0.0,1.5811388300841898,6765.174513639689,148.7615541731129,74.38077708655645,74.38077708655645,74.38077708655645,0.0,2.8809720581775866,16151.441923246357,71.6184333813579,35.80921669067895,35.80921669067895,35.80921669067895,0.0,1.095445115010332,7617.615197684902,51.93072308373917,25.965361541869584,25.965361541869584,25.965361541869584,0.0,2.3021728866442674,5702.795586376913,34.77355316903926,17.386776584519627,17.38677658451963,17.38677658451963,0.0,0.5477225575051662,3558.1621941670955,137.5499909123952,68.7749954561976,68.7749954561976,68.7749954561976,0.0,1.3416407864998738,14305.234206401516
0.0,96.79462795010889,48.397313975054445,48.397313975054445,48.397313975054445,0.0,3.2093613071762426,9821.722746035952,81.23299822116626,40.61649911058313,40.61649911058313,40.61649911058313,0.0,1.8708286933869707,8416.280193767316,104.56194336373058,52.28097168186529,52.28097168186529,52.28097168186529,0.0,1.5811388300841893,10802.184584610652,36.61693597230658,18.30846798615329,18.30846798615329,18.30846798615329,0.0,0.5477225575051662,4817.890617272252,74.6404715955091,37.32023579775455,37.32023579775455,37.32023579775455,0.0,1.4832396974191329,6234.262642847188,28.439409276565506,14.219704638282753,14.219704638282753,14.219704638282753,0.0,1.3038404810405297,4390.848414600531,131.35904993566297,65.67952496783148,65.67952496783148,65.67952496783148,0.0,2.16794833886788,13902.287772161819,111.23308860226798,55.61654430113399,55.61654430113399,55.61654430113399,0.0,1.6733200530681511,14358.804675181009,111.7103397183985,55.85516985919925,55.85516985919925,55.85516985919925,0.0,1.4832396974191326,11806.192832577315,106.55515003977987,53.27757501988994,53.27757501988994,53.27757501988994,0.0,1.4142135623730951,12418.944492186121,106.22052532349856,53.11026266174928,53.11026266174928,53.11026266174928,0.0,2.4083189157584592,12090.071579606136,57.851534119675684,28.925767059837842,28.925767059837842,28.925767059837842,0.0,1.4832396974191324,6571.296812654257,56.69215113223346,28.34607556611673,28.34607556611673,28.34607556611673,0.0,1.3038404810405295,4961.553456327967,70.7191628909732,35.3595814454866,35.3595814454866,35.3595814454866,0.0,1.3038404810405297,8087.732562344035,73.27482514479308,36.63741257239654,36.63741257239654,36.63741257239654,0.0,1.5811388300841898,6765.025018431195,148.7615541731129,74.38077708655645,74.38077708655645,74.38077708655645,0.0,2.8809720581775866,16152.98293504949,70.44714330616962,35.22357165308481,35.22357165308481,35.22357165308481,0.0,1.095445115010332,7618.10013717331,52.505237833953295,26.252618916976648,26.252618916976648,26.252618916976648,0.0,2.3021728866442674,5704.565785403829,34.739027044521556,17.369513522260778,17.369513522260778,17.369513522260778,0.0,0.5477225575051662,3555.037032155924,137.2107867479813,68.60539337399065,68.60539337399065,68.60539337399065,0.0,1.3416407864998738,14305.910712009914
0.0,96.04790471426224,48.02395235713112,48.02395235713112,48.02395235713112,0.0,2.7748873851023212,9815.79252021965,81.10487038396646,40.55243519198323,40.55243519198323,40.55243519198323,0.0,1.8708286933869707,8415.536423781909,104.03268717090796,52.01634358545398,52.01634358545398,52.01634358545398,0.0,1.5811388300841893,10807.02918474823,36.94861296449435,18.474306482247176,18.474306482247176,18.474306482247176,0.0,0.5477225575051662,4814.48768821772,74.0324253283654,37.0162126641827,37.0162126641827,37.0162126641827,0.0,1.4832396974191329,6233.182517783352,28.439409276565506,14.219704638282753,14.219704638282753,14.219704638282753,0.0,1.3038404810405297,4392.336189318846,131.35904993566297,65.67952496783148,65.67952496783148,65.67952496783148,0.0,2.16794833886788,13904.580953772034,111.64586870995272,55.82293435497636,55.82293435497636,55.82293435497636,0.0,1.6733200530681511,14360.201715157069,112.19090872258768,56.09545436129384,56.09545436129384,56.09545436129384,0.0,1.4832396974191326,11805.108652613071,106.36164722304746,53.18082361152373,53.18082361152373,53.18082361152373,0.0,1.4142135623730951,12419.69084558871,107.1036880784224,53.5518440392112,53.5518440392112,53.5518440392112,0.0,2.4083189157584592,12089.388851385334,56.5084064542613,28.25420322713065,28.25420322713065,28.25420322713065,0.0,1.224744871391589,6566.924036411568,56.30985704119662,28.15492852059831,28.15492852059831,28.15492852059831,0.0,1.3038404810405295,4961.552206719183,71.41988518613006,35.70994259306503,35.70994259306503,35.70994259306503,0.0,1.3038404810405297,8095.169405268799,73.27482514479308,36.63741257239654,36.63741257239654,36.63741257239654,0.0,1.5811388300841898,6764.073683809188,149.12679169082932,74.56339584541466,74.56339584541466,74.56339584541466,0.0,2.8809720581775866,16152.3733797854,70.44714330616962,35.22357165308481,35.22357165308481,35.22357165308481,0.0,1.095445115010332,7618.9068966617515,52.4899990474376,26.2449995237188,26.2449995237188,26.2449995237188,0.0,2.3021728866442674,5706.506900022115,34.739027044521556,17.369513522260778,17.369513522260778,17.369513522260778,0.0,0.5477225575051662,3554.545188909546,136.87658674879353,68.43829337439676,68.43829337439676,68.43829337439676,0.0,1.3416407864998738,14307.953061147497
0.0,96.50284969885604,48.25142484942802,48.25142484942802,48.25142484942802,0.0,2.7748873851023212,9815.839154142655,80.76385330084244,40.38192665042122,40.38192665042122,40.38192665042122,0.0,1.8708286933869707,8418.393195853945,104.03268717090796,52.01634358545398,52.01634358545398,52.01634358545398,0.0,1.5811388300841893,10808.613338444484,36.94861296449435,18.474306482247176,18.474306482247176,18.474306482247176,0.0,0.5477225575051662,4812.87914870091,74.84650960465692,37.42325480232846,37.42325480232846,37.42325480232846,0.0,1.4832396974191329,6234.981275032027,27.806474066303338,13.903237033151669,13.903237033151669,13.903237033151669,0.0,0.9999999999999999,4390.515482264013,131.35904993566297,65.67952496783148,65.67952496783148,65.67952496783148,0.0,2.16794833886788,13900.105323341979,111.7980321830398,55.8990160915199,55.8990160915199,55.8990160915199,0.0,1.6733200530681511,14360.334686211183,112.19090872258768,56.09545436129384,56.09545436129384,56.09545436129384,0.0,1.4832396974191326,11800.335702851848,106.36164722304746,53.18082361152373,53.18082361152373,53.18082361152373,0.0,1.4142135623730951,12415.226236359931,107.70886685876887,53.854433429384436,53.854433429384436,53.854433429384436,0.0,2.4083189157584592,12090.768883739362,56.84012667121705,28.420063335608525,28.420063335608525,28.420063335608525,0.0,1.224744871391589,6568.02095002749,56.96665691437404,28.48332845718702,28.48332845718702,28.48332845718702,0.0,1.3038404810405295,4962.080884064668,72.06386056824876,36.03193028412438,36.03193028412438,36.03193028412438,0.0,1.3038404810405297,8093.575588082193,73.21748425068974,36.60874212534487,36.60874212534487,36.60874212534487,0.0,1.5811388300841898,6762.562103226853,149.32916660853633,74.66458330426816,74.66458330426816,74.66458330426816,0.0,3.2093613071762426,16154.899030944143,70.17691928262454,35.08845964131227,35.08845964131227,35.08845964131227,0.0,1.095445115010332,7620.087761961801,53.23532661682466,26.61766330841233,26.61766330841233,26.61766330841233,0.0,2.3021728866442674,5705.604131027669,34.14674215792775,17.073371078963874,17.073371078963874,17.073371078963874,0.0,0.5477225575051662,3554.7374445941855,136.37008469602122,68.18504234801061,68.18504234801061,68.18504234801061,0.0,1.3416407864998738,14301.854145529524
0.0,97.67906633460416,48.83953316730208,48.83953316730208,48.83953316730208,0.0,2.7748873851023212,9815.540958092935,81.34617384978841,40.67308692489421,40.67308692489421,40.67308692489421,0.0,1.8708286933869707,8419.153775766303,104.03268717090796,52.01634358545398,52.01634358545398,52.01634358545398,0.0,1.5811388300841893,10806.91284317589,36.48561360317241,18.242806801586205,18.242806801586205,18.242806801586205,0.0,0.5477225575051662,4815.525568408914,74.84650960465692,37.42325480232846,37.42325480232846,37.42325480232846,0.0,1.4832396974191329,6239.193561671252,27.806474066303338,13.903237033151669,13.903237033151669,13.903237033151669,0.0,0.9999999999999999,4391.002527897245,130.56339456371379,65.28169728185689,65.28169728185689,65.28169728185689,0.0,1.816590212458495,13898.394169831276,112.48999955551605,56.244999777758025,56.244999777758025,56.244999777758025,0.0,1.6733200530681511,14356.607409133956,111.54012730851619,55.770063654258095,55.770063654258095,55.770063654258095,0.0,1.4832396974191326,11801.376690878062,106.06224587476922,53.03112293738461,53.03112293738461,53.03112293738461,0.0,1.4142135623730951,12418.846874810883,107.70886685876887,53.854433429384436,53.854433429384436,53.854433429384436,0.0,2.4083189157584592,12090.606382642683,56.45529204600752,28.22764602300376,28.22764602300376,28.22764602300376,0.0,1.224744871391589,6566.637495705088,56.345363606955274,28.172681803477637,28.172681803477637,28.172681803477637,0.0,1.3038404810405295,4963.420322721016,71.45068229205373,35.725341146026864,35.725341146026864,35.725341146026864,0.0,1.3038404810405297,8091.5680989533785,72.6773692424265,36.33868462121325,36.33868462121325,36.33868462121325,0.0,1.5811388300841898,6759.276351799799,149.32916660853633,74.66458330426816,74.66458330426816,74.66458330426816,0.0,3.2093613071762426,16155.919580760483,69.9628472833975,34.98142364169875,34.98142364169875,34.98142364169875,0.0,1.095445115010332,7621.327312220622,52.505237833953295,26.252618916976648,26.252618916976648,26.252618916976648,0.0,2.3021728866442674,5704.597198751197,34.542727165063276,17.271363582531638,17.271363582531638,17.271363582531638,0.0,0.5477225575051662,3552.6818743028484,136.12494260788506,68.06247130394253,68.06247130394253,68.06247130394253,0.0,1.3416407864998738,14301.218731283008
0.0,97.30775919730142,48.65387959865071,48.65387959865071,48.65387959865071,0.0,2.7748873851023212,9815.971026852107,80.54067295472518,40.27033647736259,40.27033647736259,40.27033647736259,0.0,1.8708286933869707,8421.581425124381,103.55095364119057,51.77547682059529,51.77547682059529,51.77547682059529,0.0,1.5811388300841893,10806.077910139275,35.871994647635645,17.935997323817823,17.935997323817823,17.935997323817823,0.0,0.5477225575051662,4810.628825839716,75.66505137776622,37.83252568888311,37.83252568888311,37.83252568888311,0.0,1.4832396974191329,6239.480507221735,27.66224864323217,13.831124321616086,13.831124321616086,13.831124321616086,0.0,0.9999999999999999,4388.881383678534,130.56339456371379,65.28169728185689,65.28169728185689,65.28169728185689,0.0,1.816590212458495,13899.04211447681,112.48999955551605,56.244999777758025,56.244999777758025,56.244999777758025,0.0,1.6733200530681511,14354.50620188657,111.54012730851619,55.770063654258095,55.770063654258095,55.770063654258095,0.0,1.4832396974191326,11798.497573843882,106.88685606752591,53.443428033762956,53.443428033762956,53.443428033762956,0.0,1.4142135623730951,12424.24245980414,107.80909052579935,53.904545262899674,53.904545262899674,53.904545262899674,0.0,2.4083189157584592,12091.361432857759,57.417767285048626,28.708883642524313,28.708883642524313,28.708883642524313,0.0,1.224744871391589,6566.072319126557,55.964274318532894,27.982137159266447,27.982137159266447,27.982137159266447,0.0,1.3038404810405295,4969.870853452834,70.84348946798146,35.42174473399073,35.42174473399073,35.42174473399073,0.0,1.3038404810405297,8091.520283605548,72.6773692424265,36.33868462121325,36.33868462121325,36.33868462121325,0.0,1.5811388300841898,6759.452085783285,148.87847393092127,74.43923696546064,74.43923696546064,74.43923696546064,0.0,3.2093613071762426,16155.853465539974,69.26182209558162,34.63091104779081,34.63091104779081,34.63091104779081,0.0,1.095445115010332,7621.267007525717,53.13379338989453,26.566896694947264,26.566896694947264,26.566896694947264,0.0,2.3021728866442674,5702.751467493565,34.38022687534217,17.190113437671084,17.190113437671084,17.190113437671084,0.0,0.5477225575051662,3552.931015373082,136.12494260788506,68.06247130394253,68.06247130394253,68.06247130394253,0.0,1.3416407864998738,14304.388532894372
0.0,97.30775919730142,48.65387959865071,48.65387959865071,48.65387959865071,0.0,2.7748873851023212,9816.307844602266,80.54067295472518,40.27033647736259,40.27033647736259,40.27033647736259,0.0,1.8708286933869707,8418.725390461434,103.10771067189883,51.553855335949414,51.553855335949414,51.553855335949414,0.0,1.5811388300841893,10805.654737219767,36.35931792539568,18.17965896269784,18.17965896269784,18.17965896269784,0.0,0.5477225575051662,4807.755016637184,75.66505137776622,37.83252568888311,37.83252568888311,37.83252568888311,0.0,1.4832396974191329,6237.242475645788,27.459060435491963,13.729530217745982,13.729530217745982,13.729530217745982,0.0,0.9999999999999999,4389.578373830453,130.8892661756494,65.4446330878247,65.4446330878247,65.4446330878247,0.0,1.816590212458495,13899.526153793877,111.96963874193754,55.98481937096877,55.98481937096877,55.98481937096877,0.0,1.6733200530681511,14357.666882192247,111.54012730851619,55.770063654258095,55.770063654258095,55.770063654258095,0.0,1.4832396974191326,11796.444180345195,106.36728820459794,53.18364410229897,53.18364410229897,53.18364410229897,0.0,1.4142135623730951,12420.296522225224,107.53046080064941,53.765230400324704,53.765230400324704,53.765230400324704,0.0,2.4083189157584592,12088.573166424563,56.79788728465171,28.398943642325854,28.398943642325854,28.398943642325854,0.0,1.224744871391589,6563.53911392322,56.30985704119662,28.15492852059831,28.15492852059831,28.15492852059831,0.0,1.3038404810405295,4968.954839802833,70.7728761602918,35.3864380801459,35.3864380801459,35.3864380801459,0.0,1.3038404810405297,8093.094692390545,72.35191773546849,36.175958867734245,36.175958867734245,36.175958867734245,0.0,1.5811388300841898,6756.920289599397,149.1402024941632,74.5701012470816,74.5701012470816,74.5701012470816,0.0,3.2093613071762426,16156.569431658443,68.64400920692205,34.322004603461025,34.322004603461025,34.322004603461025,0.0,1.095445115010332,7623.263067742055,53.74011537017761,26.870057685088806,26.870057685088806,26.870057685088806,0.0,2.3021728866442674,5706.114483604408,34.38022687534217,17.190113437671084,17.190113437671084,17.190113437671084,0.0,0.5477225575051662,3556.9421277271294,136.12494260788506,68.06247130394253,68.06247130394253,68.06247130394253,0.0,1.3416407864998738,14302.343559710765
0.0,97.30775919730142,48.65387959865071,48.65387959865071,48.65387959865071,0.0,2.7748873851023212,9812.83255232657,80.1947629212781,40.09738146063905,40.09738146063905,40.09738146063905,0.0,1.8708286933869707,8420.786584399346,103.10771067189883,51.553855335949414,51.553855335949414,51.553855335949414,0.0,1.5811388300841893,10804.36156373897,36.2381014955254,18.1190507477627,18.1190507477627,18.1190507477627,0.0,0.5477225575051662,4806.388020124883,75.66505137776622,37.83252568888311,37.83252568888311,37.83252568888311,0.0,1.4832396974191329,6234.409017701678,27.66224864323217,13.831124321616086,13.831124321616086,13.831124321616086,0.0,0.9999999999999999,4388.555149476875,131.04655661252608,65.52327830626304,65.52327830626304,65.52327830626304,0.0,1.816590212458495,13899.733407515412,111.80697652651197,55.90348826325599,55.90348826325599,55.90348826325599,0.0,1.6733200530681511,14354.752634580645,111.93390907138014,55.96695453569007,55.96695453569007,55.96695453569007,0.0,1.4832396974191326,11795.666301655028,106.36164722304746,53.18082361152373,53.18082361152373,53.18082361152373,0.0,1.4142135623730951,12420.483183032777,109.03577394598527,54.517886972992635,54.517886972992635,54.517886972992635,0.0,2.4083189157584592,12090.33729885151,57.27826813024291,28.639134065121453,28.639134065121453,28.639134065121453,0.0,1.224744871391589,6564.046602515859,56.30985704119662,28.15492852059831,28.15492852059831,28.15492852059831,0.0,1.3038404810405295,4966.424438164745,70.49255279815024,35.24627639907512,35.24627639907512,35.24627639907512,0.0,1.3038404810405297,8098.415073333794,72.35191773546849,36.175958867734245,36.175958867734245,36.175958867734245,0.0,1.5811388300841898,6757.601327394211,149.1402024941632,74.5701012470816,74.5701012470816,74.5701012470816,0.0,3.2093613071762426,16157.37807628453,68.64400920692205,34.322004603461025,34.322004603461025,34.322004603461025,0.0,1.095445115010332,7623.368008957721,53.74011537017761,26.870057685088806,26.870057685088806,26.870057685088806,0.0,2.3021728866442674,5707.049255087956,34.38022687534217,17.190113437671084,17.190113437671084,17.190113437671084,0.0,0.5477225575051662,3560.3407421200573,136.67186981965236,68.33593490982618,68.33593490982618,68.33593490982618,0.0,1.3416407864998738,14302.820519044488
0.0,97.30775919730142,48.65387959865071,48.65387959865071,48.65387959865071,0.0,2.7748873851023212,9813.65106879188,80.65482006675113,40.327410033375564,40.327410033375564,40.327410033375564,0.0,1.8708286933869707,8418.418865796593,102.58264960508673,51.291324802543365,51.291324802543365,51.291324802543365,0.0,1.5811388300841893,10803.15832060236,35.270384177096794,17.635192088548397,17.635192088548397,17.635192088548397,0.0,0.5477225575051662,4809.637564307731,75.66505137776622,37.83252568888311,37.83252568888311,37.83252568888311,0.0,1.4832396974191329,6239.694383541553,27.66224864323217,13.831124321616086,13.831124321616086,13.831124321616086,0.0,0.9999999999999999,4390.7381725627865,130.29965464267354,65.14982732133677,65.14982732133677,65.14982732133677,0.0,1.816590212458495,13899.29740310639,112.9212114706533,56.46060573532665,56.46060573532665,56.46060573532665,0.0,1.6733200530681511,14354.064703072785,110.24155296438815,55.120776482194074,55.120776482194074,55.120776482194074,0.0,1.4832396974191326,11799.467161698447,106.06224587476922,53.03112293738461,53.03112293738461,53.03112293738461,0.0,1.4832396974191329,12424.579562303104,109.14210919713803,54.57105459856901,54.57105459856901,54.57105459856901,0.0,2.4083189157584592,12090.627320366797,57.27826813024291,28.639134065121453,28.639134065121453,28.639134065121453,0.0,1.224744871391589,6562.096098046721,55.074495004493684,27.537247502246842,27.537247502246842,27.537247502246842,0.0,1.3038404810405295,4967.222060669323,71.87489130426563,35.937445652132816,35.937445652132816,35.937445652132816,0.0,1.3038404810405297,8095.11523698088,72.35191773546849,36.175958867734245,36.175958867734245,36.175958867734245,0.0,1.5811388300841898,6756.529338351163,149.7971962354436,74.8985981177218,74.8985981177218,74.8985981177218,0.0,3.2093613071762426,16156.788130689836,68.64400920692205,34.322004603461025,34.322004603461025,34.322004603461025,0.0,1.095445115010332,7620.76518467798,54.4352826758528,27.2176413379264,27.2176413379264,27.2176413379264,0.0,2.3021728866442674,5709.293958100248,34.945672121165444,17.472836060582722,17.472836060582722,17.472836060582722,0.0,0.5477225575051662,3560.4474016617633,136.34221649951272,68.17110824975636,68.17110824975636,68.17110824975636,0.0,1.3416407864998738,14305.54800418355
0.0,98.06528437729632,49.03264218864816,49.03264218864816,49.03264218864816,0.0,2.7748873851023212,9812.740560108577,80.65482006675113,40.327410033375564,40.327410033375564,40.327410033375564,0.0,1.8708286933869707,8419.963687570154,102.58264960508673,51.291324802543365,51.291324802543365,51.291324802543365,0.0,1.5811388300841893,10798.106722939907,35.7603131977336,17.8801565988668,17.8801565988668,17.8801565988668,0.0,0.5477225575051662,4810.649769002104,76.48006276148053,38.24003138074026,38.24003138074026,38.24003138074026,0.0,1.4832396974191329,6237.8575488704455,27.66224864323217,13.831124321616086,13.831124321616086,13.831124321616086,0.0,0.9999999999999999,4396.819270791102,130.29965464267354,65.14982732133677,65.14982732133677,65.14982732133677,0.0,1.816590212458495,13898.555957364779,112.9212114706533,56.46060573532665,56.46060573532665,56.46060573532665,0.0,1.6733200530681511,14353.085044686388,109.46232228488486,54.73116114244243,54.73116114244243,54.73116114244243,0.0,1.4832396974191326,11798.902949003352,106.06224587476922,53.03112293738461,53.03112293738461,53.03112293738461,0.0,1.4832396974191329,12428.721482920115,108.76028686979453,54.38014343489726,54.38014343489726,54.38014343489726,0.0,2.4083189157584592,12089.92011966994,57.31666424348158,28.65833212174079,28.65833212174079,28.65833212174079,0.0,1.224744871391589,6561.538668635581,57.61249864395746,28.80624932197873,28.80624932197873,28.80624932197873,0.0,1.3416407864998736,5090.179486029938,71.87489130426563,35.937445652132816,35.937445652132816,35.937445652132816,0.0,1.3038404810405297,8090.765538563085,72.35191773546849,36.175958867734245,36.175958867734245,36.175958867734245,0.0,1.5811388300841898,6760.943151661608,149.7971962354436,74.8985981177218,74.8985981177218,74.8985981177218,0.0,3.2093613071762426,16155.071736145277,69.26182209558164,34.63091104779082,34.63091104779082,34.63091104779082,0.0,1.095445115010332,7620.863323797376,54.856175586710386,27.428087793355193,27.428087793355193,27.428087793355193,0.0,2.3021728866442674,5706.752377666303,35.53589734339067,17.767948671695336,17.767948671695336,17.767948671695336,0.0,0.5477225575051662,3561.371393157417,135.81605207043827,67.90802603521914,67.90802603521914,67.90802603521914,0.0,1.3416407864998738,14306.701691864551
0.0,98.51497348119219,49.25748674059609,49.25748674059609,49.25748674059609,0.0,2.9154759474226504,9815.351282557338,80.08245750474944,40.04122875237472,40.04122875237472,40.04122875237472,0.0,1.8708286933869707,8421.945838106536,101.70545708072896,50.85272854036448,50.85272854036448,50.85272854036448,0.0,1.5811388300841893,10801.290538634723,35.196590743991095,17.598295371995547,17.598295371995547,17.598295371995547,0.0,0.5477225575051662,4812.492150642949,77.01168742470198,38.50584371235099,38.50584371235099,38.50584371235099,0.0,1.4832396974191329,6240.70213998393,28.234730386529282,14.117365193264641,14.117365193264641,14.117365193264641,0.0,0.9999999999999999,4398.8592043847,130.06459933433078,65.03229966716539,65.03229966716539,65.03229966716539,0.0,1.816590212458495,13897.064571340235,112.9212114706533,56.46060573532665,56.46060573532665,56.46060573532665,0.0,1.6733200530681511,14353.363414196689,109.94907912301949,54.974539561509744,54.974539561509744,54.974539561509744,0.0,1.5811388300841898,11796.870462118331,105.88106535164822,52.94053267582411,52.94053267582411,52.94053267582411,0.0,1.4832396974191329,12427.244091108858,108.24601609297223,54.12300804648611,54.12300804648611,54.12300804648611,0.0,2.4083189157584592,12090.291104849379,57.31666424348158,28.65833212174079,28.65833212174079,28.65833212174079,0.0,1.224744871391589,6563.763805927206,57.253820833198546,28.626910416599273,28.626910416599273,28.626910416599273,0.0,1.3416407864998736,5092.253891942152,71.78579246619765,35.892896233098824,35.892896233098824,35.892896233098824,0.0,1.3038404810405297,8094.626940137514,73.056142794429,36.5280713972145,36.5280713972145,36.5280713972145,0.0,1.5811388300841898,6762.01750958987,149.7971962354436,74.8985981177218,74.8985981177218,74.8985981177218,0.0,3.2093613071762426,16154.992593622568,69.26182209558164,34.63091104779082,34.63091104779082,34.63091104779082,0.0,1.095445115010332,7620.13656701768,54.89990892524322,27.44995446262161,27.44995446262161,27.44995446262161,0.0,2.3021728866442674,5710.525956512237,35.53589734339067,17.767948671695336,17.767948671695336,17.767948671695336,0.0,0.5477225575051662,3563.5432507547876,136.1293502518836,68.0646751259418,68.0646751259418,68.0646751259418,0.0,1.3416407864998738,14306.139811283825
0.0,100.9197701146807,50.45988505734035,50.45988505734035,50.45988505734035,0.0,3.7815340802378077,10119.201796584552,80.08245750474944,40.04122875237472,40.04122875237472,40.04122875237472,0.0,1.8708286933869707,8421.960567468836,101.96666121826291,50.98333060913146,50.98333060913146,50.98333060913146,0.0,1.5811388300841893,10799.472751018913,35.95552808679077,17.977764043395386,17.977764043395386,17.977764043395386,0.0,0.5477225575051662,4811.632332171692,76.80624974570755,38.40312487285377,38.40312487285377,38.40312487285377,0.0,1.4832396974191329,6241.266482053142,28.234730386529282,14.117365193264641,14.117365193264641,14.117365193264641,0.0,0.9999999999999999,4400.6023678582915,130.06459933433078,65.03229966716539,65.03229966716539,65.03229966716539,0.0,1.816590212458495,13896.670381785703,112.9212114706533,56.46060573532665,56.46060573532665,56.46060573532665,0.0,1.6733200530681511,14348.597962867312,110.10540404539643,55.05270202269821,55.05270202269821,55.05270202269821,0.0,1.5811388300841898,11795.67413503781,105.35084242662704,52.67542121331352,52.67542121331352,52.67542121331352,0.0,1.4832396974191329,12428.660667988324,109.14210919713803,54.57105459856901,54.57105459856901,54.57105459856901,0.0,2.4083189157584592,12091.326779969186,57.89645930452051,28.948229652260256,28.948229652260256,28.948229652260256,0.0,1.224744871391589,6563.7878317325285,57.421250421773294,28.710625210886647,28.710625210886647,28.710625210886647,0.0,1.3416407864998736,5095.7840711709905,73.16556567129102,36.58278283564551,36.58278283564551,36.58278283564551,0.0,1.3038404810405297,8092.591964259659,73.76991256603196,36.88495628301598,36.88495628301598,36.88495628301598,0.0,1.5811388300841898,6760.179605602206,149.24744553927883,74.62372276963941,74.62372276963941,74.62372276963941,0.0,3.2093613071762426,16153.753780468489,69.21560517686746,34.60780258843373,34.60780258843373,34.60780258843373,0.0,1.095445115010332,7620.173246062061,54.89990892524322,27.44995446262161,27.44995446262161,27.44995446262161,0.0,2.3021728866442674,5710.329955440403,35.12833614050059,17.564168070250297,17.564168070250297,17.564168070250297,0.0,0.8366600265340756,3560.733800777587,137.3360841148458,68.6680420574229,68.6680420574229,68.6680420574229,0.0,1.3416407864998738,14305.386859501563
0.0,100.17584539199058,50.08792269599529,50.08792269599529,50.08792269599529,0.0,3.3466401061363023,10116.33145957565,79.7445922931455,39.87229614657275,39.87229614657275,39.87229614657275,0.0,1.8708286933869707,8424.365032452,102.66060588171102,51.33030294085551,51.33030294085551,51.33030294085551,0.0,1.5811388300841893,10800.664516593411,36.21049571602134,18.10524785801067,18.10524785801067,18.10524785801067,0.0,0.5477225575051662,4813.212471935974,75.79709756976186,37.89854878488093,37.89854878488093,37.89854878488093,0.0,1.4832396974191329,6246.00017611271,28.234730386529282,14.117365193264641,14.117365193264641,14.117365193264641,0.0,0.9999999999999999,4402.462685815747,129.66418163856972,64.83209081928486,64.83209081928486,64.83209081928486,0.0,1.816590212458495,13896.539270624178,113.00796432110437,56.503982160552184,56.503982160552184,56.503982160552184,0.0,1.6733200530681511,14350.028501713856,109.44953174865573,54.724765874327865,54.724765874327865,54.724765874327865,0.0,1.5811388300841898,11794.510812238039,105.35084242662704,52.67542121331352,52.67542121331352,52.67542121331352,0.0,1.4832396974191329,12428.179090277063,108.76028686979453,54.38014343489726,54.38014343489726,54.38014343489726,0.0,2.4083189157584592,12093.581624150887,56.79788728465171,28.398943642325854,28.398943642325854,28.398943642325854,0.0,1.224744871391589,6564.753590196665,57.421250421773294,28.710625210886647,28.710625210886647,28.710625210886647,0.0,1.0954451150103326,5095.053483526939,72.79285679240786,36.39642839620393,36.39642839620393,36.39642839620393,0.0,0.9999999999999999,8093.202474916837,73.76991256603196,36.88495628301598,36.88495628301598,36.88495628301598,0.0,1.5811388300841898,6761.646892584676,149.90663761154806,74.95331880577403,74.95331880577403,74.95331880577403,0.0,3.2093613071762426,16151.766243974682,70.02856560004638,35.01428280002319,35.01428280002319,35.01428280002319,0.0,1.095445115010332,7617.596385999983,54.173794402829124,27.086897201414562,27.086897201414562,27.086897201414562,0.0,1.9235384061671346,5708.382537987446,35.16816742453322,17.58408371226661,17.58408371226661,17.58408371226661,0.0,0.8366600265340756,3558.2970646082936,137.13788681469464,68.56894340734732,68.56894340734732,68.56894340734732,0.0,1.3416407864998738,14302.039760118136
0.0,100.17584539199058,50.08792269599529,50.08792269599529,50.08792269599529,0.0,3.3466401061363023,10116.807663487529,79.74960814950754,39.87480407475377,39.87480407475377,39.87480407475377,0.0,1.8708286933869707,8421.887419100305,102.23893583170748,51.11946791585374,51.11946791585374,51.11946791585374,0.0,1.5811388300841893,10802.218258302319,37.024316333998655,18.512158166999328,18.512158166999328,18.512158166999328,0.0,0.5477225575051662,4809.534405740331,75.75486783039094,37.87743391519547,37.87743391519547,37.87743391519547,0.0,1.4832396974191329,6249.531926472574,27.618834153526468,13.809417076763234,13.809417076763234,13.809417076763234,0.0,0.9999999999999999,4402.365364210472,129.66418163856972,64.83209081928486,64.83209081928486,64.83209081928486,0.0,1.816590212458495,13894.331013042694,112.49888888340186,56.24944444170093,56.24944444170093,56.24944444170093,0.0,1.6733200530681511,14348.442309184646,109.94907912301949,54.974539561509744,54.974539561509744,54.974539561509744,0.0,1.5811388300841898,11797.651363724899,105.35084242662704,52.67542121331352,52.67542121331352,52.67542121331352,0.0,1.4832396974191329,12430.169922410554,108.38450073695962,54.19225036847981,54.19225036847981,54.19225036847981,0.0,2.4083189157584592,12096.878688322868,56.45529204600752,28.22764602300376,28.22764602300376,28.22764602300376,0.0,1.224744871391589,6564.176086912965,57.365494855357085,28.682747427678542,28.682747427678542,28.682747427678542,0.0,1.0954451150103326,5092.49925871374,71.28253643074157,35.641268215370786,35.641268215370786,35.641268215370786,0.0,0.9999999999999999,8091.1034167164125,73.76991256603196,36.88495628301598,36.88495628301598,36.88495628301598,0.0,1.5811388300841898,6766.083135758827,149.8092119997966,74.9046059998983,74.9046059998983,74.9046059998983,0.0,3.2093613071762426,16149.633751265073,70.02856560004638,35.01428280002319,35.01428280002319,35.01428280002319,0.0,1.095445115010332,7612.152763837573,55.03816857418132,27.51908428709066,27.51908428709066,27.51908428709066,0.0,1.9235384061671346,5708.072765829112,34.57166469813104,17.28583234906552,17.28583234906552,17.28583234906552,0.0,0.8366600265340756,3555.360417735451,136.8941196691808,68.4470598345904,68.4470598345904,68.4470598345904,0.0,1.3416407864998738,14300.77349306673
0.0,100.6339902816141,50.31699514080705,50.31699514080705,50.31699514080705,0.0,3.3466401061363023,10112.753309559173,80.32932216818463,40.164661084092316,40.164661084092316,40.164661084092316,0.0,1.8708286933869707,8421.474603654635,101.64251079149905,50.821255395749525,50.821255395749525,50.821255395749525,0.0,1.5811388300841893,10802.065575620249,36.97025831665232,18.48512915832616,18.48512915832616,18.48512915832616,0.0,0.5477225575051662,4813.19128022147,74.677975334097,37.3389876670485,37.3389876670485,37.3389876670485,0.0,1.4832396974191329,6250.7678568316705,28.057084666800293,14.028542333400146,14.028542333400146,14.028542333400146,0.0,0.9999999999999999,4402.108608383032,129.85684425551085,64.92842212775543,64.92842212775543,64.92842212775543,0.0,1.816590212458495,13890.477511590449,112.24437625110667,56.122188125553336,56.122188125553336,56.122188125553336,0.0,1.6733200530681511,14348.757803377963,109.56824357449563,54.78412178724781,54.78412178724781,54.78412178724781,0.0,1.5811388300841898,11797.826609168316,106.06224587476922,53.03112293738461,53.03112293738461,53.03112293738461,0.0,1.4832396974191329,12431.028851225468,108.38450073695962,54.19225036847981,54.19225036847981,54.19225036847981,0.0,2.4083189157584592,12098.227295765277,56.309857041196615,28.154928520598308,28.154928520598308,28.154928520598308,0.0,1.224744871391589,6564.416638209369,57.09640969448079,28.548204847240395,28.548204847240395,28.548204847240395,0.0,1.0954451150103326,5096.291033683221,71.69937238219035,35.849686191095174,35.849686191095174,35.849686191095174,0.0,0.9999999999999999,8089.194354198693,73.76991256603196,36.88495628301598,36.88495628301598,36.88495628301598,0.0,1.5811388300841898,6768.608623638983,149.33586307381088,74.66793153690544,74.66793153690544,74.66793153690544,0.0,3.03315017762062,16152.549628464232,69.92281458865911,34.961407294329554,34.961407294329554,34.961407294329554,0.0,1.095445115010332,7613.081130527902,55.03816857418132,27.51908428709066,27.51908428709066,27.51908428709066,0.0,1.9235384061671346,5703.69886126538,34.57166469813104,17.28583234906552,17.28583234906552,17.28583234906552,0.0,0.8366600265340756,3552.3504613143114,137.77808243693914,68.88904121846957,68.88904121846957,68.88904121846957,0.0,1.3416407864998738,14299.053912759404
