n_samples,time,memory,MAE,RMSE,R2
0.0,0.008085886550032716,0.0,0.0,0.0,0.0
0.0,0.01909665679641334,0.0,0.0,0.0,0.0
0.0,0.02552691943223859,0.0,0.0,0.0,0.0
0.0,0.04310679225249775,0.0,0.0,0.0,0.0
0.0,0.046579802273088285,0.0,0.0,0.0,0.0
0.0,0.054568356815099354,0.0,0.0,0.0,0.0
0.0,0.06154457087509831,0.0,0.0,0.0,0.0
0.0,0.06972258156651975,0.0,0.0,0.0,0.0
0.0,0.07973007986450283,0.0,0.0,0.0,0.0
0.0,0.08638497552641895,0.0,0.0,0.0,0.0
0.0,0.08527142127172505,0.0,0.0,0.0,0.0
0.0,0.0872694648746055,0.0,0.0,0.0,0.0
0.0,0.09917668720873875,0.0,0.0,0.0,0.0
0.0,0.11595784233806697,0.0,0.0,0.0,0.0
0.0,0.12402740961094048,0.0,0.0,0.0,0.0
0.0,0.1301503761223916,0.0,0.0,0.0,0.0
0.0,0.133034899901492,0.0,0.0,0.0,0.0
0.0,0.13457018276980975,0.0,0.0,0.0,0.0
0.0,0.14045849556114434,0.0,0.0,0.0,0.0
0.0,0.14604066819656777,0.0,0.0,0.0,0.0
0.0,0.1485517511061381,0.0,0.0,0.0,0.0
0.0,0.14592225375966478,0.0,0.0,0.0,0.0
0.0,0.14356254247992403,0.0,0.0,0.0,0.0
0.0,0.1413560341166941,0.0,0.0,0.0,0.0
0.0,0.14154134915387798,0.0,0.0,0.0,0.0
0.0,0.1435079687240399,0.0,0.0,0.0,0.0
0.0,0.1456332093720385,0.0,0.0,0.0,0.0
0.0,0.1475810502283406,0.0,0.0,0.0,0.0
0.0,0.14931087463008177,0.0,0.0,0.0,0.0
0.0,0.15103171995378983,0.0,0.0,0.0,0.0
0.0,0.1529700464153032,0.0,0.0,0.0,0.0
0.0,0.15871185165733534,0.0,0.0,0.0,0.0
0.0,0.16269234340834857,0.0,0.0,0.0,0.0
0.0,0.1745026420725486,0.0,0.0,0.0,0.0
0.0,0.18048986127065417,0.0,0.0,0.0,0.0
0.0,0.18320384558818625,0.0,0.0,0.0,0.0
0.0,0.18630336631097144,0.0,0.0,0.0,0.0
0.0,0.19033195453549048,0.0,0.0,0.0,0.0
0.0,0.19389456549449752,0.0,0.0,0.0,0.0
0.0,0.19644578780416744,0.0,0.0,0.0,0.0
0.0,0.19914886679617338,0.0,0.0,0.0,0.0
0.0,0.20164223664376468,0.0,0.0,0.0,0.0
0.0,0.20442078698654895,0.0,0.0,0.0,0.0
0.0,0.20746329987542386,0.0,0.0,0.0,0.0
0.0,0.21540327229060374,0.0,0.0,0.0,0.0
0.0,0.22213531857113575,0.0,0.0,0.0,0.0
0.0,0.23040190529333734,0.0,0.0,0.0,0.0
0.0,0.23658410264681776,0.0,0.0,0.0,0.0
0.0,0.24752684731115535,0.0,0.0,0.0,0.0
0.0,0.25894830029119714,0.0,0.0,0.0,0.0
0.0,0.27083227328311515,0.0,0.0,0.0,0.0
0.0,0.28316765958438816,0.0,0.0,0.0,0.0
0.0,0.29583505719623565,0.0,0.0,0.0,0.0
0.0,0.31363045402001377,0.0,0.0,0.0,0.0
0.0,0.31904935334803614,0.0,0.0,0.0,0.0
0.0,0.33849434681882057,0.0,0.0,0.0,0.0
0.0,0.34717869404025936,0.0,0.0,0.0,0.0
0.0,0.3550826636859366,0.0,0.0,0.0,0.0
0.0,0.3674571548051555,0.0,0.0,0.0,0.0
0.0,0.37262254602707556,0.0,0.0,0.0,0.0
0.0,0.39128977876146986,0.0,0.0,0.0,0.0
0.0,0.3983760072366307,0.0,0.0,0.0,0.0
0.0,0.4038277398374211,0.0,0.0,0.0,0.0
0.0,0.42479606411865456,0.0,0.0,0.0,0.0
0.0,0.4305890965703845,0.0,0.0,0.0,0.0
0.0,0.4343739940819432,0.0,0.0,0.0,0.0
0.0,0.4516639183382927,0.0,0.0,0.0,0.0
0.0,0.4579771306606914,0.0,0.0,0.0,0.0
0.0,0.4669422303970802,0.0,0.0,0.0,0.0
0.0,0.48149706167203143,0.0,0.0,0.0,0.0
0.0,0.4946528069719204,0.0,0.0,0.0,0.0
0.0,0.5109220479713122,0.0,0.0,0.0,0.0
0.0,0.5219803951160426,0.0,0.0,0.0,0.0
0.0,0.5288844413042417,0.0,0.0,0.0,0.0
0.0,0.5334007683679317,0.0,0.0,0.0,0.0
0.0,0.5405277027584248,0.0,0.0,0.0,0.0
0.0,0.5486222785894682,0.0,0.0,0.0,0.0
0.0,0.560800053901745,0.0,0.0,0.0,0.0
0.0,0.5700042929605881,0.0,0.0,0.0,0.0
0.0,0.5765664401562929,0.0,0.0,0.0,0.0
0.0,0.591218301101463,0.0,0.0,0.0,0.0
0.0,0.607001809841783,0.0,0.0,0.0,0.0
0.0,0.6197736424671512,0.0,0.0,0.0,0.0
0.0,0.6243093586581895,0.0,0.0,0.0,0.0
0.0,0.6288934556586673,0.0,0.0,0.0,0.0
0.0,0.6335122108044168,0.0,0.0,0.0,0.0
0.0,0.6386396738457454,0.0,0.0,0.0,0.0
0.0,0.6438434362410631,0.0,0.0,0.0,0.0
0.0,0.6491990065790306,0.0,0.0,0.0,0.0
0.0,0.6544702401054612,0.0,0.0,0.0,0.0
0.0,0.6598474558727191,0.0,0.0,0.0,0.0
0.0,0.6650120452990308,0.0,0.0,0.0,0.0
0.0,0.6701778408387583,0.0,0.0,0.0,0.0
0.0,0.6791542640410938,0.0,0.0,0.0,0.0
0.0,0.6891000371936575,0.0,0.0,0.0,0.0
0.0,0.6978369137466862,0.0,0.0,0.0,0.0
0.0,0.7074939899611871,0.0,0.0,0.0,0.0
0.0,0.7131928999964177,0.0,0.0,0.0,0.0
0.0,0.717986685557051,0.0,0.0,0.0,0.0
0.0,0.7227931942178895,0.0,0.0,0.0,0.0
0.0,0.7270765311735072,0.0,0.0,0.0,0.0
0.0,0.7317029670737301,0.0,0.0,0.0,0.0
0.0,0.7367564256851107,0.0,0.0,0.0,0.0
0.0,0.7426481743576162,0.0,0.0,0.0,0.0
0.0,0.7500083362048716,0.0,0.0,0.0,0.0
0.0,0.762676077950987,0.0,0.0,0.0,0.0
0.0,0.7709753664483711,0.0,0.0,0.0,0.0
0.0,0.7789262816586046,0.0,0.0,0.0,0.0
0.0,0.791645331429233,0.0,0.0,0.0,0.0
0.0,0.804734183471474,0.0,0.0,0.0,0.0
0.0,0.8101872879401406,0.0,0.0,0.0,0.0
0.0,0.8154279511715304,0.0,0.0,0.0,0.0
0.0,0.8285909640391331,0.0,0.0,0.0,0.0
0.0,0.8452401837205801,0.0,0.0,0.0,0.0
0.0,0.8593946187717257,0.0,0.0,0.0,0.0
0.0,0.866014703377027,0.0,0.0,0.0,0.0
0.0,0.8678484692996813,0.0,0.0,0.0,0.0
0.0,0.8719315032998292,0.0,0.0,0.0,0.0
0.0,0.8851117113047371,0.0,0.0,0.0,0.0
0.0,0.8969922680532425,0.0,0.0,0.0,0.0
0.0,0.9027866575726515,0.0,0.0,0.0,0.0
0.0,0.9089108402914443,0.0,0.0,0.0,0.0
0.0,0.9229464670961147,0.0,0.0,0.0,0.0
0.0,0.9265389055829225,0.0,0.0,0.0,0.0
0.0,0.93231917934954,0.0,0.0,0.0,0.0
0.0,0.9542539068265846,0.0,0.0,0.0,0.0
0.0,0.9701272310803879,0.0,0.0,0.0,0.0
0.0,0.987866822727487,0.0,0.0,0.0,0.0
0.0,1.0080635225675514,0.0,0.0,0.0,0.0
0.0,1.0309131113762695,0.0,0.0,0.0,0.0
0.0,1.0463714731195133,0.0,0.0,0.0,0.0
0.0,1.0614333910337945,0.0,0.0,0.0,0.0
0.0,1.069500813795997,0.0,0.0,0.0,0.0
0.0,1.0751613670386875,0.0,0.0,0.0,0.0
0.0,1.0813640895166625,0.0,0.0,0.0,0.0
0.0,1.0867954964683098,0.0,0.0,0.0,0.0
0.0,1.0963731153320022,0.0,0.0,0.0,0.0
0.0,1.1073838478183613,0.0,0.0,0.0,0.0
0.0,1.120851784125225,0.0,0.0,0.0,0.0
0.0,1.1321583100208201,0.0,0.0,0.0,0.0
0.0,1.1460487149832683,0.0,0.0,0.0,0.0
0.0,1.159583082822874,0.0,0.0,0.0,0.0
0.0,1.1678728653731105,0.0,0.0,0.0,0.0
0.0,1.1761278511555195,0.0,0.0,0.0,0.0
0.0,1.1853264849992595,0.0,0.0,0.0,0.0
0.0,1.1936326785950526,0.0,0.0,0.0,0.0
0.0,1.2071627896759407,0.0,0.0,0.0,0.0
0.0,1.2168256197176734,0.0,0.0,0.0,0.0
0.0,1.2252814984038156,0.0,0.0,0.0,0.0
0.0,1.2337483253805455,0.0,0.0,0.0,0.0
0.0,1.2419653716142813,0.0,0.0,0.0,0.0
0.0,1.249946509251416,0.0,0.0,0.0,0.0
0.0,1.2598126890918349,0.0,0.0,0.0,0.0
0.0,1.273190478065242,0.0,0.0,0.0,0.0
0.0,1.2812300562863406,0.0,0.0,0.0,0.0
0.0,1.2891764670824934,0.0,0.0,0.0,0.0
0.0,1.3027434600538208,0.0,0.0,0.0,0.0
0.0,1.3163401805910582,0.0,0.0,0.0,0.0
0.0,1.330642021092337,0.0,0.0,0.0,0.0
0.0,1.3386352415015825,0.0,0.0,0.0,0.0
0.0,1.3466791869616905,0.0,0.0,0.0,0.0
0.0,1.3547533625485122,0.0,0.0,0.0,0.0
0.0,1.3597687470962483,0.0,0.0,0.0,0.0
0.0,1.364386075952111,0.0,0.0,0.0,0.0
0.0,1.3659330131414937,0.0,0.0,0.0,0.0
0.0,1.367481349493038,0.0,0.0,0.0,0.0
0.0,1.3690506715997404,0.0,0.0,0.0,0.0
0.0,1.370593474428614,0.0,0.0,0.0,0.0
0.0,1.3718578164246105,0.0,0.0,0.0,0.0
0.0,1.3731514107656517,0.0,0.0,0.0,0.0
0.0,1.373678399429175,0.0,0.0,0.0,0.0
0.0,1.373483884115245,0.0,0.0,0.0,0.0
0.0,1.3733765287799993,0.0,0.0,0.0,0.0
0.0,1.3735894117068972,0.0,0.0,0.0,0.0
0.0,1.3748277699704061,0.0,0.0,0.0,0.0
0.0,1.376168805274084,0.0,0.0,0.0,0.0
0.0,1.3775588773026362,0.0,0.0,0.0,0.0
0.0,1.3790311156824924,0.0,0.0,0.0,0.0
0.0,1.3806787341006235,0.0,0.0,0.0,0.0
0.0,1.3818727085395022,0.0,0.0,0.0,0.0
0.0,1.3836773341537398,0.0,0.0,0.0,0.0
0.0,1.38577681337364,0.0,0.0,0.0,0.0
0.0,1.3882236196039524,0.0,0.0,0.0,0.0
0.0,1.3909384327311183,0.0,0.0,0.0,0.0
0.0,1.3949271895097244,0.0,0.0,0.0,0.0
0.0,1.400656367667566,0.0,0.0,0.0,0.0
0.0,1.4071842368132539,0.0,0.0,0.0,0.0
0.0,1.4184581122442426,0.0,0.0,0.0,0.0
0.0,1.437841644623044,0.0,0.0,0.0,0.0
0.0,1.4533559577036865,0.0,0.0,0.0,0.0
0.0,1.467011040495708,0.0,0.0,0.0,0.0
0.0,1.4743856257399217,0.0,0.0,0.0,0.0
0.0,1.487342241716815,0.0,0.0,0.0,0.0
0.0,1.4963608256046736,0.0,0.0,0.0,0.0
0.0,1.5092221946218853,0.0,0.0,0.0,0.0
0.0,1.5200327784546952,0.0,0.0,0.0,0.0
0.0,1.5324015253812233,0.0,0.0,0.0,0.0
0.0,1.5494008254095195,0.0,0.0,0.0,0.0
0.0,1.5600543625925987,0.0,0.0,0.0,0.0
0.0,1.5756255654574154,0.0,0.0,0.0,0.0
0.0,1.5855327959259309,0.0,0.0,0.0,0.0
0.0,1.5980047961014388,0.0,0.0,0.0,0.0
0.0,1.6015763096511202,0.0,0.0,0.0,0.0
0.0,1.6103558462558207,0.0,0.0,0.0,0.0
0.0,1.6245118274938783,0.0,0.0,0.0,0.0
0.0,1.628862353920582,0.0,0.0,0.0,0.0
0.0,1.631678502534215,0.0,0.0,0.0,0.0
0.0,1.6402265160611809,0.0,0.0,0.0,0.0
0.0,1.6461869279315764,0.0,0.0,0.0,0.0
0.0,1.6544618689869222,0.0,0.0,0.0,0.0
0.0,1.659873236700713,0.0,0.0,0.0,0.0
0.0,1.6713910864158927,0.0,0.0,0.0,0.0
0.0,1.689106796283971,0.0,0.0,0.0,0.0
0.0,1.6992441510798852,0.0,0.0,0.0,0.0
0.0,1.7132407862478058,0.0,0.0,0.0,0.0
0.0,1.7292465942720547,0.0,0.0,0.0,0.0
0.0,1.7385598580810206,0.0,0.0,0.0,0.0
0.0,1.7513169543212899,0.0,0.0,0.0,0.0
0.0,1.7669938811970456,0.0,0.0,0.0,0.0
0.0,1.7799549703464967,0.0,0.0,0.0,0.0
0.0,1.8005595970065253,0.0,0.0,0.0,0.0
0.0,1.8229258899512895,0.0,0.0,0.0,0.0
0.0,1.8329310842853042,0.0,0.0,0.0,0.0
0.0,1.8379656336016734,0.0,0.0,0.0,0.0
0.0,1.8416604648058776,0.0,0.0,0.0,0.0
0.0,1.844661522427814,0.0,0.0,0.0,0.0
0.0,1.8577561560591045,0.0,0.0,0.0,0.0
0.0,1.860750744120555,0.0,0.0,0.0,0.0
0.0,1.8641467353898673,0.0,0.0,0.0,0.0
0.0,1.8683132525645958,0.0,0.0,0.0,0.0
0.0,1.8745549815339377,0.0,0.0,0.0,0.0
0.0,1.8845214283332783,0.0,0.0,0.0,0.0
0.0,1.8901592902740494,0.0,0.0,0.0,0.0
0.0,1.8937641960091023,0.0,0.0,0.0,0.0
0.0,1.8963045772886802,0.0,0.0,0.0,0.0
0.0,1.8966600590885285,0.0,0.0,0.0,0.0
0.0,1.89739602783254,0.0,0.0,0.0,0.0
0.0,1.8986490287605817,0.0,0.0,0.0,0.0
0.0,1.9006893471421888,0.0,0.0,0.0,0.0
0.0,1.9013943904542001,0.0,0.0,0.0,0.0
0.0,1.9022165685879455,0.0,0.0,0.0,0.0
0.0,1.9013767390704819,0.0,0.0,0.0,0.0
0.0,1.9008483876189866,0.0,0.0,0.0,0.0
0.0,1.9043830220805893,0.0,0.0,0.0,0.0
0.0,1.9090681950087063,0.0,0.0,0.0,0.0
0.0,1.9136526389002004,0.0,0.0,0.0,0.0
0.0,1.9184453334186513,0.0,0.0,0.0,0.0
0.0,1.92317230065582,0.0,0.0,0.0,0.0
0.0,1.9279830304894547,0.0,0.0,0.0,0.0
0.0,1.9327657914677085,0.0,0.0,0.0,0.0
0.0,1.9372047650317454,0.0,0.0,0.0,0.0
0.0,1.9409415294752441,0.0,0.0,0.0,0.0
0.0,1.9498885872930538,0.0,0.0,0.0,0.0
0.0,1.9592153254012687,0.0,0.0,0.0,0.0
0.0,1.9645416225439711,0.0,0.0,0.0,0.0
0.0,1.9690732536598785,0.0,0.0,0.0,0.0
0.0,1.9734062172207987,0.0,0.0,0.0,0.0
0.0,1.9785033039581457,0.0,0.0,0.0,0.0
0.0,1.983700753340458,0.0,0.0,0.0,0.0
0.0,1.9888592625027546,0.0,0.0,0.0,0.0
0.0,1.9996598208072285,0.0,0.0,0.0,0.0
0.0,2.0155125082289365,0.0,0.0,0.0,0.0
0.0,2.0245977560428385,0.0,0.0,0.0,0.0
0.0,2.037461304595427,0.0,0.0,0.0,0.0
0.0,2.051489191694585,0.0,0.0,0.0,0.0
0.0,2.066807042309272,0.0,0.0,0.0,0.0
0.0,2.0794158240983935,0.0,0.0,0.0,0.0
0.0,2.088145304941756,0.0,0.0,0.0,0.0
0.0,2.0937434391595118,0.0,0.0,0.0,0.0
0.0,2.108567470980879,0.0,0.0,0.0,0.0
0.0,2.1142761688597593,0.0,0.0,0.0,0.0
0.0,2.1229369127319355,0.0,0.0,0.0,0.0
0.0,2.1350559982257615,0.0,0.0,0.0,0.0
0.0,2.140743248963032,0.0,0.0,0.0,0.0
0.0,2.151281439204434,0.0,0.0,0.0,0.0
0.0,2.1698226853801437,0.0,0.0,0.0,0.0
0.0,2.183434798403813,0.0,0.0,0.0,0.0
0.0,2.1924654511239625,0.0,0.0,0.0,0.0
0.0,2.209007793187181,0.0,0.0,0.0,0.0
0.0,2.2149115228602922,0.0,0.0,0.0,0.0
0.0,2.220943707593621,0.0,0.0,0.0,0.0
0.0,2.226891654541751,0.0,0.0,0.0,0.0
0.0,2.2359862734840306,0.0,0.0,0.0,0.0
0.0,2.2487154333383983,0.0,0.0,0.0,0.0
0.0,2.2547426651728353,0.0,0.0,0.0,0.0
0.0,2.263770690348892,0.0,0.0,0.0,0.0
0.0,2.277593647126326,0.0,0.0,0.0,0.0
0.0,2.286038894056748,0.0,0.0,0.0,0.0
0.0,2.3055531904957642,0.0,0.0,0.0,0.0
0.0,2.311181962604049,0.0,0.0,0.0,0.0
0.0,2.317521839646436,0.0,0.0,0.0,0.0
0.0,2.327293231348662,0.0,0.0,0.0,0.0
0.0,2.337900118785831,0.0,0.0,0.0,0.0
0.0,2.3517211430695815,0.0,0.0,0.0,0.0
0.0,2.361126374844155,0.0,0.0,0.0,0.0
0.0,2.368418221375545,0.0,0.0,0.0,0.0
0.0,2.372894557482633,0.0,0.0,0.0,0.0
0.0,2.3774963697896156,0.0,0.0,0.0,0.0
0.0,2.3854490291147075,0.0,0.0,0.0,0.0
0.0,2.4015838565721994,0.0,0.0,0.0,0.0
0.0,2.4152094362920162,0.0,0.0,0.0,0.0
0.0,2.427687513798162,0.0,0.0,0.0,0.0
0.0,2.433434659216002,0.0,0.0,0.0,0.0
0.0,2.4397734866779537,0.0,0.0,0.0,0.0
0.0,2.4454920107436457,0.0,0.0,0.0,0.0
0.0,2.4582759805226306,0.0,0.0,0.0,0.0
0.0,2.4667425438222574,0.0,0.0,0.0,0.0
0.0,2.469965595598793,0.0,0.0,0.0,0.0
0.0,2.4839039668705993,0.0,0.0,0.0,0.0
0.0,2.4876731847590032,0.0,0.0,0.0,0.0
0.0,2.490172875959278,0.0,0.0,0.0,0.0
0.0,2.4932946255061395,0.0,0.0,0.0,0.0
0.0,2.5072198229163116,0.0,0.0,0.0,0.0
0.0,2.5140128221984472,0.0,0.0,0.0,0.0
0.0,2.517075286644144,0.0,0.0,0.0,0.0
0.0,2.523777994119391,0.0,0.0,0.0,0.0
0.0,2.5299398043954127,0.0,0.0,0.0,0.0
0.0,2.5331187131766644,0.0,0.0,0.0,0.0
0.0,2.537088354313523,0.0,0.0,0.0,0.0
0.0,2.5487388433971225,0.0,0.0,0.0,0.0
0.0,2.563370035569094,0.0,0.0,0.0,0.0
0.0,2.578358647214542,0.0,0.0,0.0,0.0
0.0,2.5930887735257544,0.0,0.0,0.0,0.0
0.0,2.60441004373597,0.0,0.0,0.0,0.0
0.0,2.6110567879211284,0.0,0.0,0.0,0.0
0.0,2.6146818724712384,0.0,0.0,0.0,0.0
0.0,2.61785205647804,0.0,0.0,0.0,0.0
0.0,2.6244027704542034,0.0,0.0,0.0,0.0
0.0,2.632941964926971,0.0,0.0,0.0,0.0
0.0,2.6358833176294434,0.0,0.0,0.0,0.0
0.0,2.638809451418234,0.0,0.0,0.0,0.0
0.0,2.651675925335202,0.0,0.0,0.0,0.0
0.0,2.6659110151574255,0.0,0.0,0.0,0.0
0.0,2.6692576403600867,0.0,0.0,0.0,0.0
0.0,2.6729138279513047,0.0,0.0,0.0,0.0
0.0,2.6848668362558508,0.0,0.0,0.0,0.0
0.0,2.6970860744408403,0.0,0.0,0.0,0.0
0.0,2.7114057512904077,0.0,0.0,0.0,0.0
0.0,2.7235533162183003,0.0,0.0,0.0,0.0
0.0,2.7342804965553915,0.0,0.0,0.0,0.0
0.0,2.738778851389374,0.0,0.0,0.0,0.0
0.0,2.7551960569764,0.0,0.0,0.0,0.0
0.0,2.7716784654499516,0.0,0.0,0.0,0.0
0.0,2.775398789966263,0.0,0.0,0.0,0.0
0.0,2.7909615724263745,0.0,0.0,0.0,0.0
0.0,2.7997421877804562,0.0,0.0,0.0,0.0
0.0,2.8116941721217295,0.0,0.0,0.0,0.0
0.0,2.8260481951011203,0.0,0.0,0.0,0.0
0.0,2.8349877052168493,0.0,0.0,0.0,0.0
0.0,2.8517710678299557,0.0,0.0,0.0,0.0
0.0,2.856326331496158,0.0,0.0,0.0,0.0
0.0,2.872139135049833,0.0,0.0,0.0,0.0
0.0,2.8796174509704935,0.0,0.0,0.0,0.0
0.0,2.8865395478690057,0.0,0.0,0.0,0.0
0.0,2.901842670013021,0.0,0.0,0.0,0.0
0.0,2.905941473333436,0.0,0.0,0.0,0.0
0.0,2.910206923939258,0.0,0.0,0.0,0.0
0.0,2.9145853880764583,0.0,0.0,0.0,0.0
0.0,2.921269685767595,0.0,0.0,0.0,0.0
0.0,2.925379914082392,0.0,0.0,0.0,0.0
0.0,2.9290541007820767,0.0,0.0,0.0,0.0
0.0,2.9352164145673827,0.0,0.0,0.0,0.0
0.0,2.940572232174666,0.0,0.0,0.0,0.0
0.0,2.949535956811054,0.0,0.0,0.0,0.0
0.0,2.9588496743202923,0.0,0.0,0.0,0.0
0.0,2.967489306235121,0.0,0.0,0.0,0.0
0.0,2.9764762421256283,0.0,0.0,0.0,0.0
0.0,2.976641371461248,0.0,0.0,0.0,0.0
0.0,2.981237575088742,0.0,0.0,0.0,0.0
0.0,2.9819023599300327,0.0,0.0,0.0,0.0
0.0,2.9764557882659197,0.0,0.0,0.0,0.0
0.0,2.9771438632909226,0.0,0.0,0.0,0.0
0.0,2.9771178742997737,0.0,0.0,0.0,0.0
0.0,2.989468443917363,0.0,0.0,0.0,0.0
0.0,2.9948853153917767,0.0,0.0,0.0,0.0
0.0,3.003348825990048,0.0,0.0,0.0,0.0
0.0,3.0222594873075175,0.0,0.0,0.0,0.0
0.0,3.026287133886787,0.0,0.0,0.0,0.0
0.0,3.0326030616484414,0.0,0.0,0.0,0.0
0.0,3.0427121455790562,0.0,0.0,0.0,0.0
0.0,3.0438910461617703,0.0,0.0,0.0,0.0
0.0,3.0556761133829773,0.0,0.0,0.0,0.0
0.0,3.0684498990727063,0.0,0.0,0.0,0.0
0.0,3.0800937376228013,0.0,0.0,0.0,0.0
0.0,3.0934583839502836,0.0,0.0,0.0,0.0
0.0,3.10881950333346,0.0,0.0,0.0,0.0
0.0,3.1142980384831986,0.0,0.0,0.0,0.0
0.0,3.1165698889890625,0.0,0.0,0.0,0.0
0.0,3.119000189953425,0.0,0.0,0.0,0.0
0.0,3.1211231361768323,0.0,0.0,0.0,0.0
0.0,3.123503483116707,0.0,0.0,0.0,0.0
0.0,3.127242368223289,0.0,0.0,0.0,0.0
0.0,3.1309729647524107,0.0,0.0,0.0,0.0
0.0,3.134741898419119,0.0,0.0,0.0,0.0
0.0,3.146122863587308,0.0,0.0,0.0,0.0
0.0,3.155751365557448,0.0,0.0,0.0,0.0
0.0,3.162864075293388,0.0,0.0,0.0,0.0
0.0,3.167620405110309,0.0,0.0,0.0,0.0
0.0,3.172455526135757,0.0,0.0,0.0,0.0
0.0,3.185140763334299,0.0,0.0,0.0,0.0
0.0,3.20995578420596,0.0,0.0,0.0,0.0
0.0,3.219038035722893,0.0,0.0,0.0,0.0
0.0,3.2239315067895298,0.0,0.0,0.0,0.0
0.0,3.2336971783946775,0.0,0.0,0.0,0.0
0.0,3.2428967438948315,0.0,0.0,0.0,0.0
0.0,3.2575574114354757,0.0,0.0,0.0,0.0
0.0,3.2621452848103343,0.0,0.0,0.0,0.0
0.0,3.2711548273665523,0.0,0.0,0.0,0.0
0.0,3.2759271253575384,0.0,0.0,0.0,0.0
0.0,3.2808294168289676,0.0,0.0,0.0,0.0
0.0,3.2851644599574925,0.0,0.0,0.0,0.0
0.0,3.2887995284929272,0.0,0.0,0.0,0.0
0.0,3.291415036067345,0.0,0.0,0.0,0.0
0.0,3.29432479003859,0.0,0.0,0.0,0.0
0.0,3.2992725372896983,0.0,0.0,0.0,0.0
0.0,3.306862129713408,0.0,0.0,0.0,0.0
0.0,3.315655540434907,0.0,0.0,0.0,0.0
0.0,3.324053247999872,0.0,0.0,0.0,0.0
0.0,3.3288300700927644,0.0,0.0,0.0,0.0
0.0,3.333560289937126,0.0,0.0,0.0,0.0
0.0,3.338259660333106,0.0,0.0,0.0,0.0
0.0,3.3428673520210164,0.0,0.0,0.0,0.0
0.0,3.3468807368232896,0.0,0.0,0.0,0.0
0.0,3.350874232793734,0.0,0.0,0.0,0.0
0.0,3.3553293202663137,0.0,0.0,0.0,0.0
0.0,3.3595442427715847,0.0,0.0,0.0,0.0
0.0,3.3640332650384424,0.0,0.0,0.0,0.0
0.0,3.3665197783206624,0.0,0.0,0.0,0.0
0.0,3.3687217448574316,0.0,0.0,0.0,0.0
0.0,3.371281622722686,0.0,0.0,0.0,0.0
0.0,3.373365671259522,0.0,0.0,0.0,0.0
0.0,3.3778502339094763,0.0,0.0,0.0,0.0
0.0,3.377526019724467,0.0,0.0,0.0,0.0
0.0,3.3772965116954565,0.0,0.0,0.0,0.0
0.0,3.380052688514825,0.0,0.0,0.0,0.0
0.0,3.3845226887305246,0.0,0.0,0.0,0.0
0.0,3.391336017567294,0.0,0.0,0.0,0.0
0.0,3.399722201580991,0.0,0.0,0.0,0.0
0.0,3.40231926149293,0.0,0.0,0.0,0.0
0.0,3.409270283910444,0.0,0.0,0.0,0.0
0.0,3.4167879907432512,0.0,0.0,0.0,0.0
0.0,3.4241171179226333,0.0,0.0,0.0,0.0
0.0,3.431148189243842,0.0,0.0,0.0,0.0
0.0,3.4382054792071117,0.0,0.0,0.0,0.0
0.0,3.4452948586144703,0.0,0.0,0.0,0.0
0.0,3.4521332176136394,0.0,0.0,0.0,0.0
0.0,3.4589762101091703,0.0,0.0,0.0,0.0
0.0,3.4658303299696454,0.0,0.0,0.0,0.0
0.0,3.4728309260495536,0.0,0.0,0.0,0.0
0.0,3.4799639281732073,0.0,0.0,0.0,0.0
0.0,3.48702640629372,0.0,0.0,0.0,0.0
0.0,3.494180951306013,0.0,0.0,0.0,0.0
0.0,3.5082650553644323,0.0,0.0,0.0,0.0
0.0,3.517855997741834,0.0,0.0,0.0,0.0
0.0,3.53548574449973,0.0,0.0,0.0,0.0
0.0,3.553668423458047,0.0,0.0,0.0,0.0
0.0,3.5633128689474773,0.0,0.0,0.0,0.0
0.0,3.5692852692264876,0.0,0.0,0.0,0.0
0.0,3.573246082114665,0.0,0.0,0.0,0.0
0.0,3.5789077286440762,0.0,0.0,0.0,0.0
0.0,3.5848907372769676,0.0,0.0,0.0,0.0
0.0,3.5919782341217905,0.0,0.0,0.0,0.0
0.0,3.6088896190639033,0.0,0.0,0.0,0.0
0.0,3.6169732143364284,0.0,0.0,0.0,0.0
0.0,3.6250643830928433,0.0,0.0,0.0,0.0
0.0,3.640403737542857,0.0,0.0,0.0,0.0
0.0,3.6533469109718144,0.0,0.0,0.0,0.0
0.0,3.6772043159710615,0.0,0.0,0.0,0.0
0.0,3.701816386223728,0.0,0.0,0.0,0.0
0.0,3.7210894894256037,0.0,0.0,0.0,0.0
0.0,3.7389242713372384,0.0,0.0,0.0,0.0
0.0,3.7468217714879364,0.0,0.0,0.0,0.0
0.0,3.7529722004766697,0.0,0.0,0.0,0.0
0.0,3.7589457109129283,0.0,0.0,0.0,0.0
0.0,3.764970952763553,0.0,0.0,0.0,0.0
0.0,3.770944278552098,0.0,0.0,0.0,0.0
0.0,3.7741851036461775,0.0,0.0,0.0,0.0
0.0,3.776708604374807,0.0,0.0,0.0,0.0
0.0,3.7794183653105007,0.0,0.0,0.0,0.0
0.0,3.78191989799599,0.0,0.0,0.0,0.0
0.0,3.7842660837841464,0.0,0.0,0.0,0.0
0.0,3.7915350028814583,0.0,0.0,0.0,0.0
0.0,3.796082793893898,0.0,0.0,0.0,0.0
0.0,3.8004455308647036,0.0,0.0,0.0,0.0
0.0,3.810805980422934,0.0,0.0,0.0,0.0
0.0,3.8231071588574665,0.0,0.0,0.0,0.0
0.0,3.8323855406435556,0.0,0.0,0.0,0.0
0.0,3.83928879446001,0.0,0.0,0.0,0.0
0.0,3.8437925335690917,0.0,0.0,0.0,0.0
0.0,3.8485386990085986,0.0,0.0,0.0,0.0
0.0,3.854105865970602,0.0,0.0,0.0,0.0
0.0,3.859727977979174,0.0,0.0,0.0,0.0
0.0,3.8649816633704477,0.0,0.0,0.0,0.0
0.0,3.870185818606324,0.0,0.0,0.0,0.0
0.0,3.875643785893578,0.0,0.0,0.0,0.0
0.0,3.8896842429626597,0.0,0.0,0.0,0.0
0.0,3.9021632090955913,0.0,0.0,0.0,0.0
0.0,3.908933964713551,0.0,0.0,0.0,0.0
0.0,3.9219609921575334,0.0,0.0,0.0,0.0
0.0,3.937227585474289,0.0,0.0,0.0,0.0
0.0,3.9522842222966204,0.0,0.0,0.0,0.0
0.0,3.970173845613402,0.0,0.0,0.0,0.0
0.0,3.9853227256101866,0.0,0.0,0.0,0.0
0.0,3.9944870096086422,0.0,0.0,0.0,0.0
0.0,4.003907550910735,0.0,0.0,0.0,0.0
0.0,4.016677327861587,0.0,0.0,0.0,0.0
0.0,4.028780500193676,0.0,0.0,0.0,0.0
0.0,4.03641280484266,0.0,0.0,0.0,0.0
0.0,4.041754092203001,0.0,0.0,0.0,0.0
0.0,4.04713420991994,0.0,0.0,0.0,0.0
0.0,4.05250425590782,0.0,0.0,0.0,0.0
0.0,4.057806770968685,0.0,0.0,0.0,0.0
0.0,4.06244141600421,0.0,0.0,0.0,0.0
0.0,4.066739227130834,0.0,0.0,0.0,0.0
0.0,4.070486431595958,0.0,0.0,0.0,0.0
0.0,4.072694219420911,0.0,0.0,0.0,0.0
0.0,4.0750236472980745,0.0,0.0,0.0,0.0
0.0,4.0774523551657476,0.0,0.0,0.0,0.0
0.0,4.080067583446603,0.0,0.0,0.0,0.0
0.0,4.08277386523731,0.0,0.0,0.0,0.0
0.0,4.085463240478391,0.0,0.0,0.0,0.0
0.0,4.088161290726101,0.0,0.0,0.0,0.0
0.0,4.090850371526585,0.0,0.0,0.0,0.0
0.0,4.0941872021549655,0.0,0.0,0.0,0.0
0.0,4.097895723550113,0.0,0.0,0.0,0.0
0.0,4.101582256388076,0.0,0.0,0.0,0.0
0.0,4.1064233785712725,0.0,0.0,0.0,0.0
0.0,4.112235821662919,0.0,0.0,0.0,0.0
0.0,4.1180637764199695,0.0,0.0,0.0,0.0
0.0,4.123585972685097,0.0,0.0,0.0,0.0
0.0,4.1288683413361955,0.0,0.0,0.0,0.0
0.0,4.133634867469004,0.0,0.0,0.0,0.0
0.0,4.140605415511686,0.0,0.0,0.0,0.0
0.0,4.145302737342496,0.0,0.0,0.0,0.0
0.0,4.154644578847113,0.0,0.0,0.0,0.0
0.0,4.16150722621939,0.0,0.0,0.0,0.0
0.0,4.16600722386372,0.0,0.0,0.0,0.0
0.0,4.170570534701782,0.0,0.0,0.0,0.0
0.0,4.177194460867929,0.0,0.0,0.0,0.0
0.0,4.1817745078649695,0.0,0.0,0.0,0.0
0.0,4.186300997637806,0.0,0.0,0.0,0.0
0.0,4.1902486030311845,0.0,0.0,0.0,0.0
0.0,4.192865153582833,0.0,0.0,0.0,0.0
0.0,4.196570569054904,0.0,0.0,0.0,0.0
0.0,4.20039810039183,0.0,0.0,0.0,0.0
0.0,4.204233293504929,0.0,0.0,0.0,0.0
0.0,4.208040615669874,0.0,0.0,0.0,0.0
0.0,4.211857523429062,0.0,0.0,0.0,0.0
0.0,4.215715933671623,0.0,0.0,0.0,0.0
0.0,4.220479028608329,0.0,0.0,0.0,0.0
0.0,4.225097121173997,0.0,0.0,0.0,0.0
0.0,4.2298660234470535,0.0,0.0,0.0,0.0
0.0,4.23477271247458,0.0,0.0,0.0,0.0
0.0,4.239490716482841,0.0,0.0,0.0,0.0
0.0,4.256722390727084,0.0,0.0,0.0,0.0
0.0,4.275255613215156,0.0,0.0,0.0,0.0
0.0,4.2895735446307475,0.0,0.0,0.0,0.0
0.0,4.308239243930577,0.0,0.0,0.0,0.0
0.0,4.322368708803312,0.0,0.0,0.0,0.0
0.0,4.341088855403988,0.0,0.0,0.0,0.0
0.0,4.359071913754784,0.0,0.0,0.0,0.0
0.0,4.376486480429078,0.0,0.0,0.0,0.0
0.0,4.387704426507557,0.0,0.0,0.0,0.0
0.0,4.40230452605981,0.0,0.0,0.0,0.0
0.0,4.413819568513173,0.0,0.0,0.0,0.0
0.0,4.425525516760274,0.0,0.0,0.0,0.0
0.0,4.437330005779399,0.0,0.0,0.0,0.0
0.0,4.4459110534581665,0.0,0.0,0.0,0.0
0.0,4.45208410033309,0.0,0.0,0.0,0.0
0.0,4.46566810459594,0.0,0.0,0.0,0.0
0.0,4.4834543988925875,0.0,0.0,0.0,0.0
0.0,4.499055901707435,0.0,0.0,0.0,0.0
0.0,4.504232271660311,0.0,0.0,0.0,0.0
0.0,4.509503828743525,0.0,0.0,0.0,0.0
0.0,4.518816896217803,0.0,0.0,0.0,0.0
0.0,4.53738687235932,0.0,0.0,0.0,0.0
0.0,4.546790024199687,0.0,0.0,0.0,0.0
0.0,4.55183375112688,0.0,0.0,0.0,0.0
0.0,4.561102405902635,0.0,0.0,0.0,0.0
0.0,4.566486429207799,0.0,0.0,0.0,0.0
0.0,4.572070218368699,0.0,0.0,0.0,0.0
0.0,4.5772633183174865,0.0,0.0,0.0,0.0
0.0,4.582350823855186,0.0,0.0,0.0,0.0
0.0,4.587514109749996,0.0,0.0,0.0,0.0
0.0,4.596978852339132,0.0,0.0,0.0,0.0
0.0,4.611796101868304,0.0,0.0,0.0,0.0
0.0,4.6223098551525625,0.0,0.0,0.0,0.0
0.0,4.626396996513194,0.0,0.0,0.0,0.0
0.0,4.642585387263405,0.0,0.0,0.0,0.0
0.0,4.652105651186675,0.0,0.0,0.0,0.0
0.0,4.6646802980417315,0.0,0.0,0.0,0.0
0.0,4.674673649449125,0.0,0.0,0.0,0.0
0.0,4.6800301618384035,0.0,0.0,0.0,0.0
0.0,4.690043694796745,0.0,0.0,0.0,0.0
0.0,4.699918134271469,0.0,0.0,0.0,0.0
0.0,4.705098573775717,0.0,0.0,0.0,0.0
0.0,4.714734203178341,0.0,0.0,0.0,0.0
0.0,4.720510548959859,0.0,0.0,0.0,0.0
0.0,4.735469891518233,0.0,0.0,0.0,0.0
0.0,4.745457882665941,0.0,0.0,0.0,0.0
0.0,4.7611666490772295,0.0,0.0,0.0,0.0
0.0,4.773348431537426,0.0,0.0,0.0,0.0
0.0,4.793362729653035,0.0,0.0,0.0,0.0
0.0,4.814733989000846,0.0,0.0,0.0,0.0
0.0,4.833570057394763,0.0,0.0,0.0,0.0
0.0,4.847698350538244,0.0,0.0,0.0,0.0
0.0,4.870957902243818,0.0,0.0,0.0,0.0
0.0,4.889875050237102,0.0,0.0,0.0,0.0
0.0,4.916770387507311,0.0,0.0,0.0,0.0
0.0,4.936461137396839,0.0,0.0,0.0,0.0
0.0,4.943393330991648,0.0,0.0,0.0,0.0
0.0,4.948541897912828,0.0,0.0,0.0,0.0
0.0,4.953814386799357,0.0,0.0,0.0,0.0
0.0,4.959173783134273,0.0,0.0,0.0,0.0
0.0,4.964509617963964,0.0,0.0,0.0,0.0
0.0,4.964862485010102,0.0,0.0,0.0,0.0
0.0,4.969583862915959,0.0,0.0,0.0,0.0
0.0,4.974707567529341,0.0,0.0,0.0,0.0
0.0,4.9797117316595045,0.0,0.0,0.0,0.0
0.0,4.984412839969288,0.0,0.0,0.0,0.0
0.0,4.989411179716852,0.0,0.0,0.0,0.0
0.0,4.9932718965130976,0.0,0.0,0.0,0.0
0.0,4.996612703750282,0.0,0.0,0.0,0.0
0.0,5.003243949898436,0.0,0.0,0.0,0.0
0.0,5.010616237777145,0.0,0.0,0.0,0.0
0.0,5.017073355579127,0.0,0.0,0.0,0.0
0.0,5.018825902698359,0.0,0.0,0.0,0.0
0.0,5.02067995112183,0.0,0.0,0.0,0.0
0.0,5.022456300496682,0.0,0.0,0.0,0.0
0.0,5.0243300339782415,0.0,0.0,0.0,0.0
0.0,5.026505059545022,0.0,0.0,0.0,0.0
0.0,5.029792681524688,0.0,0.0,0.0,0.0
0.0,5.033214735168349,0.0,0.0,0.0,0.0
0.0,5.038652619775679,0.0,0.0,0.0,0.0
0.0,5.04428788538866,0.0,0.0,0.0,0.0
0.0,5.049922741501348,0.0,0.0,0.0,0.0
0.0,5.055303979673795,0.0,0.0,0.0,0.0
0.0,5.059811633308577,0.0,0.0,0.0,0.0
0.0,5.064934610618413,0.0,0.0,0.0,0.0
0.0,5.070796393587333,0.0,0.0,0.0,0.0
0.0,5.07549288589933,0.0,0.0,0.0,0.0
0.0,5.082407996135443,0.0,0.0,0.0,0.0
0.0,5.086416334031733,0.0,0.0,0.0,0.0
0.0,5.0909546151141445,0.0,0.0,0.0,0.0
0.0,5.094883607648138,0.0,0.0,0.0,0.0
0.0,5.099160259160178,0.0,0.0,0.0,0.0
0.0,5.10341547118592,0.0,0.0,0.0,0.0
0.0,5.1069232527405095,0.0,0.0,0.0,0.0
0.0,5.108201413583425,0.0,0.0,0.0,0.0
0.0,5.108475737383687,0.0,0.0,0.0,0.0
0.0,5.10774238682524,0.0,0.0,0.0,0.0
0.0,5.107738207836498,0.0,0.0,0.0,0.0
0.0,5.108084122024322,0.0,0.0,0.0,0.0
0.0,5.105949605299361,0.0,0.0,0.0,0.0
0.0,5.103615640227298,0.0,0.0,0.0,0.0
0.0,5.102225204571482,0.0,0.0,0.0,0.0
0.0,5.100867127392194,0.0,0.0,0.0,0.0
0.0,5.099419067379569,0.0,0.0,0.0,0.0
0.0,5.10244094965246,0.0,0.0,0.0,0.0
0.0,5.106042103461623,0.0,0.0,0.0,0.0
0.0,5.1043506197177715,0.0,0.0,0.0,0.0
0.0,5.102658561015815,0.0,0.0,0.0,0.0
0.0,5.101951157993057,0.0,0.0,0.0,0.0
0.0,5.103260934572442,0.0,0.0,0.0,0.0
0.0,5.11056461612875,0.0,0.0,0.0,0.0
0.0,5.1240897944992625,0.0,0.0,0.0,0.0
0.0,5.129033022732013,0.0,0.0,0.0,0.0
0.0,5.129661528939049,0.0,0.0,0.0,0.0
0.0,5.141830294494686,0.0,0.0,0.0,0.0
0.0,5.15095208597071,0.0,0.0,0.0,0.0
0.0,5.156486747053773,0.0,0.0,0.0,0.0
0.0,5.1714519123935885,0.0,0.0,0.0,0.0
0.0,5.184084422969383,0.0,0.0,0.0,0.0
0.0,5.19910420986508,0.0,0.0,0.0,0.0
0.0,5.208767000508259,0.0,0.0,0.0,0.0
0.0,5.2273327996177255,0.0,0.0,0.0,0.0
0.0,5.232597713017377,0.0,0.0,0.0,0.0
0.0,5.2505261433671295,0.0,0.0,0.0,0.0
0.0,5.2650878127380265,0.0,0.0,0.0,0.0
0.0,5.269647974878179,0.0,0.0,0.0,0.0
0.0,5.275938916027241,0.0,0.0,0.0,0.0
0.0,5.286259454169535,0.0,0.0,0.0,0.0
0.0,5.286823915315678,0.0,0.0,0.0,0.0
0.0,5.29353113616429,0.0,0.0,0.0,0.0
0.0,5.308327884320524,0.0,0.0,0.0,0.0
0.0,5.317645655481212,0.0,0.0,0.0,0.0
0.0,5.318511386955189,0.0,0.0,0.0,0.0
0.0,5.319306607846786,0.0,0.0,0.0,0.0
0.0,5.329543065623336,0.0,0.0,0.0,0.0
0.0,5.330410989708178,0.0,0.0,0.0,0.0
0.0,5.331550698772684,0.0,0.0,0.0,0.0
0.0,5.332559101127834,0.0,0.0,0.0,0.0
0.0,5.347129253943717,0.0,0.0,0.0,0.0
0.0,5.352692594411041,0.0,0.0,0.0,0.0
0.0,5.353767294635694,0.0,0.0,0.0,0.0
0.0,5.358925050180231,0.0,0.0,0.0,0.0
0.0,5.362987441598646,0.0,0.0,0.0,0.0
0.0,5.3637451754730385,0.0,0.0,0.0,0.0
0.0,5.364428685808146,0.0,0.0,0.0,0.0
0.0,5.37892414147228,0.0,0.0,0.0,0.0
0.0,5.386827389269059,0.0,0.0,0.0,0.0
0.0,5.398240882848569,0.0,0.0,0.0,0.0
0.0,5.407370959428483,0.0,0.0,0.0,0.0
0.0,5.411763966679627,0.0,0.0,0.0,0.0
0.0,5.4271730228154045,0.0,0.0,0.0,0.0
0.0,5.440302668054875,0.0,0.0,0.0,0.0
0.0,5.451878687792192,0.0,0.0,0.0,0.0
0.0,5.470727439638243,0.0,0.0,0.0,0.0
0.0,5.484662635195276,0.0,0.0,0.0,0.0
0.0,5.4896152101591325,0.0,0.0,0.0,0.0
0.0,5.501469729187693,0.0,0.0,0.0,0.0
0.0,5.515995044542126,0.0,0.0,0.0,0.0
0.0,5.527676313880835,0.0,0.0,0.0,0.0
0.0,5.532604936179955,0.0,0.0,0.0,0.0
0.0,5.549550131584164,0.0,0.0,0.0,0.0
0.0,5.560294196672224,0.0,0.0,0.0,0.0
0.0,5.579491942628737,0.0,0.0,0.0,0.0
0.0,5.593805808579316,0.0,0.0,0.0,0.0
0.0,5.6126605133837115,0.0,0.0,0.0,0.0
0.0,5.617533683752703,0.0,0.0,0.0,0.0
0.0,5.622241898201171,0.0,0.0,0.0,0.0
0.0,5.631290282477428,0.0,0.0,0.0,0.0
0.0,5.648918884119198,0.0,0.0,0.0,0.0
0.0,5.653771468536795,0.0,0.0,0.0,0.0
0.0,5.651839191399892,0.0,0.0,0.0,0.0
0.0,5.649712465249332,0.0,0.0,0.0,0.0
0.0,5.645231148414916,0.0,0.0,0.0,0.0
0.0,5.646513754242107,0.0,0.0,0.0,0.0
0.0,5.6457630215855055,0.0,0.0,0.0,0.0
0.0,5.64345589465759,0.0,0.0,0.0,0.0
0.0,5.638685016825714,0.0,0.0,0.0,0.0
0.0,5.641082417818525,0.0,0.0,0.0,0.0
0.0,5.639526941535636,0.0,0.0,0.0,0.0
0.0,5.640667737783249,0.0,0.0,0.0,0.0
0.0,5.6412310262134895,0.0,0.0,0.0,0.0
0.0,5.646456571719719,0.0,0.0,0.0,0.0
0.0,5.649568964499946,0.0,0.0,0.0,0.0
0.0,5.647972183534132,0.0,0.0,0.0,0.0
0.0,5.648812384937679,0.0,0.0,0.0,0.0
0.0,5.646636173624018,0.0,0.0,0.0,0.0
0.0,5.650559680770419,0.0,0.0,0.0,0.0
0.0,5.675972967969702,0.0,0.0,0.0,0.0
0.0,5.685874391313116,0.0,0.0,0.0,0.0
0.0,5.693827928307609,0.0,0.0,0.0,0.0
0.0,5.701792127387521,0.0,0.0,0.0,0.0
0.0,5.709719799177863,0.0,0.0,0.0,0.0
0.0,5.717271052658183,0.0,0.0,0.0,0.0
0.0,5.724802902190303,0.0,0.0,0.0,0.0
0.0,5.730593600205158,0.0,0.0,0.0,0.0
0.0,5.735312476915822,0.0,0.0,0.0,0.0
0.0,5.7400902804390626,0.0,0.0,0.0,0.0
0.0,5.742835736152411,0.0,0.0,0.0,0.0
0.0,5.745562230138866,0.0,0.0,0.0,0.0
0.0,5.751081686221663,0.0,0.0,0.0,0.0
0.0,5.764064639734769,0.0,0.0,0.0,0.0
0.0,5.772547689754783,0.0,0.0,0.0,0.0
0.0,5.776498439952701,0.0,0.0,0.0,0.0
0.0,5.7793664116077395,0.0,0.0,0.0,0.0
0.0,5.782729958613554,0.0,0.0,0.0,0.0
0.0,5.7836174580496165,0.0,0.0,0.0,0.0
0.0,5.786179082436136,0.0,0.0,0.0,0.0
0.0,5.790142747016821,0.0,0.0,0.0,0.0
0.0,5.792752846107308,0.0,0.0,0.0,0.0
0.0,5.792504739996617,0.0,0.0,0.0,0.0
0.0,5.792260505428973,0.0,0.0,0.0,0.0
0.0,5.791941523551555,0.0,0.0,0.0,0.0
0.0,5.791754546347809,0.0,0.0,0.0,0.0
0.0,5.7914481206209825,0.0,0.0,0.0,0.0
0.0,5.793937803068936,0.0,0.0,0.0,0.0
0.0,5.796559107876974,0.0,0.0,0.0,0.0
0.0,5.799006476973706,0.0,0.0,0.0,0.0
0.0,5.802587948583091,0.0,0.0,0.0,0.0
0.0,5.80606582045097,0.0,0.0,0.0,0.0
0.0,5.809380012590817,0.0,0.0,0.0,0.0
0.0,5.824521672709638,0.0,0.0,0.0,0.0
0.0,5.8393149300226295,0.0,0.0,0.0,0.0
0.0,5.844259234003082,0.0,0.0,0.0,0.0
0.0,5.848726268355231,0.0,0.0,0.0,0.0
0.0,5.853204167876455,0.0,0.0,0.0,0.0
0.0,5.866524308812433,0.0,0.0,0.0,0.0
0.0,5.875375187929832,0.0,0.0,0.0,0.0
0.0,5.888228417445547,0.0,0.0,0.0,0.0
0.0,5.897026718937121,0.0,0.0,0.0,0.0
0.0,5.912018598215189,0.0,0.0,0.0,0.0
0.0,5.916419734326732,0.0,0.0,0.0,0.0
0.0,5.920894685118051,0.0,0.0,0.0,0.0
0.0,5.9253279935547205,0.0,0.0,0.0,0.0
0.0,5.928555653702451,0.0,0.0,0.0,0.0
0.0,5.931132026742872,0.0,0.0,0.0,0.0
0.0,5.9337200770010385,0.0,0.0,0.0,0.0
0.0,5.938330792772265,0.0,0.0,0.0,0.0
0.0,5.949563368056703,0.0,0.0,0.0,0.0
0.0,5.952180124960744,0.0,0.0,0.0,0.0
0.0,5.954792279795686,0.0,0.0,0.0,0.0
0.0,5.957307483583267,0.0,0.0,0.0,0.0
0.0,5.959882731667404,0.0,0.0,0.0,0.0
0.0,5.962426258252783,0.0,0.0,0.0,0.0
0.0,5.964993837164058,0.0,0.0,0.0,0.0
0.0,5.967575740955788,0.0,0.0,0.0,0.0
0.0,5.970141403943864,0.0,0.0,0.0,0.0
0.0,5.978565174557329,0.0,0.0,0.0,0.0
0.0,5.991910766076437,0.0,0.0,0.0,0.0
0.0,5.996444996862292,0.0,0.0,0.0,0.0
0.0,6.001026749967983,0.0,0.0,0.0,0.0
0.0,6.005521171911368,0.0,0.0,0.0,0.0
0.0,6.00997080278521,0.0,0.0,0.0,0.0
0.0,6.014456929876987,0.0,0.0,0.0,0.0
0.0,6.019060448878022,0.0,0.0,0.0,0.0
0.0,6.023603768165641,0.0,0.0,0.0,0.0
0.0,6.028196574984362,0.0,0.0,0.0,0.0
0.0,6.0328010256526525,0.0,0.0,0.0,0.0
0.0,6.03749440745784,0.0,0.0,0.0,0.0
0.0,6.041985523803975,0.0,0.0,0.0,0.0
0.0,6.0467216297973225,0.0,0.0,0.0,0.0
0.0,6.051325463711873,0.0,0.0,0.0,0.0
0.0,6.056016705593084,0.0,0.0,0.0,0.0
0.0,6.0625986161363405,0.0,0.0,0.0,0.0
0.0,6.067327350221662,0.0,0.0,0.0,0.0
0.0,6.072040582882868,0.0,0.0,0.0,0.0
0.0,6.077232266360708,0.0,0.0,0.0,0.0
0.0,6.083029276937578,0.0,0.0,0.0,0.0
0.0,6.086490584921964,0.0,0.0,0.0,0.0
0.0,6.089927576228284,0.0,0.0,0.0,0.0
0.0,6.093445544835409,0.0,0.0,0.0,0.0
0.0,6.095868075993426,0.0,0.0,0.0,0.0
0.0,6.09818830733003,0.0,0.0,0.0,0.0
0.0,6.100962485492047,0.0,0.0,0.0,0.0
0.0,6.103481755370021,0.0,0.0,0.0,0.0
0.0,6.105683404262517,0.0,0.0,0.0,0.0
0.0,6.107701615981605,0.0,0.0,0.0,0.0
0.0,6.112421888249616,0.0,0.0,0.0,0.0
0.0,6.124866962739167,0.0,0.0,0.0,0.0
0.0,6.132756208133517,0.0,0.0,0.0,0.0
0.0,6.134334230636507,0.0,0.0,0.0,0.0
0.0,6.135852498147573,0.0,0.0,0.0,0.0
0.0,6.137155438862194,0.0,0.0,0.0,0.0
0.0,6.138525750762092,0.0,0.0,0.0,0.0
0.0,6.13993437198223,0.0,0.0,0.0,0.0
0.0,6.1439735474893595,0.0,0.0,0.0,0.0
0.0,6.153581190315627,0.0,0.0,0.0,0.0
0.0,6.1537425280092615,0.0,0.0,0.0,0.0
0.0,6.153436592805294,0.0,0.0,0.0,0.0
0.0,6.15472849877761,0.0,0.0,0.0,0.0
0.0,6.156724782509952,0.0,0.0,0.0,0.0
0.0,6.158089586294421,0.0,0.0,0.0,0.0
0.0,6.159898467990387,0.0,0.0,0.0,0.0
0.0,6.161978971301045,0.0,0.0,0.0,0.0
0.0,6.164020919375462,0.0,0.0,0.0,0.0
0.0,6.166064847503974,0.0,0.0,0.0,0.0
0.0,6.174178829228321,0.0,0.0,0.0,0.0
0.0,6.185536264808008,0.0,0.0,0.0,0.0
0.0,6.196953166957992,0.0,0.0,0.0,0.0
0.0,6.208371969509697,0.0,0.0,0.0,0.0
0.0,6.210950906244686,0.0,0.0,0.0,0.0
0.0,6.213515757936629,0.0,0.0,0.0,0.0
0.0,6.215537736083847,0.0,0.0,0.0,0.0
0.0,6.217524782665043,0.0,0.0,0.0,0.0
0.0,6.219296175640843,0.0,0.0,0.0,0.0
0.0,6.221434840345538,0.0,0.0,0.0,0.0
0.0,6.223503280018153,0.0,0.0,0.0,0.0
0.0,6.225781930013795,0.0,0.0,0.0,0.0
0.0,6.2278269465559415,0.0,0.0,0.0,0.0
0.0,6.235491594628542,0.0,0.0,0.0,0.0
0.0,6.246976428418577,0.0,0.0,0.0,0.0
0.0,6.2581368118260485,0.0,0.0,0.0,0.0
0.0,6.268710275027088,0.0,0.0,0.0,0.0
0.0,6.27091395769018,0.0,0.0,0.0,0.0
0.0,6.272921308858116,0.0,0.0,0.0,0.0
0.0,6.274483482946409,0.0,0.0,0.0,0.0
0.0,6.270794096809549,0.0,0.0,0.0,0.0
0.0,6.267512371302765,0.0,0.0,0.0,0.0
0.0,6.270313614644908,0.0,0.0,0.0,0.0
0.0,6.275127437373937,0.0,0.0,0.0,0.0
0.0,6.280632004885815,0.0,0.0,0.0,0.0
0.0,6.286324224749406,0.0,0.0,0.0,0.0
0.0,6.291992669457292,0.0,0.0,0.0,0.0
0.0,6.297662668904099,0.0,0.0,0.0,0.0
0.0,6.303629210833289,0.0,0.0,0.0,0.0
0.0,6.309251381830278,0.0,0.0,0.0,0.0
0.0,6.314875150794828,0.0,0.0,0.0,0.0
0.0,6.3202430851047335,0.0,0.0,0.0,0.0
0.0,6.32576778368804,0.0,0.0,0.0,0.0
0.0,6.337250854963673,0.0,0.0,0.0,0.0
0.0,6.35152321433152,0.0,0.0,0.0,0.0
0.0,6.365756983687747,0.0,0.0,0.0,0.0
0.0,6.379708130415427,0.0,0.0,0.0,0.0
0.0,6.393907175888451,0.0,0.0,0.0,0.0
0.0,6.402247306112852,0.0,0.0,0.0,0.0
0.0,6.408075275969126,0.0,0.0,0.0,0.0
0.0,6.413909858192988,0.0,0.0,0.0,0.0
0.0,6.419731253276318,0.0,0.0,0.0,0.0
0.0,6.425534384575317,0.0,0.0,0.0,0.0
0.0,6.439790280481949,0.0,0.0,0.0,0.0
0.0,6.448329946131207,0.0,0.0,0.0,0.0
0.0,6.454053060866557,0.0,0.0,0.0,0.0
0.0,6.459785504968125,0.0,0.0,0.0,0.0
0.0,6.465516222751086,0.0,0.0,0.0,0.0
0.0,6.469105961685495,0.0,0.0,0.0,0.0
0.0,6.471216372111327,0.0,0.0,0.0,0.0
0.0,6.476802191039672,0.0,0.0,0.0,0.0
0.0,6.485820554174352,0.0,0.0,0.0,0.0
0.0,6.4925315028386255,0.0,0.0,0.0,0.0
0.0,6.499220500210183,0.0,0.0,0.0,0.0
0.0,6.5059959028260455,0.0,0.0,0.0,0.0
0.0,6.511044291156283,0.0,0.0,0.0,0.0
0.0,6.511245970971531,0.0,0.0,0.0,0.0
0.0,6.511283083725534,0.0,0.0,0.0,0.0
0.0,6.516748775169011,0.0,0.0,0.0,0.0
0.0,6.522745858315515,0.0,0.0,0.0,0.0
0.0,6.523895427380125,0.0,0.0,0.0,0.0
0.0,6.524521941229165,0.0,0.0,0.0,0.0
0.0,6.524534675644388,0.0,0.0,0.0,0.0
0.0,6.525491030289214,0.0,0.0,0.0,0.0
0.0,6.52474517022541,0.0,0.0,0.0,0.0
0.0,6.5239098244678555,0.0,0.0,0.0,0.0
0.0,6.522803448719791,0.0,0.0,0.0,0.0
0.0,6.521077459885843,0.0,0.0,0.0,0.0
0.0,6.518512103031733,0.0,0.0,0.0,0.0
0.0,6.516003546020983,0.0,0.0,0.0,0.0
0.0,6.5134194409095505,0.0,0.0,0.0,0.0
0.0,6.508003777873036,0.0,0.0,0.0,0.0
0.0,6.4998341789584675,0.0,0.0,0.0,0.0
0.0,6.497451352916557,0.0,0.0,0.0,0.0
0.0,6.492643435077604,0.0,0.0,0.0,0.0
0.0,6.487491619174433,0.0,0.0,0.0,0.0
0.0,6.484234578214727,0.0,0.0,0.0,0.0
0.0,6.488065059676111,0.0,0.0,0.0,0.0
0.0,6.499091835043863,0.0,0.0,0.0,0.0
0.0,6.5122940948927726,0.0,0.0,0.0,0.0
0.0,6.522286766030017,0.0,0.0,0.0,0.0
0.0,6.525298336487359,0.0,0.0,0.0,0.0
0.0,6.526491938617161,0.0,0.0,0.0,0.0
0.0,6.52742392125173,0.0,0.0,0.0,0.0
0.0,6.528340417342503,0.0,0.0,0.0,0.0
0.0,6.527036012038506,0.0,0.0,0.0,0.0
0.0,6.521746580302419,0.0,0.0,0.0,0.0
0.0,6.522601271427581,0.0,0.0,0.0,0.0
0.0,6.523902283576695,0.0,0.0,0.0,0.0
0.0,6.524873036299887,0.0,0.0,0.0,0.0
0.0,6.527418175294861,0.0,0.0,0.0,0.0
0.0,6.530021056150839,0.0,0.0,0.0,0.0
0.0,6.532351641533255,0.0,0.0,0.0,0.0
0.0,6.534941298046677,0.0,0.0,0.0,0.0
0.0,6.5379978208170275,0.0,0.0,0.0,0.0
0.0,6.541289949660939,0.0,0.0,0.0,0.0
0.0,6.544219558044167,0.0,0.0,0.0,0.0
0.0,6.547121228198848,0.0,0.0,0.0,0.0
0.0,6.550288102599282,0.0,0.0,0.0,0.0
0.0,6.548210072389874,0.0,0.0,0.0,0.0
0.0,6.5485446116808665,0.0,0.0,0.0,0.0
0.0,6.551656644368146,0.0,0.0,0.0,0.0
0.0,6.554622398215644,0.0,0.0,0.0,0.0
0.0,6.552538387545867,0.0,0.0,0.0,0.0
0.0,6.5497431753264035,0.0,0.0,0.0,0.0
0.0,6.548503339162467,0.0,0.0,0.0,0.0
0.0,6.54748407386542,0.0,0.0,0.0,0.0
0.0,6.548449171978149,0.0,0.0,0.0,0.0
0.0,6.551053893617706,0.0,0.0,0.0,0.0
0.0,6.5532146191289815,0.0,0.0,0.0,0.0
0.0,6.549052778649724,0.0,0.0,0.0,0.0
0.0,6.548110611915739,0.0,0.0,0.0,0.0
0.0,6.549050432242695,0.0,0.0,0.0,0.0
0.0,6.551255589888272,0.0,0.0,0.0,0.0
0.0,6.561480771834487,0.0,0.0,0.0,0.0
0.0,6.563860584692648,0.0,0.0,0.0,0.0
0.0,6.566304883836092,0.0,0.0,0.0,0.0
0.0,6.569400379836297,0.0,0.0,0.0,0.0
0.0,6.572392111552023,0.0,0.0,0.0,0.0
0.0,6.575222080672234,0.0,0.0,0.0,0.0
0.0,6.578053976676104,0.0,0.0,0.0,0.0
0.0,6.5808998478364105,0.0,0.0,0.0,0.0
0.0,6.587046767055665,0.0,0.0,0.0,0.0
0.0,6.595184297801413,0.0,0.0,0.0,0.0
0.0,6.605759353096303,0.0,0.0,0.0,0.0
0.0,6.613338456236644,0.0,0.0,0.0,0.0
0.0,6.623967934849345,0.0,0.0,0.0,0.0
0.0,6.634340726042996,0.0,0.0,0.0,0.0
0.0,6.644414376434443,0.0,0.0,0.0,0.0
0.0,6.65042679322232,0.0,0.0,0.0,0.0
0.0,6.654840388437976,0.0,0.0,0.0,0.0
0.0,6.666362881961071,0.0,0.0,0.0,0.0
0.0,6.67352694384486,0.0,0.0,0.0,0.0
0.0,6.67781933192779,0.0,0.0,0.0,0.0
0.0,6.687544925159889,0.0,0.0,0.0,0.0
0.0,6.6965222197254235,0.0,0.0,0.0,0.0
0.0,6.708781959144501,0.0,0.0,0.0,0.0
0.0,6.720719001635897,0.0,0.0,0.0,0.0
0.0,6.730551264619438,0.0,0.0,0.0,0.0
0.0,6.735137843684922,0.0,0.0,0.0,0.0
0.0,6.739486606519831,0.0,0.0,0.0,0.0
0.0,6.744179957708633,0.0,0.0,0.0,0.0
0.0,6.747567457754424,0.0,0.0,0.0,0.0
0.0,6.7497083278008025,0.0,0.0,0.0,0.0
0.0,6.752544908730055,0.0,0.0,0.0,0.0
0.0,6.755499685582346,0.0,0.0,0.0,0.0
0.0,6.758460789460105,0.0,0.0,0.0,0.0
0.0,6.761333063641348,0.0,0.0,0.0,0.0
0.0,6.764365629192252,0.0,0.0,0.0,0.0
0.0,6.767209525249776,0.0,0.0,0.0,0.0
0.0,6.770449447978455,0.0,0.0,0.0,0.0
0.0,6.773334566301165,0.0,0.0,0.0,0.0
0.0,6.776352069338067,0.0,0.0,0.0,0.0
0.0,6.78510437860051,0.0,0.0,0.0,0.0
0.0,6.793741746052783,0.0,0.0,0.0,0.0
0.0,6.802163761603164,0.0,0.0,0.0,0.0
0.0,6.810311820324182,0.0,0.0,0.0,0.0
0.0,6.816927797007056,0.0,0.0,0.0,0.0
0.0,6.819863483358644,0.0,0.0,0.0,0.0
0.0,6.823165098904371,0.0,0.0,0.0,0.0
0.0,6.829811843060818,0.0,0.0,0.0,0.0
0.0,6.838511782964857,0.0,0.0,0.0,0.0
0.0,6.847825698780782,0.0,0.0,0.0,0.0
0.0,6.856979444602689,0.0,0.0,0.0,0.0
0.0,6.864720329390646,0.0,0.0,0.0,0.0
0.0,6.876709685621568,0.0,0.0,0.0,0.0
0.0,6.886694536579561,0.0,0.0,0.0,0.0
0.0,6.896672948662616,0.0,0.0,0.0,0.0
0.0,6.909429056176916,0.0,0.0,0.0,0.0
0.0,6.920852100908926,0.0,0.0,0.0,0.0
0.0,6.934036252724181,0.0,0.0,0.0,0.0
0.0,6.948218029781686,0.0,0.0,0.0,0.0
0.0,6.958448397860136,0.0,0.0,0.0,0.0
0.0,6.962978426689198,0.0,0.0,0.0,0.0
0.0,6.967319349428388,0.0,0.0,0.0,0.0
0.0,6.972238198668295,0.0,0.0,0.0,0.0
0.0,6.984950769302266,0.0,0.0,0.0,0.0
0.0,6.999353808516592,0.0,0.0,0.0,0.0
0.0,7.008727248490497,0.0,0.0,0.0,0.0
0.0,7.014092681668334,0.0,0.0,0.0,0.0
0.0,7.019522889430821,0.0,0.0,0.0,0.0
0.0,7.038992999826631,0.0,0.0,0.0,0.0
0.0,7.058265954347272,0.0,0.0,0.0,0.0
0.0,7.064062217032611,0.0,0.0,0.0,0.0
0.0,7.072785156254043,0.0,0.0,0.0,0.0
0.0,7.085789885728852,0.0,0.0,0.0,0.0
0.0,7.098618510080336,0.0,0.0,0.0,0.0
0.0,7.1045020275328365,0.0,0.0,0.0,0.0
0.0,7.110326227782963,0.0,0.0,0.0,0.0
0.0,7.116155761713153,0.0,0.0,0.0,0.0
0.0,7.130074577462302,0.0,0.0,0.0,0.0
0.0,7.141090919259921,0.0,0.0,0.0,0.0
0.0,7.1470688691415445,0.0,0.0,0.0,0.0
0.0,7.153053309385245,0.0,0.0,0.0,0.0
0.0,7.158952047737275,0.0,0.0,0.0,0.0
0.0,7.164949781637434,0.0,0.0,0.0,0.0
0.0,7.176583655885939,0.0,0.0,0.0,0.0
0.0,7.189496243278119,0.0,0.0,0.0,0.0
0.0,7.201507435815666,0.0,0.0,0.0,0.0
0.0,7.21403269412405,0.0,0.0,0.0,0.0
0.0,7.226851216517794,0.0,0.0,0.0,0.0
0.0,7.235110392273723,0.0,0.0,0.0,0.0
0.0,7.23925147867103,0.0,0.0,0.0,0.0
0.0,7.243375040237893,0.0,0.0,0.0,0.0
0.0,7.250519861333854,0.0,0.0,0.0,0.0
0.0,7.254723791265018,0.0,0.0,0.0,0.0
0.0,7.262656398297954,0.0,0.0,0.0,0.0
0.0,7.268702848332412,0.0,0.0,0.0,0.0
0.0,7.276617247375308,0.0,0.0,0.0,0.0
0.0,7.282404548007753,0.0,0.0,0.0,0.0
0.0,7.290228549294666,0.0,0.0,0.0,0.0
0.0,7.298651957463401,0.0,0.0,0.0,0.0
0.0,7.303415279727404,0.0,0.0,0.0,0.0
0.0,7.30795177912245,0.0,0.0,0.0,0.0
0.0,7.312042976923399,0.0,0.0,0.0,0.0
0.0,7.3161624408349,0.0,0.0,0.0,0.0
0.0,7.3206160032004615,0.0,0.0,0.0,0.0
0.0,7.324763429295736,0.0,0.0,0.0,0.0
0.0,7.328816435993351,0.0,0.0,0.0,0.0
0.0,7.332773990461863,0.0,0.0,0.0,0.0
0.0,7.3367236579299675,0.0,0.0,0.0,0.0
0.0,7.340667542766789,0.0,0.0,0.0,0.0
0.0,7.340863451230772,0.0,0.0,0.0,0.0
0.0,7.33574812320776,0.0,0.0,0.0,0.0
0.0,7.336739136248033,0.0,0.0,0.0,0.0
0.0,7.340786125507014,0.0,0.0,0.0,0.0
0.0,7.341809615584753,0.0,0.0,0.0,0.0
0.0,7.352464559815286,0.0,0.0,0.0,0.0
0.0,7.353365401107522,0.0,0.0,0.0,0.0
0.0,7.358226952635996,0.0,0.0,0.0,0.0
0.0,7.3628196486270445,0.0,0.0,0.0,0.0
0.0,7.367578978138456,0.0,0.0,0.0,0.0
0.0,7.37233439187011,0.0,0.0,0.0,0.0
0.0,7.377382812550891,0.0,0.0,0.0,0.0
0.0,7.381587242992507,0.0,0.0,0.0,0.0
0.0,7.378693836431704,0.0,0.0,0.0,0.0
0.0,7.390370630663527,0.0,0.0,0.0,0.0
0.0,7.394615942819593,0.0,0.0,0.0,0.0
0.0,7.399053614659805,0.0,0.0,0.0,0.0
0.0,7.408881132049311,0.0,0.0,0.0,0.0
0.0,7.419200584541625,0.0,0.0,0.0,0.0
0.0,7.428472171781509,0.0,0.0,0.0,0.0
0.0,7.442848522076523,0.0,0.0,0.0,0.0
0.0,7.448853259666363,0.0,0.0,0.0,0.0
0.0,7.455315179393373,0.0,0.0,0.0,0.0
0.0,7.456416822931809,0.0,0.0,0.0,0.0
0.0,7.456202908490975,0.0,0.0,0.0,0.0
0.0,7.459297103363105,0.0,0.0,0.0,0.0
0.0,7.458028397741376,0.0,0.0,0.0,0.0
0.0,7.460876765728979,0.0,0.0,0.0,0.0
0.0,7.463750797867126,0.0,0.0,0.0,0.0
0.0,7.469360943906546,0.0,0.0,0.0,0.0
0.0,7.477035015490178,0.0,0.0,0.0,0.0
0.0,7.4850490626087245,0.0,0.0,0.0,0.0
0.0,7.499247405489579,0.0,0.0,0.0,0.0
0.0,7.5090481653085694,0.0,0.0,0.0,0.0
0.0,7.517004499344504,0.0,0.0,0.0,0.0
0.0,7.524890504491331,0.0,0.0,0.0,0.0
0.0,7.536837826767589,0.0,0.0,0.0,0.0
0.0,7.544548087827804,0.0,0.0,0.0,0.0
0.0,7.552543003942014,0.0,0.0,0.0,0.0
0.0,7.56307505466264,0.0,0.0,0.0,0.0
0.0,7.569806174727377,0.0,0.0,0.0,0.0
0.0,7.576467465965996,0.0,0.0,0.0,0.0
0.0,7.583147084678313,0.0,0.0,0.0,0.0
0.0,7.589797325607548,0.0,0.0,0.0,0.0
0.0,7.596515130761887,0.0,0.0,0.0,0.0
0.0,7.60310176013226,0.0,0.0,0.0,0.0
0.0,7.609710699924288,0.0,0.0,0.0,0.0
0.0,7.616187981207706,0.0,0.0,0.0,0.0
0.0,7.622884958107575,0.0,0.0,0.0,0.0
0.0,7.6295247270231386,0.0,0.0,0.0,0.0
0.0,7.636113957360706,0.0,0.0,0.0,0.0
0.0,7.649842758501588,0.0,0.0,0.0,0.0
0.0,7.6681073495050684,0.0,0.0,0.0,0.0
0.0,7.680966573674844,0.0,0.0,0.0,0.0
0.0,7.7001491892417695,0.0,0.0,0.0,0.0
0.0,7.705638337129333,0.0,0.0,0.0,0.0
0.0,7.710864264612995,0.0,0.0,0.0,0.0
0.0,7.716287923818013,0.0,0.0,0.0,0.0
0.0,7.730279861692622,0.0,0.0,0.0,0.0
0.0,7.742984080512608,0.0,0.0,0.0,0.0
0.0,7.747569242339606,0.0,0.0,0.0,0.0
0.0,7.752478009605619,0.0,0.0,0.0,0.0
0.0,7.756786924359163,0.0,0.0,0.0,0.0
0.0,7.770183863202004,0.0,0.0,0.0,0.0
0.0,7.78663603808061,0.0,0.0,0.0,0.0
0.0,7.792480863627194,0.0,0.0,0.0,0.0
0.0,7.798552674050917,0.0,0.0,0.0,0.0
0.0,7.805182643301802,0.0,0.0,0.0,0.0
0.0,7.812584659270818,0.0,0.0,0.0,0.0
0.0,7.820297157491183,0.0,0.0,0.0,0.0
0.0,7.828092518389571,0.0,0.0,0.0,0.0
0.0,7.835921803784523,0.0,0.0,0.0,0.0
0.0,7.843744903942037,0.0,0.0,0.0,0.0
0.0,7.851595512831781,0.0,0.0,0.0,0.0
0.0,7.862369547388548,0.0,0.0,0.0,0.0
0.0,7.876208334579527,0.0,0.0,0.0,0.0
0.0,7.890072312873291,0.0,0.0,0.0,0.0
0.0,7.905878064609818,0.0,0.0,0.0,0.0
0.0,7.921729578589911,0.0,0.0,0.0,0.0
0.0,7.938492702711467,0.0,0.0,0.0,0.0
0.0,7.958430863612419,0.0,0.0,0.0,0.0
0.0,7.97415742306755,0.0,0.0,0.0,0.0
0.0,7.981969996319787,0.0,0.0,0.0,0.0
0.0,7.989733609625587,0.0,0.0,0.0,0.0
0.0,7.997495472396513,0.0,0.0,0.0,0.0
0.0,8.00523195770952,0.0,0.0,0.0,0.0
0.0,8.013099075283312,0.0,0.0,0.0,0.0
0.0,8.020832840371583,0.0,0.0,0.0,0.0
0.0,8.028886670265665,0.0,0.0,0.0,0.0
0.0,8.03676771788825,0.0,0.0,0.0,0.0
0.0,8.0444927944952,0.0,0.0,0.0,0.0
0.0,8.052215017046437,0.0,0.0,0.0,0.0
0.0,8.060068301594523,0.0,0.0,0.0,0.0
0.0,8.075153463375925,0.0,0.0,0.0,0.0
0.0,8.085860116328442,0.0,0.0,0.0,0.0
0.0,8.09242140553856,0.0,0.0,0.0,0.0
0.0,8.098465874705777,0.0,0.0,0.0,0.0
0.0,8.104553699882533,0.0,0.0,0.0,0.0
0.0,8.109614665951858,0.0,0.0,0.0,0.0
0.0,8.12360131945375,0.0,0.0,0.0,0.0
0.0,8.14064361440057,0.0,0.0,0.0,0.0
0.0,8.147451358871157,0.0,0.0,0.0,0.0
0.0,8.154473733638836,0.0,0.0,0.0,0.0
0.0,8.16714168747012,0.0,0.0,0.0,0.0
0.0,8.183839455888336,0.0,0.0,0.0,0.0
0.0,8.203752455138488,0.0,0.0,0.0,0.0
0.0,8.224475850022737,0.0,0.0,0.0,0.0
0.0,8.244554912098032,0.0,0.0,0.0,0.0
0.0,8.253273414328905,0.0,0.0,0.0,0.0
0.0,8.261904130465979,0.0,0.0,0.0,0.0
0.0,8.270614626259235,0.0,0.0,0.0,0.0
0.0,8.279278252693206,0.0,0.0,0.0,0.0
0.0,8.287961326556507,0.0,0.0,0.0,0.0
0.0,8.296521114187048,0.0,0.0,0.0,0.0
0.0,8.305092113837448,0.0,0.0,0.0,0.0
0.0,8.313706848947366,0.0,0.0,0.0,0.0
0.0,8.322436076057208,0.0,0.0,0.0,0.0
0.0,8.330056860445595,0.0,0.0,0.0,0.0
0.0,8.337423652512639,0.0,0.0,0.0,0.0
0.0,8.344766236181204,0.0,0.0,0.0,0.0
0.0,8.352091519299805,0.0,0.0,0.0,0.0
0.0,8.359472430279155,0.0,0.0,0.0,0.0
0.0,8.36683134050641,0.0,0.0,0.0,0.0
0.0,8.374216910031212,0.0,0.0,0.0,0.0
0.0,8.381570090186068,0.0,0.0,0.0,0.0
0.0,8.388958677184423,0.0,0.0,0.0,0.0
0.0,8.396312234524123,0.0,0.0,0.0,0.0
0.0,8.40365671666339,0.0,0.0,0.0,0.0
0.0,8.41096733615162,0.0,0.0,0.0,0.0
0.0,8.417738430651873,0.0,0.0,0.0,0.0
0.0,8.423225631043827,0.0,0.0,0.0,0.0
0.0,8.428730668679806,0.0,0.0,0.0,0.0
0.0,8.434221887980787,0.0,0.0,0.0,0.0
0.0,8.439693259702027,0.0,0.0,0.0,0.0
0.0,8.445173709567426,0.0,0.0,0.0,0.0
0.0,8.450650014170439,0.0,0.0,0.0,0.0
0.0,8.456066887414137,0.0,0.0,0.0,0.0
0.0,8.461473186136255,0.0,0.0,0.0,0.0
0.0,8.466838459573957,0.0,0.0,0.0,0.0
0.0,8.472227871562994,0.0,0.0,0.0,0.0
0.0,8.477611125902376,0.0,0.0,0.0,0.0
0.0,8.483048917773917,0.0,0.0,0.0,0.0
0.0,8.489748810712364,0.0,0.0,0.0,0.0
0.0,8.496551472525706,0.0,0.0,0.0,0.0
0.0,8.503276941382845,0.0,0.0,0.0,0.0
0.0,8.510025503685387,0.0,0.0,0.0,0.0
0.0,8.516804056106745,0.0,0.0,0.0,0.0
0.0,8.524045116501185,0.0,0.0,0.0,0.0
0.0,8.532716870872742,0.0,0.0,0.0,0.0
0.0,8.541459615733057,0.0,0.0,0.0,0.0
0.0,8.550203073734231,0.0,0.0,0.0,0.0
0.0,8.558853987497683,0.0,0.0,0.0,0.0
0.0,8.567563746851796,0.0,0.0,0.0,0.0
0.0,8.576183191701173,0.0,0.0,0.0,0.0
0.0,8.595035411069711,0.0,0.0,0.0,0.0
0.0,8.617716623490974,0.0,0.0,0.0,0.0
0.0,8.643224939891088,0.0,0.0,0.0,0.0
0.0,8.665800688510226,0.0,0.0,0.0,0.0
0.0,8.680792201494151,0.0,0.0,0.0,0.0
0.0,8.701656198258393,0.0,0.0,0.0,0.0
0.0,8.718358112115464,0.0,0.0,0.0,0.0
0.0,8.726853987898457,0.0,0.0,0.0,0.0
0.0,8.735349104945193,0.0,0.0,0.0,0.0
0.0,8.743787767069504,0.0,0.0,0.0,0.0
0.0,8.752228203618454,0.0,0.0,0.0,0.0
0.0,8.76066536401782,0.0,0.0,0.0,0.0
0.0,8.769138540436385,0.0,0.0,0.0,0.0
0.0,8.777597659032537,0.0,0.0,0.0,0.0
0.0,8.78904200406513,0.0,0.0,0.0,0.0
0.0,8.80649225526445,0.0,0.0,0.0,0.0
0.0,8.818000166027995,0.0,0.0,0.0,0.0
0.0,8.83051351226511,0.0,0.0,0.0,0.0
0.0,8.850343394465618,0.0,0.0,0.0,0.0
0.0,8.862917857876756,0.0,0.0,0.0,0.0
0.0,8.871531630013491,0.0,0.0,0.0,0.0
0.0,8.880246534770611,0.0,0.0,0.0,0.0
0.0,8.888940165096045,0.0,0.0,0.0,0.0
0.0,8.897592493558678,0.0,0.0,0.0,0.0
0.0,8.906274480935348,0.0,0.0,0.0,0.0
0.0,8.914949068802356,0.0,0.0,0.0,0.0
0.0,8.921991795756128,0.0,0.0,0.0,0.0
0.0,8.92882643450928,0.0,0.0,0.0,0.0
0.0,8.935604750793674,0.0,0.0,0.0,0.0
0.0,8.94241999003739,0.0,0.0,0.0,0.0
0.0,8.949182690840109,0.0,0.0,0.0,0.0
0.0,8.956038137824333,0.0,0.0,0.0,0.0
0.0,8.962865348662959,0.0,0.0,0.0,0.0
0.0,8.96971326996857,0.0,0.0,0.0,0.0
0.0,8.976514230123644,0.0,0.0,0.0,0.0
0.0,8.983318080757812,0.0,0.0,0.0,0.0
0.0,8.990138974987632,0.0,0.0,0.0,0.0
0.0,8.996931762691835,0.0,0.0,0.0,0.0
0.0,9.003709640028225,0.0,0.0,0.0,0.0
0.0,9.010575724028337,0.0,0.0,0.0,0.0
0.0,9.019213425504702,0.0,0.0,0.0,0.0
0.0,9.026918443997753,0.0,0.0,0.0,0.0
0.0,9.034133949332322,0.0,0.0,0.0,0.0
0.0,9.041362980858958,0.0,0.0,0.0,0.0
0.0,9.049179432167756,0.0,0.0,0.0,0.0
0.0,9.059386756712527,0.0,0.0,0.0,0.0
0.0,9.06790517503046,0.0,0.0,0.0,0.0
0.0,9.07646895591902,0.0,0.0,0.0,0.0
0.0,9.085016017103758,0.0,0.0,0.0,0.0
0.0,9.09327480090321,0.0,0.0,0.0,0.0
0.0,9.100799234857387,0.0,0.0,0.0,0.0
0.0,9.109395510344003,0.0,0.0,0.0,0.0
0.0,9.117981383891165,0.0,0.0,0.0,0.0
0.0,9.141429383057844,0.0,0.0,0.0,0.0
0.0,9.16302128492711,0.0,0.0,0.0,0.0
0.0,9.174815612320973,0.0,0.0,0.0,0.0
0.0,9.182902539461649,0.0,0.0,0.0,0.0
0.0,9.195133791755833,0.0,0.0,0.0,0.0
0.0,9.217893755563264,0.0,0.0,0.0,0.0
0.0,9.238693053061004,0.0,0.0,0.0,0.0
0.0,9.255311320010213,0.0,0.0,0.0,0.0
0.0,9.274285974065377,0.0,0.0,0.0,0.0
0.0,9.288805373871272,0.0,0.0,0.0,0.0
0.0,9.300861952615266,0.0,0.0,0.0,0.0
0.0,9.31316659156032,0.0,0.0,0.0,0.0
0.0,9.324851513513108,0.0,0.0,0.0,0.0
0.0,9.335716923956362,0.0,0.0,0.0,0.0
0.0,9.343245130091777,0.0,0.0,0.0,0.0
0.0,9.350247784535997,0.0,0.0,0.0,0.0
0.0,9.356072955233765,0.0,0.0,0.0,0.0
0.0,9.361834221161542,0.0,0.0,0.0,0.0
0.0,9.369238774477155,0.0,0.0,0.0,0.0
0.0,9.379223465807161,0.0,0.0,0.0,0.0
0.0,9.397519864468432,0.0,0.0,0.0,0.0
0.0,9.408900004583781,0.0,0.0,0.0,0.0
0.0,9.426403786738016,0.0,0.0,0.0,0.0
0.0,9.43935555708305,0.0,0.0,0.0,0.0
0.0,9.455410997552443,0.0,0.0,0.0,0.0
0.0,9.47127182917876,0.0,0.0,0.0,0.0
0.0,9.47808317696951,0.0,0.0,0.0,0.0
0.0,9.493281327495156,0.0,0.0,0.0,0.0
0.0,9.509366427316639,0.0,0.0,0.0,0.0
0.0,9.516046742412929,0.0,0.0,0.0,0.0
0.0,9.522936112198238,0.0,0.0,0.0,0.0
0.0,9.529801257356402,0.0,0.0,0.0,0.0
0.0,9.536657390720176,0.0,0.0,0.0,0.0
0.0,9.543499128561564,0.0,0.0,0.0,0.0
0.0,9.552036317642496,0.0,0.0,0.0,0.0
0.0,9.560569322741705,0.0,0.0,0.0,0.0
0.0,9.569140041885335,0.0,0.0,0.0,0.0
0.0,9.577615514650814,0.0,0.0,0.0,0.0
0.0,9.590135155400748,0.0,0.0,0.0,0.0
0.0,9.60671234753378,0.0,0.0,0.0,0.0
0.0,9.622292254279808,0.0,0.0,0.0,0.0
0.0,9.630842477449246,0.0,0.0,0.0,0.0
0.0,9.645028084399714,0.0,0.0,0.0,0.0
0.0,9.65908732749909,0.0,0.0,0.0,0.0
0.0,9.675556200224266,0.0,0.0,0.0,0.0
0.0,9.68379063891292,0.0,0.0,0.0,0.0
0.0,9.69723368507709,0.0,0.0,0.0,0.0
0.0,9.708572886277324,0.0,0.0,0.0,0.0
0.0,9.715748161733801,0.0,0.0,0.0,0.0
0.0,9.722914614910298,0.0,0.0,0.0,0.0
0.0,9.731139933675209,0.0,0.0,0.0,0.0
0.0,9.7458833116947,0.0,0.0,0.0,0.0
0.0,9.765905572411953,0.0,0.0,0.0,0.0
0.0,9.781799253754382,0.0,0.0,0.0,0.0
0.0,9.797126397932084,0.0,0.0,0.0,0.0
0.0,9.815102817242042,0.0,0.0,0.0,0.0
0.0,9.837258745321163,0.0,0.0,0.0,0.0
0.0,9.870076925860547,0.0,0.0,0.0,0.0
0.0,9.898529334753,0.0,0.0,0.0,0.0
0.0,9.920089600111115,0.0,0.0,0.0,0.0
0.0,9.928723965898776,0.0,0.0,0.0,0.0
0.0,9.93723404343628,0.0,0.0,0.0,0.0
0.0,9.945726420306825,0.0,0.0,0.0,0.0
0.0,9.954086372719157,0.0,0.0,0.0,0.0
0.0,9.962023290227329,0.0,0.0,0.0,0.0
0.0,9.979891796362459,0.0,0.0,0.0,0.0
0.0,9.99482945694549,0.0,0.0,0.0,0.0
0.0,10.00339421229573,0.0,0.0,0.0,0.0
0.0,10.01106286668897,0.0,0.0,0.0,0.0
0.0,10.018022370939446,0.0,0.0,0.0,0.0
0.0,10.03531111850135,0.0,0.0,0.0,0.0
0.0,10.051921028867358,0.0,0.0,0.0,0.0
0.0,10.062213913757622,0.0,0.0,0.0,0.0
0.0,10.069238441136434,0.0,0.0,0.0,0.0
0.0,10.076284156623736,0.0,0.0,0.0,0.0
0.0,10.083198147420553,0.0,0.0,0.0,0.0
0.0,10.090199560284587,0.0,0.0,0.0,0.0
0.0,10.099678348333713,0.0,0.0,0.0,0.0
0.0,10.11707373073819,0.0,0.0,0.0,0.0
0.0,10.131911698384823,0.0,0.0,0.0,0.0
0.0,10.145090799512184,0.0,0.0,0.0,0.0
0.0,10.15244349118249,0.0,0.0,0.0,0.0
0.0,10.159910354824774,0.0,0.0,0.0,0.0
0.0,10.17711373928744,0.0,0.0,0.0,0.0
0.0,10.19580317029788,0.0,0.0,0.0,0.0
0.0,10.21606623472687,0.0,0.0,0.0,0.0
0.0,10.233054966303918,0.0,0.0,0.0,0.0
0.0,10.24618627665632,0.0,0.0,0.0,0.0
0.0,10.255532472220283,0.0,0.0,0.0,0.0
0.0,10.272636374161529,0.0,0.0,0.0,0.0
0.0,10.289766807593528,0.0,0.0,0.0,0.0
0.0,10.299031274477242,0.0,0.0,0.0,0.0
0.0,10.308304985655028,0.0,0.0,0.0,0.0
0.0,10.317551400013604,0.0,0.0,0.0,0.0
0.0,10.326717040780458,0.0,0.0,0.0,0.0
0.0,10.334881398471914,0.0,0.0,0.0,0.0
0.0,10.342805853872113,0.0,0.0,0.0,0.0
0.0,10.350695148006137,0.0,0.0,0.0,0.0
0.0,10.358586748671446,0.0,0.0,0.0,0.0
0.0,10.366480162990797,0.0,0.0,0.0,0.0
0.0,10.374409665054452,0.0,0.0,0.0,0.0
0.0,10.382271682858693,0.0,0.0,0.0,0.0
0.0,10.398103509125354,0.0,0.0,0.0,0.0
0.0,10.413767473684189,0.0,0.0,0.0,0.0
0.0,10.421722077345391,0.0,0.0,0.0,0.0
0.0,10.429634094270407,0.0,0.0,0.0,0.0
0.0,10.43738346077416,0.0,0.0,0.0,0.0
0.0,10.445289226641105,0.0,0.0,0.0,0.0
0.0,10.453183988847679,0.0,0.0,0.0,0.0
0.0,10.46087195609932,0.0,0.0,0.0,0.0
0.0,10.469240087761277,0.0,0.0,0.0,0.0
0.0,10.47865087230476,0.0,0.0,0.0,0.0
0.0,10.48796149405045,0.0,0.0,0.0,0.0
0.0,10.497290691951678,0.0,0.0,0.0,0.0
0.0,10.505074490252902,0.0,0.0,0.0,0.0
0.0,10.512845713170492,0.0,0.0,0.0,0.0
0.0,10.521091100863792,0.0,0.0,0.0,0.0
0.0,10.529409698416273,0.0,0.0,0.0,0.0
0.0,10.537786493632915,0.0,0.0,0.0,0.0
0.0,10.545880070020274,0.0,0.0,0.0,0.0
0.0,10.557815411595374,0.0,0.0,0.0,0.0
0.0,10.575464618093928,0.0,0.0,0.0,0.0
0.0,10.585368127815372,0.0,0.0,0.0,0.0
0.0,10.59197731869818,0.0,0.0,0.0,0.0
0.0,10.598484083967797,0.0,0.0,0.0,0.0
0.0,10.605034202634167,0.0,0.0,0.0,0.0
0.0,10.620847865132946,0.0,0.0,0.0,0.0
0.0,10.642252202726343,0.0,0.0,0.0,0.0
0.0,10.651546800542784,0.0,0.0,0.0,0.0
0.0,10.667640187144086,0.0,0.0,0.0,0.0
0.0,10.681186138991155,0.0,0.0,0.0,0.0
0.0,10.691547717243967,0.0,0.0,0.0,0.0
0.0,10.708240270166156,0.0,0.0,0.0,0.0
0.0,10.716210256083817,0.0,0.0,0.0,0.0
0.0,10.724156216263031,0.0,0.0,0.0,0.0
0.0,10.732142635278938,0.0,0.0,0.0,0.0
0.0,10.740036764350428,0.0,0.0,0.0,0.0
0.0,10.747915462783064,0.0,0.0,0.0,0.0
0.0,10.754301227048087,0.0,0.0,0.0,0.0
0.0,10.762747375933122,0.0,0.0,0.0,0.0
0.0,10.767921808903923,0.0,0.0,0.0,0.0
0.0,10.773139608630197,0.0,0.0,0.0,0.0
0.0,10.78144776422755,0.0,0.0,0.0,0.0
0.0,10.796217710530355,0.0,0.0,0.0,0.0
0.0,10.801431872756346,0.0,0.0,0.0,0.0
0.0,10.80656960754768,0.0,0.0,0.0,0.0
0.0,10.81171866397234,0.0,0.0,0.0,0.0
0.0,10.816928865143794,0.0,0.0,0.0,0.0
0.0,10.829349554093344,0.0,0.0,0.0,0.0
0.0,10.842323722869663,0.0,0.0,0.0,0.0
0.0,10.854668126956081,0.0,0.0,0.0,0.0
0.0,10.875821192359645,0.0,0.0,0.0,0.0
0.0,10.886229169448262,0.0,0.0,0.0,0.0
0.0,10.894567212346221,0.0,0.0,0.0,0.0
0.0,10.909330689862589,0.0,0.0,0.0,0.0
0.0,10.920942895608052,0.0,0.0,0.0,0.0
0.0,10.926119264029625,0.0,0.0,0.0,0.0
0.0,10.931318020761852,0.0,0.0,0.0,0.0
0.0,10.936452015440963,0.0,0.0,0.0,0.0
0.0,10.941641456530474,0.0,0.0,0.0,0.0
0.0,10.946749526647956,0.0,0.0,0.0,0.0
0.0,10.955823373402668,0.0,0.0,0.0,0.0
0.0,10.97265930607623,0.0,0.0,0.0,0.0
0.0,10.981840900326192,0.0,0.0,0.0,0.0
0.0,11.000472962567459,0.0,0.0,0.0,0.0
0.0,11.013966047335776,0.0,0.0,0.0,0.0
0.0,11.016875081216716,0.0,0.0,0.0,0.0
0.0,11.021877520125393,0.0,0.0,0.0,0.0
0.0,11.030142158224661,0.0,0.0,0.0,0.0
0.0,11.032070627682947,0.0,0.0,0.0,0.0
0.0,11.03397821084765,0.0,0.0,0.0,0.0
0.0,11.03591629854522,0.0,0.0,0.0,0.0
0.0,11.040541259919541,0.0,0.0,0.0,0.0
0.0,11.05482558986006,0.0,0.0,0.0,0.0
0.0,11.05824076791167,0.0,0.0,0.0,0.0
0.0,11.062008411915752,0.0,0.0,0.0,0.0
0.0,11.066479455719088,0.0,0.0,0.0,0.0
0.0,11.071005244306972,0.0,0.0,0.0,0.0
0.0,11.075516309954166,0.0,0.0,0.0,0.0
0.0,11.07798177772175,0.0,0.0,0.0,0.0
0.0,11.083867356795835,0.0,0.0,0.0,0.0
0.0,11.09001328296205,0.0,0.0,0.0,0.0
0.0,11.09610717181383,0.0,0.0,0.0,0.0
0.0,11.102228022659968,0.0,0.0,0.0,0.0
0.0,11.108459214464986,0.0,0.0,0.0,0.0
0.0,11.110739864252077,0.0,0.0,0.0,0.0
0.0,11.111026944537949,0.0,0.0,0.0,0.0
0.0,11.116547915389674,0.0,0.0,0.0,0.0
0.0,11.125720203688381,0.0,0.0,0.0,0.0
0.0,11.141098177531795,0.0,0.0,0.0,0.0
0.0,11.164757745537978,0.0,0.0,0.0,0.0
0.0,11.175006028460508,0.0,0.0,0.0,0.0
0.0,11.19047189226367,0.0,0.0,0.0,0.0
0.0,11.199114550190954,0.0,0.0,0.0,0.0
0.0,11.214386070045217,0.0,0.0,0.0,0.0
0.0,11.223141021769754,0.0,0.0,0.0,0.0
0.0,11.228599455191228,0.0,0.0,0.0,0.0
0.0,11.234090285509652,0.0,0.0,0.0,0.0
0.0,11.239937159210308,0.0,0.0,0.0,0.0
0.0,11.245860017849125,0.0,0.0,0.0,0.0
0.0,11.25133050011959,0.0,0.0,0.0,0.0
0.0,11.256696086161703,0.0,0.0,0.0,0.0
0.0,11.268746338841488,0.0,0.0,0.0,0.0
0.0,11.291785278887705,0.0,0.0,0.0,0.0
0.0,11.305641707761742,0.0,0.0,0.0,0.0
0.0,11.318886663715992,0.0,0.0,0.0,0.0
0.0,11.338081988535441,0.0,0.0,0.0,0.0
0.0,11.349935241949964,0.0,0.0,0.0,0.0
0.0,11.358562479452855,0.0,0.0,0.0,0.0
0.0,11.364341223354822,0.0,0.0,0.0,0.0
0.0,11.36997486227807,0.0,0.0,0.0,0.0
0.0,11.381838758800807,0.0,0.0,0.0,0.0
0.0,11.393787430442622,0.0,0.0,0.0,0.0
0.0,11.40567317385411,0.0,0.0,0.0,0.0
0.0,11.41067306628721,0.0,0.0,0.0,0.0
0.0,11.414379555028766,0.0,0.0,0.0,0.0
0.0,11.418046095504593,0.0,0.0,0.0,0.0
0.0,11.428307846471485,0.0,0.0,0.0,0.0
0.0,11.435207525515823,0.0,0.0,0.0,0.0
0.0,11.442345230293117,0.0,0.0,0.0,0.0
0.0,11.454164675975225,0.0,0.0,0.0,0.0
0.0,11.465158340707534,0.0,0.0,0.0,0.0
0.0,11.471366294993963,0.0,0.0,0.0,0.0
0.0,11.474999384162608,0.0,0.0,0.0,0.0
0.0,11.478654825233692,0.0,0.0,0.0,0.0
0.0,11.482307332829944,0.0,0.0,0.0,0.0
0.0,11.485941412564795,0.0,0.0,0.0,0.0
0.0,11.498210710097602,0.0,0.0,0.0,0.0
0.0,11.509327153995567,0.0,0.0,0.0,0.0
0.0,11.520254326653848,0.0,0.0,0.0,0.0
0.0,11.536363956953075,0.0,0.0,0.0,0.0
0.0,11.551243531024282,0.0,0.0,0.0,0.0
0.0,11.560424138246754,0.0,0.0,0.0,0.0
0.0,11.565695191724611,0.0,0.0,0.0,0.0
0.0,11.570992360558048,0.0,0.0,0.0,0.0
0.0,11.576392635142275,0.0,0.0,0.0,0.0
0.0,11.589603222947504,0.0,0.0,0.0,0.0
0.0,11.605979997824592,0.0,0.0,0.0,0.0
0.0,11.611370199694644,0.0,0.0,0.0,0.0
0.0,11.61679867153294,0.0,0.0,0.0,0.0
0.0,11.622561165275679,0.0,0.0,0.0,0.0
0.0,11.628420692146127,0.0,0.0,0.0,0.0
0.0,11.633893663875906,0.0,0.0,0.0,0.0
0.0,11.639404992335917,0.0,0.0,0.0,0.0
0.0,11.644867686712065,0.0,0.0,0.0,0.0
0.0,11.650389030076838,0.0,0.0,0.0,0.0
0.0,11.655873032291204,0.0,0.0,0.0,0.0
0.0,11.661372552608462,0.0,0.0,0.0,0.0
0.0,11.666849220139985,0.0,0.0,0.0,0.0
0.0,11.67232322384508,0.0,0.0,0.0,0.0
0.0,11.677958879683631,0.0,0.0,0.0,0.0
0.0,11.683849325610268,0.0,0.0,0.0,0.0
0.0,11.689565146373953,0.0,0.0,0.0,0.0
0.0,11.695041090337698,0.0,0.0,0.0,0.0
0.0,11.703859369083375,0.0,0.0,0.0,0.0
0.0,11.715903952350146,0.0,0.0,0.0,0.0
0.0,11.733187252993122,0.0,0.0,0.0,0.0
0.0,11.749491253356734,0.0,0.0,0.0,0.0
0.0,11.75873243084029,0.0,0.0,0.0,0.0
0.0,11.767220316625565,0.0,0.0,0.0,0.0
0.0,11.78520288938912,0.0,0.0,0.0,0.0
0.0,11.795245807394572,0.0,0.0,0.0,0.0
0.0,11.80114399924378,0.0,0.0,0.0,0.0
0.0,11.81127695001945,0.0,0.0,0.0,0.0
0.0,11.827622802428241,0.0,0.0,0.0,0.0
0.0,11.841651331491663,0.0,0.0,0.0,0.0
0.0,11.855873495911315,0.0,0.0,0.0,0.0
0.0,11.872764376714999,0.0,0.0,0.0,0.0
0.0,11.880835635390138,0.0,0.0,0.0,0.0
0.0,11.886643981315826,0.0,0.0,0.0,0.0
0.0,11.898404474189334,0.0,0.0,0.0,0.0
0.0,11.913802345825568,0.0,0.0,0.0,0.0
0.0,11.929592066246014,0.0,0.0,0.0,0.0
0.0,11.939098179320316,0.0,0.0,0.0,0.0
0.0,11.944552438869648,0.0,0.0,0.0,0.0
0.0,11.944263729353255,0.0,0.0,0.0,0.0
0.0,11.946746620366326,0.0,0.0,0.0,0.0
0.0,11.949876332547033,0.0,0.0,0.0,0.0
0.0,11.952552421601474,0.0,0.0,0.0,0.0
0.0,11.953963443458816,0.0,0.0,0.0,0.0
0.0,11.959903081288548,0.0,0.0,0.0,0.0
0.0,11.96592043384161,0.0,0.0,0.0,0.0
0.0,11.972418688000461,0.0,0.0,0.0,0.0
0.0,11.977948565444558,0.0,0.0,0.0,0.0
0.0,11.98355456464558,0.0,0.0,0.0,0.0
0.0,11.988248029364412,0.0,0.0,0.0,0.0
0.0,11.993270983119503,0.0,0.0,0.0,0.0
0.0,11.99844241566749,0.0,0.0,0.0,0.0
0.0,12.002801272928947,0.0,0.0,0.0,0.0
0.0,12.005327743271014,0.0,0.0,0.0,0.0
0.0,12.00691817434029,0.0,0.0,0.0,0.0
0.0,12.012038564126252,0.0,0.0,0.0,0.0
0.0,12.020023759074883,0.0,0.0,0.0,0.0
0.0,12.03611759240573,0.0,0.0,0.0,0.0
0.0,12.046327181276881,0.0,0.0,0.0,0.0
0.0,12.049762338870105,0.0,0.0,0.0,0.0
0.0,12.055105071208096,0.0,0.0,0.0,0.0
0.0,12.058285087722082,0.0,0.0,0.0,0.0
0.0,12.065213607456243,0.0,0.0,0.0,0.0
0.0,12.07155453578555,0.0,0.0,0.0,0.0
0.0,12.078748804221894,0.0,0.0,0.0,0.0
0.0,12.085772456494922,0.0,0.0,0.0,0.0
0.0,12.091565266161213,0.0,0.0,0.0,0.0
0.0,12.098173597759274,0.0,0.0,0.0,0.0
0.0,12.104236494299988,0.0,0.0,0.0,0.0
0.0,12.108613812027714,0.0,0.0,0.0,0.0
0.0,12.11473202362151,0.0,0.0,0.0,0.0
0.0,12.121216465103323,0.0,0.0,0.0,0.0
0.0,12.126764755069889,0.0,0.0,0.0,0.0
0.0,12.133413852927886,0.0,0.0,0.0,0.0
0.0,12.14004985220303,0.0,0.0,0.0,0.0
0.0,12.146688976749765,0.0,0.0,0.0,0.0
0.0,12.152377000007911,0.0,0.0,0.0,0.0
0.0,12.165429719174554,0.0,0.0,0.0,0.0
0.0,12.178347961502352,0.0,0.0,0.0,0.0
0.0,12.183676225026328,0.0,0.0,0.0,0.0
0.0,12.18965902958327,0.0,0.0,0.0,0.0
0.0,12.201410187108406,0.0,0.0,0.0,0.0
0.0,12.214350796512791,0.0,0.0,0.0,0.0
0.0,12.22096142938751,0.0,0.0,0.0,0.0
0.0,12.226677404906644,0.0,0.0,0.0,0.0
0.0,12.233652107293334,0.0,0.0,0.0,0.0
0.0,12.245353136471557,0.0,0.0,0.0,0.0
0.0,12.272182363409025,0.0,0.0,0.0,0.0
0.0,12.294500242635898,0.0,0.0,0.0,0.0
0.0,12.313061631259655,0.0,0.0,0.0,0.0
0.0,12.324241101359044,0.0,0.0,0.0,0.0
0.0,12.338754438603585,0.0,0.0,0.0,0.0
0.0,12.350874998278506,0.0,0.0,0.0,0.0
0.0,12.370922735931433,0.0,0.0,0.0,0.0
0.0,12.39790818046973,0.0,0.0,0.0,0.0
0.0,12.428084777017608,0.0,0.0,0.0,0.0
0.0,12.446189665868378,0.0,0.0,0.0,0.0
0.0,12.461156210953439,0.0,0.0,0.0,0.0
0.0,12.475471752077997,0.0,0.0,0.0,0.0
0.0,12.487845249033349,0.0,0.0,0.0,0.0
0.0,12.497615228531295,0.0,0.0,0.0,0.0
0.0,12.507156804910307,0.0,0.0,0.0,0.0
0.0,12.514403481735055,0.0,0.0,0.0,0.0
0.0,12.520145937142715,0.0,0.0,0.0,0.0
0.0,12.52611924826435,0.0,0.0,0.0,0.0
0.0,12.5319363234855,0.0,0.0,0.0,0.0
0.0,12.537993752893112,0.0,0.0,0.0,0.0
0.0,12.54364276641416,0.0,0.0,0.0,0.0
0.0,12.549343232728981,0.0,0.0,0.0,0.0
0.0,12.560621470366305,0.0,0.0,0.0,0.0
0.0,12.572642477856265,0.0,0.0,0.0,0.0
0.0,12.58692158115381,0.0,0.0,0.0,0.0
0.0,12.598976435539031,0.0,0.0,0.0,0.0
0.0,12.607438337306341,0.0,0.0,0.0,0.0
0.0,12.623260152647836,0.0,0.0,0.0,0.0
0.0,12.639037192665123,0.0,0.0,0.0,0.0
0.0,12.652322808245884,0.0,0.0,0.0,0.0
0.0,12.668454161726569,0.0,0.0,0.0,0.0
0.0,12.677658717733303,0.0,0.0,0.0,0.0
0.0,12.683992147183776,0.0,0.0,0.0,0.0
0.0,12.690890258412772,0.0,0.0,0.0,0.0
0.0,12.692895543600903,0.0,0.0,0.0,0.0
0.0,12.705688620004166,0.0,0.0,0.0,0.0
0.0,12.711821963694376,0.0,0.0,0.0,0.0
0.0,12.729214820181816,0.0,0.0,0.0,0.0
0.0,12.742799968719073,0.0,0.0,0.0,0.0
0.0,12.749638177627702,0.0,0.0,0.0,0.0
0.0,12.76410887349425,0.0,0.0,0.0,0.0
0.0,12.774666878867633,0.0,0.0,0.0,0.0
0.0,12.781052873759807,0.0,0.0,0.0,0.0
0.0,12.78930644862674,0.0,0.0,0.0,0.0
0.0,12.795441851553802,0.0,0.0,0.0,0.0
0.0,12.801322188069737,0.0,0.0,0.0,0.0
0.0,12.807155398544117,0.0,0.0,0.0,0.0
0.0,12.812227145044748,0.0,0.0,0.0,0.0
0.0,12.81858861350651,0.0,0.0,0.0,0.0
0.0,12.825224463866528,0.0,0.0,0.0,0.0
0.0,12.832985758409906,0.0,0.0,0.0,0.0
0.0,12.837425216537302,0.0,0.0,0.0,0.0
0.0,12.842407301248528,0.0,0.0,0.0,0.0
0.0,12.853983863749626,0.0,0.0,0.0,0.0
0.0,12.867096456783724,0.0,0.0,0.0,0.0
0.0,12.884950610434204,0.0,0.0,0.0,0.0
0.0,12.89158147296525,0.0,0.0,0.0,0.0
0.0,12.89569803695749,0.0,0.0,0.0,0.0
0.0,12.900938270728789,0.0,0.0,0.0,0.0
0.0,12.905781789278352,0.0,0.0,0.0,0.0
0.0,12.909911278094835,0.0,0.0,0.0,0.0
0.0,12.914703457931383,0.0,0.0,0.0,0.0
0.0,12.927766520324473,0.0,0.0,0.0,0.0
0.0,12.932241526211019,0.0,0.0,0.0,0.0
0.0,12.936342501485484,0.0,0.0,0.0,0.0
0.0,12.942228700014732,0.0,0.0,0.0,0.0
0.0,12.94851848171468,0.0,0.0,0.0,0.0
0.0,12.95439844689526,0.0,0.0,0.0,0.0
0.0,12.96406036694384,0.0,0.0,0.0,0.0
0.0,12.975418494550055,0.0,0.0,0.0,0.0
0.0,12.989084860319727,0.0,0.0,0.0,0.0
0.0,13.002464468075063,0.0,0.0,0.0,0.0
0.0,13.013794468822582,0.0,0.0,0.0,0.0
0.0,13.018157614941899,0.0,0.0,0.0,0.0
0.0,13.022465533738751,0.0,0.0,0.0,0.0
0.0,13.02703446430585,0.0,0.0,0.0,0.0
0.0,13.029192286263477,0.0,0.0,0.0,0.0
0.0,13.032446125425196,0.0,0.0,0.0,0.0
0.0,13.03549297692256,0.0,0.0,0.0,0.0
0.0,13.035842690391263,0.0,0.0,0.0,0.0
0.0,13.036446593918846,0.0,0.0,0.0,0.0
0.0,13.040319257553504,0.0,0.0,0.0,0.0
0.0,13.043853439975857,0.0,0.0,0.0,0.0
0.0,13.046843276970016,0.0,0.0,0.0,0.0
0.0,13.045843353470023,0.0,0.0,0.0,0.0
0.0,13.04950539635226,0.0,0.0,0.0,0.0
0.0,13.052276169520068,0.0,0.0,0.0,0.0
0.0,13.055176707713695,0.0,0.0,0.0,0.0
0.0,13.058520925587867,0.0,0.0,0.0,0.0
0.0,13.062239306116473,0.0,0.0,0.0,0.0
0.0,13.064723132705282,0.0,0.0,0.0,0.0
0.0,13.067102789298715,0.0,0.0,0.0,0.0
0.0,13.07086225778493,0.0,0.0,0.0,0.0
0.0,13.074924910278025,0.0,0.0,0.0,0.0
0.0,13.077721408650763,0.0,0.0,0.0,0.0
0.0,13.079406593532319,0.0,0.0,0.0,0.0
0.0,13.08163306984177,0.0,0.0,0.0,0.0
0.0,13.084004894526828,0.0,0.0,0.0,0.0
0.0,13.086467210389566,0.0,0.0,0.0,0.0
0.0,13.088221799502321,0.0,0.0,0.0,0.0
0.0,13.089918547992433,0.0,0.0,0.0,0.0
0.0,13.092649903707068,0.0,0.0,0.0,0.0
0.0,13.095374526379429,0.0,0.0,0.0,0.0
0.0,13.099404268934764,0.0,0.0,0.0,0.0
0.0,13.103108003728153,0.0,0.0,0.0,0.0
0.0,13.106192509064018,0.0,0.0,0.0,0.0
0.0,13.110096307839143,0.0,0.0,0.0,0.0
0.0,13.114260853577402,0.0,0.0,0.0,0.0
0.0,13.118415952857482,0.0,0.0,0.0,0.0
0.0,13.122449588507378,0.0,0.0,0.0,0.0
0.0,13.12744775689853,0.0,0.0,0.0,0.0
0.0,13.133174859445784,0.0,0.0,0.0,0.0
0.0,13.139044416228689,0.0,0.0,0.0,0.0
0.0,13.14479564529353,0.0,0.0,0.0,0.0
0.0,13.154109725621998,0.0,0.0,0.0,0.0
0.0,13.1701551580417,0.0,0.0,0.0,0.0
0.0,13.17607481550605,0.0,0.0,0.0,0.0
0.0,13.181951217336698,0.0,0.0,0.0,0.0
0.0,13.18846325625356,0.0,0.0,0.0,0.0
0.0,13.20245704640339,0.0,0.0,0.0,0.0
0.0,13.221340605406123,0.0,0.0,0.0,0.0
0.0,13.234499888479741,0.0,0.0,0.0,0.0
0.0,13.255176752997437,0.0,0.0,0.0,0.0
0.0,13.271747222390948,0.0,0.0,0.0,0.0
0.0,13.290965131090461,0.0,0.0,0.0,0.0
0.0,13.302187388469664,0.0,0.0,0.0,0.0
0.0,13.309523640043052,0.0,0.0,0.0,0.0
0.0,13.316884686101112,0.0,0.0,0.0,0.0
0.0,13.324164894068547,0.0,0.0,0.0,0.0
0.0,13.341349732051787,0.0,0.0,0.0,0.0
0.0,13.354883605440007,0.0,0.0,0.0,0.0
0.0,13.361881886607868,0.0,0.0,0.0,0.0
0.0,13.372960969693455,0.0,0.0,0.0,0.0
0.0,13.380057154295278,0.0,0.0,0.0,0.0
0.0,13.38741973707646,0.0,0.0,0.0,0.0
0.0,13.394523828279778,0.0,0.0,0.0,0.0
0.0,13.401703490031856,0.0,0.0,0.0,0.0
0.0,13.409151920147682,0.0,0.0,0.0,0.0
0.0,13.416588501368162,0.0,0.0,0.0,0.0
0.0,13.42434253655773,0.0,0.0,0.0,0.0
0.0,13.433089471859901,0.0,0.0,0.0,0.0
0.0,13.441862399151361,0.0,0.0,0.0,0.0
0.0,13.45751514553738,0.0,0.0,0.0,0.0
0.0,13.473048719853399,0.0,0.0,0.0,0.0
0.0,13.481805669674973,0.0,0.0,0.0,0.0
0.0,13.48933947943382,0.0,0.0,0.0,0.0
0.0,13.4965499131674,0.0,0.0,0.0,0.0
0.0,13.50381430595666,0.0,0.0,0.0,0.0
0.0,13.5110050782068,0.0,0.0,0.0,0.0
0.0,13.518246131529093,0.0,0.0,0.0,0.0
0.0,13.525053547319256,0.0,0.0,0.0,0.0
0.0,13.53061888653292,0.0,0.0,0.0,0.0
0.0,13.536193269431552,0.0,0.0,0.0,0.0
0.0,13.541770787512345,0.0,0.0,0.0,0.0
0.0,13.54734582951752,0.0,0.0,0.0,0.0
0.0,13.552905693079015,0.0,0.0,0.0,0.0
0.0,13.558453894345924,0.0,0.0,0.0,0.0
0.0,13.564013915092142,0.0,0.0,0.0,0.0
0.0,13.572982991311463,0.0,0.0,0.0,0.0
0.0,13.585341900952024,0.0,0.0,0.0,0.0
0.0,13.594674720294972,0.0,0.0,0.0,0.0
0.0,13.600992286224907,0.0,0.0,0.0,0.0
0.0,13.607866342829295,0.0,0.0,0.0,0.0
0.0,13.614307560392199,0.0,0.0,0.0,0.0
0.0,13.621035533002265,0.0,0.0,0.0,0.0
0.0,13.627673666840554,0.0,0.0,0.0,0.0
0.0,13.634239513505431,0.0,0.0,0.0,0.0
0.0,13.641099377302849,0.0,0.0,0.0,0.0
0.0,13.647619352360445,0.0,0.0,0.0,0.0
0.0,13.654546776544699,0.0,0.0,0.0,0.0
0.0,13.662214642771564,0.0,0.0,0.0,0.0
0.0,13.670704290385979,0.0,0.0,0.0,0.0
0.0,13.678850345896741,0.0,0.0,0.0,0.0
0.0,13.700043050887468,0.0,0.0,0.0,0.0
0.0,13.72333199531215,0.0,0.0,0.0,0.0
0.0,13.753287437338114,0.0,0.0,0.0,0.0
0.0,13.768937919040798,0.0,0.0,0.0,0.0
0.0,13.79784312328146,0.0,0.0,0.0,0.0
0.0,13.813426875737434,0.0,0.0,0.0,0.0
0.0,13.829782228181756,0.0,0.0,0.0,0.0
0.0,13.848211676327244,0.0,0.0,0.0,0.0
0.0,13.856756483280076,0.0,0.0,0.0,0.0
0.0,13.871439417924039,0.0,0.0,0.0,0.0
0.0,13.880202998596724,0.0,0.0,0.0,0.0
0.0,13.900166214564365,0.0,0.0,0.0,0.0
0.0,13.908872116831946,0.0,0.0,0.0,0.0
0.0,13.922003903473092,0.0,0.0,0.0,0.0
0.0,13.951255779917147,0.0,0.0,0.0,0.0
0.0,13.970383350063141,0.0,0.0,0.0,0.0
0.0,13.989349571485432,0.0,0.0,0.0,0.0
0.0,14.004978702319429,0.0,0.0,0.0,0.0
0.0,14.011786864515182,0.0,0.0,0.0,0.0
0.0,14.024525068047662,0.0,0.0,0.0,0.0
0.0,14.029620170360769,0.0,0.0,0.0,0.0
0.0,14.03745736028282,0.0,0.0,0.0,0.0
0.0,14.042590211189264,0.0,0.0,0.0,0.0
0.0,14.047601819130312,0.0,0.0,0.0,0.0
0.0,14.049338100319572,0.0,0.0,0.0,0.0
0.0,14.050041423642686,0.0,0.0,0.0,0.0
0.0,14.050876236181013,0.0,0.0,0.0,0.0
0.0,14.062237595945222,0.0,0.0,0.0,0.0
0.0,14.078902897343896,0.0,0.0,0.0,0.0
0.0,14.088916688398394,0.0,0.0,0.0,0.0
0.0,14.102558962352516,0.0,0.0,0.0,0.0
0.0,14.10508962677822,0.0,0.0,0.0,0.0
0.0,14.112571451559871,0.0,0.0,0.0,0.0
0.0,14.12511652292275,0.0,0.0,0.0,0.0
0.0,14.137748438749773,0.0,0.0,0.0,0.0
0.0,14.147303211014652,0.0,0.0,0.0,0.0
0.0,14.152558733792333,0.0,0.0,0.0,0.0
0.0,14.152944234796546,0.0,0.0,0.0,0.0
0.0,14.158259711313574,0.0,0.0,0.0,0.0
0.0,14.166870482737721,0.0,0.0,0.0,0.0
0.0,14.172440036512295,0.0,0.0,0.0,0.0
0.0,14.173995271847032,0.0,0.0,0.0,0.0
0.0,14.175509740666913,0.0,0.0,0.0,0.0
0.0,14.177194435514552,0.0,0.0,0.0,0.0
0.0,14.178758654265309,0.0,0.0,0.0,0.0
0.0,14.180294504719098,0.0,0.0,0.0,0.0
0.0,14.18201106765659,0.0,0.0,0.0,0.0
0.0,14.18370840605298,0.0,0.0,0.0,0.0
0.0,14.185449457085127,0.0,0.0,0.0,0.0
0.0,14.187097734357595,0.0,0.0,0.0,0.0
0.0,14.188831425558883,0.0,0.0,0.0,0.0
0.0,14.19085927374277,0.0,0.0,0.0,0.0
0.0,14.19287244650729,0.0,0.0,0.0,0.0
0.0,14.203107582409904,0.0,0.0,0.0,0.0
0.0,14.20958238661677,0.0,0.0,0.0,0.0
0.0,14.219617383730512,0.0,0.0,0.0,0.0
0.0,14.22961459937279,0.0,0.0,0.0,0.0
0.0,14.23987974404869,0.0,0.0,0.0,0.0
0.0,14.253400256973464,0.0,0.0,0.0,0.0
0.0,14.260109566553309,0.0,0.0,0.0,0.0
0.0,14.272976964814374,0.0,0.0,0.0,0.0
0.0,14.28355016186584,0.0,0.0,0.0,0.0
0.0,14.290199353528163,0.0,0.0,0.0,0.0
0.0,14.297016189328568,0.0,0.0,0.0,0.0
0.0,14.311585706497567,0.0,0.0,0.0,0.0
0.0,14.318480669035077,0.0,0.0,0.0,0.0
0.0,14.329252323161082,0.0,0.0,0.0,0.0
0.0,14.345594775981779,0.0,0.0,0.0,0.0
0.0,14.358642548919685,0.0,0.0,0.0,0.0
0.0,14.376743386049169,0.0,0.0,0.0,0.0
0.0,14.381687733145046,0.0,0.0,0.0,0.0
0.0,14.383759471871548,0.0,0.0,0.0,0.0
0.0,14.384141045441899,0.0,0.0,0.0,0.0
0.0,14.384924909087903,0.0,0.0,0.0,0.0
0.0,14.390803756672026,0.0,0.0,0.0,0.0
0.0,14.396694609337155,0.0,0.0,0.0,0.0
0.0,14.398084610510708,0.0,0.0,0.0,0.0
0.0,14.401866271009105,0.0,0.0,0.0,0.0
0.0,14.407661531558523,0.0,0.0,0.0,0.0
0.0,14.414496235706716,0.0,0.0,0.0,0.0
0.0,14.421340159617998,0.0,0.0,0.0,0.0
0.0,14.427953408668944,0.0,0.0,0.0,0.0
0.0,14.43431083097577,0.0,0.0,0.0,0.0
0.0,14.441027192611879,0.0,0.0,0.0,0.0
0.0,14.44742218427392,0.0,0.0,0.0,0.0
0.0,14.453339900766771,0.0,0.0,0.0,0.0
0.0,14.45922888342491,0.0,0.0,0.0,0.0
0.0,14.466025661806105,0.0,0.0,0.0,0.0
0.0,14.472919341698807,0.0,0.0,0.0,0.0
0.0,14.479852502659202,0.0,0.0,0.0,0.0
0.0,14.486534974658722,0.0,0.0,0.0,0.0
0.0,14.493101570148358,0.0,0.0,0.0,0.0
0.0,14.499574704421024,0.0,0.0,0.0,0.0
0.0,14.506119870427087,0.0,0.0,0.0,0.0
0.0,14.512609842819975,0.0,0.0,0.0,0.0
0.0,14.519135131530227,0.0,0.0,0.0,0.0
0.0,14.525573679496707,0.0,0.0,0.0,0.0
0.0,14.5353573200568,0.0,0.0,0.0,0.0
0.0,14.541957601534849,0.0,0.0,0.0,0.0
0.0,14.549039806820371,0.0,0.0,0.0,0.0
0.0,14.555700092798327,0.0,0.0,0.0,0.0
0.0,14.571694130006863,0.0,0.0,0.0,0.0
0.0,14.582468441203865,0.0,0.0,0.0,0.0
0.0,14.591251472699227,0.0,0.0,0.0,0.0
0.0,14.604080002846926,0.0,0.0,0.0,0.0
0.0,14.61693646917533,0.0,0.0,0.0,0.0
0.0,14.62916022528516,0.0,0.0,0.0,0.0
0.0,14.643244225171525,0.0,0.0,0.0,0.0
0.0,14.65898407692469,0.0,0.0,0.0,0.0
0.0,14.667775172145017,0.0,0.0,0.0,0.0
0.0,14.674329832961337,0.0,0.0,0.0,0.0
0.0,14.681445777296538,0.0,0.0,0.0,0.0
0.0,14.68821214991954,0.0,0.0,0.0,0.0
0.0,14.69469576089322,0.0,0.0,0.0,0.0
0.0,14.70950446170939,0.0,0.0,0.0,0.0
0.0,14.71573178649128,0.0,0.0,0.0,0.0
0.0,14.722555261615975,0.0,0.0,0.0,0.0
0.0,14.729151139649794,0.0,0.0,0.0,0.0
0.0,14.7360201548561,0.0,0.0,0.0,0.0
0.0,14.742948365101203,0.0,0.0,0.0,0.0
0.0,14.74959343806671,0.0,0.0,0.0,0.0
0.0,14.759784694640818,0.0,0.0,0.0,0.0
0.0,14.77327743197045,0.0,0.0,0.0,0.0
0.0,14.784885541580941,0.0,0.0,0.0,0.0
0.0,14.789789040649103,0.0,0.0,0.0,0.0
0.0,14.795117612501237,0.0,0.0,0.0,0.0
0.0,14.800095727246267,0.0,0.0,0.0,0.0
0.0,14.804726108271936,0.0,0.0,0.0,0.0
0.0,14.810326911265589,0.0,0.0,0.0,0.0
0.0,14.814719292012512,0.0,0.0,0.0,0.0
0.0,14.819976669744293,0.0,0.0,0.0,0.0
0.0,14.824749865050894,0.0,0.0,0.0,0.0
0.0,14.829865684310578,0.0,0.0,0.0,0.0
0.0,14.835120444296788,0.0,0.0,0.0,0.0
0.0,14.840076204354661,0.0,0.0,0.0,0.0
0.0,14.850641464922797,0.0,0.0,0.0,0.0
0.0,14.863939490151282,0.0,0.0,0.0,0.0
0.0,14.87763410778998,0.0,0.0,0.0,0.0
0.0,14.884354509753935,0.0,0.0,0.0,0.0
0.0,14.891524513441132,0.0,0.0,0.0,0.0
0.0,14.898266978858612,0.0,0.0,0.0,0.0
0.0,14.905249398989376,0.0,0.0,0.0,0.0
0.0,14.912529908862064,0.0,0.0,0.0,0.0
0.0,14.919028072072004,0.0,0.0,0.0,0.0
0.0,14.92641050096932,0.0,0.0,0.0,0.0
0.0,14.941241827712298,0.0,0.0,0.0,0.0
0.0,14.94767277377998,0.0,0.0,0.0,0.0
0.0,14.955024578228402,0.0,0.0,0.0,0.0
0.0,14.961530947754135,0.0,0.0,0.0,0.0
0.0,14.968152344963329,0.0,0.0,0.0,0.0
0.0,14.975116207516399,0.0,0.0,0.0,0.0
0.0,14.982410778506454,0.0,0.0,0.0,0.0
0.0,14.98968207883602,0.0,0.0,0.0,0.0
0.0,14.998007020794857,0.0,0.0,0.0,0.0
0.0,14.998353685090233,0.0,0.0,0.0,0.0
0.0,14.995948746282385,0.0,0.0,0.0,0.0
0.0,14.993667707166578,0.0,0.0,0.0,0.0
0.0,14.994912756288988,0.0,0.0,0.0,0.0
0.0,14.998548870478979,0.0,0.0,0.0,0.0
0.0,15.002682358325519,0.0,0.0,0.0,0.0
0.0,15.006302225893416,0.0,0.0,0.0,0.0
0.0,15.010484409756945,0.0,0.0,0.0,0.0
0.0,15.01431984350908,0.0,0.0,0.0,0.0
0.0,15.01836772825497,0.0,0.0,0.0,0.0
0.0,15.022319699159322,0.0,0.0,0.0,0.0
0.0,15.026163694066918,0.0,0.0,0.0,0.0
0.0,15.030405239590424,0.0,0.0,0.0,0.0
0.0,15.03456249443182,0.0,0.0,0.0,0.0
0.0,15.04207729220019,0.0,0.0,0.0,0.0
0.0,15.048446585104479,0.0,0.0,0.0,0.0
0.0,15.051938854417239,0.0,0.0,0.0,0.0
0.0,15.053976757136907,0.0,0.0,0.0,0.0
0.0,15.055438266476527,0.0,0.0,0.0,0.0
0.0,15.056906692855588,0.0,0.0,0.0,0.0
0.0,15.058783102214708,0.0,0.0,0.0,0.0
0.0,15.060317206551636,0.0,0.0,0.0,0.0
0.0,15.062173723604547,0.0,0.0,0.0,0.0
0.0,15.063455350290194,0.0,0.0,0.0,0.0
0.0,15.065161086942755,0.0,0.0,0.0,0.0
0.0,15.066352370092655,0.0,0.0,0.0,0.0
0.0,15.068092882561064,0.0,0.0,0.0,0.0
0.0,15.069530226501811,0.0,0.0,0.0,0.0
0.0,15.081679235694121,0.0,0.0,0.0,0.0
0.0,15.089207774015101,0.0,0.0,0.0,0.0
0.0,15.104073959803355,0.0,0.0,0.0,0.0
0.0,15.105090902760985,0.0,0.0,0.0,0.0
0.0,15.11107496276022,0.0,0.0,0.0,0.0
0.0,15.11697621633942,0.0,0.0,0.0,0.0
0.0,15.129772722684853,0.0,0.0,0.0,0.0
0.0,15.13650853860367,0.0,0.0,0.0,0.0
0.0,15.15022260969107,0.0,0.0,0.0,0.0
0.0,15.154565959874493,0.0,0.0,0.0,0.0
0.0,15.158590572438957,0.0,0.0,0.0,0.0
0.0,15.162274425516335,0.0,0.0,0.0,0.0
0.0,15.166267543118819,0.0,0.0,0.0,0.0
0.0,15.170596901205956,0.0,0.0,0.0,0.0
0.0,15.174907915832163,0.0,0.0,0.0,0.0
0.0,15.179697103194144,0.0,0.0,0.0,0.0
0.0,15.184744809292757,0.0,0.0,0.0,0.0
0.0,15.189020516865341,0.0,0.0,0.0,0.0
0.0,15.193299748277209,0.0,0.0,0.0,0.0
0.0,15.197575291427857,0.0,0.0,0.0,0.0
0.0,15.200778653685408,0.0,0.0,0.0,0.0
0.0,15.202298475026883,0.0,0.0,0.0,0.0
0.0,15.203556427475382,0.0,0.0,0.0,0.0
0.0,15.206195345672567,0.0,0.0,0.0,0.0
0.0,15.216105534489525,0.0,0.0,0.0,0.0
0.0,15.229418061070517,0.0,0.0,0.0,0.0
0.0,15.232347444243183,0.0,0.0,0.0,0.0
0.0,15.236681511628435,0.0,0.0,0.0,0.0
0.0,15.241097309617173,0.0,0.0,0.0,0.0
0.0,15.245504406327074,0.0,0.0,0.0,0.0
0.0,15.249896490730737,0.0,0.0,0.0,0.0
0.0,15.254298619616844,0.0,0.0,0.0,0.0
0.0,15.258700721510051,0.0,0.0,0.0,0.0
0.0,15.263170336876863,0.0,0.0,0.0,0.0
0.0,15.26759886158068,0.0,0.0,0.0,0.0
0.0,15.271223437851448,0.0,0.0,0.0,0.0
0.0,15.273695538323219,0.0,0.0,0.0,0.0
0.0,15.275948388538607,0.0,0.0,0.0,0.0
0.0,15.278396941422567,0.0,0.0,0.0,0.0
0.0,15.2808509337903,0.0,0.0,0.0,0.0
0.0,15.283002557222941,0.0,0.0,0.0,0.0
0.0,15.285207375927786,0.0,0.0,0.0,0.0
0.0,15.287722468134444,0.0,0.0,0.0,0.0
0.0,15.29043072284631,0.0,0.0,0.0,0.0
0.0,15.293120334940799,0.0,0.0,0.0,0.0
0.0,15.295793413791852,0.0,0.0,0.0,0.0
0.0,15.298446603230854,0.0,0.0,0.0,0.0
0.0,15.301093374746616,0.0,0.0,0.0,0.0
0.0,15.303747492644291,0.0,0.0,0.0,0.0
0.0,15.306371189464292,0.0,0.0,0.0,0.0
0.0,15.3090280533369,0.0,0.0,0.0,0.0
0.0,15.31169462324849,0.0,0.0,0.0,0.0
0.0,15.314228037859003,0.0,0.0,0.0,0.0
0.0,15.316874758443095,0.0,0.0,0.0,0.0
0.0,15.318725508583578,0.0,0.0,0.0,0.0
0.0,15.320799860364593,0.0,0.0,0.0,0.0
0.0,15.318826615735096,0.0,0.0,0.0,0.0
0.0,15.316364443530547,0.0,0.0,0.0,0.0
0.0,15.313820663840856,0.0,0.0,0.0,0.0
0.0,15.3111572694221,0.0,0.0,0.0,0.0
0.0,15.309209731962527,0.0,0.0,0.0,0.0
0.0,15.306934400508192,0.0,0.0,0.0,0.0
0.0,15.304620091260205,0.0,0.0,0.0,0.0
0.0,15.301981471648055,0.0,0.0,0.0,0.0
0.0,15.299568747172646,0.0,0.0,0.0,0.0
0.0,15.297120520367939,0.0,0.0,0.0,0.0
0.0,15.297484951533646,0.0,0.0,0.0,0.0
0.0,15.298737564011441,0.0,0.0,0.0,0.0
0.0,15.299996021079389,0.0,0.0,0.0,0.0
0.0,15.301284491471018,0.0,0.0,0.0,0.0
0.0,15.302596417479528,0.0,0.0,0.0,0.0
0.0,15.303832605886043,0.0,0.0,0.0,0.0
0.0,15.305113109098205,0.0,0.0,0.0,0.0
0.0,15.306373817111172,0.0,0.0,0.0,0.0
0.0,15.307618121971462,0.0,0.0,0.0,0.0
0.0,15.308881440266932,0.0,0.0,0.0,0.0
0.0,15.310108590330632,0.0,0.0,0.0,0.0
0.0,15.312598399779349,0.0,0.0,0.0,0.0
0.0,15.31848928040269,0.0,0.0,0.0,0.0
0.0,15.32488756819013,0.0,0.0,0.0,0.0
0.0,15.327927541956914,0.0,0.0,0.0,0.0
0.0,15.331130825180782,0.0,0.0,0.0,0.0
0.0,15.334286467672149,0.0,0.0,0.0,0.0
0.0,15.337409961600668,0.0,0.0,0.0,0.0
0.0,15.340543348170241,0.0,0.0,0.0,0.0
0.0,15.343713199414157,0.0,0.0,0.0,0.0
0.0,15.346829954739306,0.0,0.0,0.0,0.0
0.0,15.351551779599212,0.0,0.0,0.0,0.0
0.0,15.358335578069543,0.0,0.0,0.0,0.0
0.0,15.36512585229258,0.0,0.0,0.0,0.0
0.0,15.371528340502243,0.0,0.0,0.0,0.0
0.0,15.375830174359846,0.0,0.0,0.0,0.0
0.0,15.374629673460584,0.0,0.0,0.0,0.0
0.0,15.378512940651392,0.0,0.0,0.0,0.0
0.0,15.385917912555342,0.0,0.0,0.0,0.0
0.0,15.39269732965604,0.0,0.0,0.0,0.0
0.0,15.399295887719395,0.0,0.0,0.0,0.0
0.0,15.405851213048283,0.0,0.0,0.0,0.0
0.0,15.406995079216712,0.0,0.0,0.0,0.0
0.0,15.411008461752632,0.0,0.0,0.0,0.0
0.0,15.41371185355735,0.0,0.0,0.0,0.0
0.0,15.419802287884663,0.0,0.0,0.0,0.0
0.0,15.426315295006066,0.0,0.0,0.0,0.0
0.0,15.432447953665186,0.0,0.0,0.0,0.0
0.0,15.439598471207459,0.0,0.0,0.0,0.0
0.0,15.446505591709526,0.0,0.0,0.0,0.0
0.0,15.453385311364618,0.0,0.0,0.0,0.0
0.0,15.461769246528961,0.0,0.0,0.0,0.0
0.0,15.4757518398677,0.0,0.0,0.0,0.0
0.0,15.485944562282171,0.0,0.0,0.0,0.0
0.0,15.492918461704273,0.0,0.0,0.0,0.0
0.0,15.49964159614551,0.0,0.0,0.0,0.0
0.0,15.50530330791229,0.0,0.0,0.0,0.0
0.0,15.508089049544976,0.0,0.0,0.0,0.0
0.0,15.512405919076263,0.0,0.0,0.0,0.0
0.0,15.516566977884553,0.0,0.0,0.0,0.0
0.0,15.520703618567026,0.0,0.0,0.0,0.0
0.0,15.52505616878125,0.0,0.0,0.0,0.0
0.0,15.52899761999599,0.0,0.0,0.0,0.0
0.0,15.533407035458776,0.0,0.0,0.0,0.0
0.0,15.537293849731547,0.0,0.0,0.0,0.0
0.0,15.541734058783748,0.0,0.0,0.0,0.0
0.0,15.545697858834313,0.0,0.0,0.0,0.0
0.0,15.561117685828458,0.0,0.0,0.0,0.0
0.0,15.570873809781013,0.0,0.0,0.0,0.0
0.0,15.586703414202868,0.0,0.0,0.0,0.0
0.0,15.600524804367366,0.0,0.0,0.0,0.0
0.0,15.61070539673408,0.0,0.0,0.0,0.0
0.0,15.61303083978813,0.0,0.0,0.0,0.0
0.0,15.61544293416324,0.0,0.0,0.0,0.0
0.0,15.617296705371732,0.0,0.0,0.0,0.0
0.0,15.619238062337304,0.0,0.0,0.0,0.0
0.0,15.621164827231713,0.0,0.0,0.0,0.0
0.0,15.622889042723926,0.0,0.0,0.0,0.0
0.0,15.625652531943059,0.0,0.0,0.0,0.0
0.0,15.627752323657608,0.0,0.0,0.0,0.0
0.0,15.630049746345245,0.0,0.0,0.0,0.0
0.0,15.63180624733353,0.0,0.0,0.0,0.0
0.0,15.633986575698806,0.0,0.0,0.0,0.0
0.0,15.636471807400296,0.0,0.0,0.0,0.0
0.0,15.640676758548738,0.0,0.0,0.0,0.0
0.0,15.644961129377004,0.0,0.0,0.0,0.0
0.0,15.649033781305222,0.0,0.0,0.0,0.0
0.0,15.653475084918643,0.0,0.0,0.0,0.0
0.0,15.657389779367556,0.0,0.0,0.0,0.0
0.0,15.66185798289597,0.0,0.0,0.0,0.0
0.0,15.664297629391582,0.0,0.0,0.0,0.0
0.0,15.666736743774566,0.0,0.0,0.0,0.0
0.0,15.669614973702497,0.0,0.0,0.0,0.0
0.0,15.673928416315842,0.0,0.0,0.0,0.0
0.0,15.678144254546336,0.0,0.0,0.0,0.0
0.0,15.682310345216953,0.0,0.0,0.0,0.0
0.0,15.68671478103703,0.0,0.0,0.0,0.0
0.0,15.69066476110715,0.0,0.0,0.0,0.0
0.0,15.695120413453411,0.0,0.0,0.0,0.0
0.0,15.69904738732912,0.0,0.0,0.0,0.0
0.0,15.703532177585341,0.0,0.0,0.0,0.0
0.0,15.707631765187209,0.0,0.0,0.0,0.0
0.0,15.711961538330915,0.0,0.0,0.0,0.0
0.0,15.716254323479426,0.0,0.0,0.0,0.0
0.0,15.720408033652332,0.0,0.0,0.0,0.0
0.0,15.72481300628563,0.0,0.0,0.0,0.0
0.0,15.72874855959945,0.0,0.0,0.0,0.0
0.0,15.733272364375036,0.0,0.0,0.0,0.0
0.0,15.737204786928624,0.0,0.0,0.0,0.0
0.0,15.741716646940045,0.0,0.0,0.0,0.0
0.0,15.745854663702,0.0,0.0,0.0,0.0
0.0,15.753916662460904,0.0,0.0,0.0,0.0
0.0,15.765829409814419,0.0,0.0,0.0,0.0
0.0,15.782663844150303,0.0,0.0,0.0,0.0
0.0,15.79451191332846,0.0,0.0,0.0,0.0
0.0,15.802698021754898,0.0,0.0,0.0,0.0
0.0,15.806922729623603,0.0,0.0,0.0,0.0
0.0,15.811495339823026,0.0,0.0,0.0,0.0
0.0,15.827217635810051,0.0,0.0,0.0,0.0
0.0,15.831531283307077,0.0,0.0,0.0,0.0
0.0,15.835733494812791,0.0,0.0,0.0,0.0
0.0,15.84028256123829,0.0,0.0,0.0,0.0
0.0,15.844653832505882,0.0,0.0,0.0,0.0
0.0,15.849093343496302,0.0,0.0,0.0,0.0
0.0,15.861461709724757,0.0,0.0,0.0,0.0
0.0,15.873901848215967,0.0,0.0,0.0,0.0
0.0,15.887637011178464,0.0,0.0,0.0,0.0
0.0,15.900106743674534,0.0,0.0,0.0,0.0
0.0,15.909961366264447,0.0,0.0,0.0,0.0
0.0,15.914718390175254,0.0,0.0,0.0,0.0
0.0,15.919516777964414,0.0,0.0,0.0,0.0
0.0,15.924348801255292,0.0,0.0,0.0,0.0
0.0,15.929268705306962,0.0,0.0,0.0,0.0
0.0,15.934274609008298,0.0,0.0,0.0,0.0
0.0,15.941514271953201,0.0,0.0,0.0,0.0
0.0,15.952278056766918,0.0,0.0,0.0,0.0
0.0,15.962834789233794,0.0,0.0,0.0,0.0
0.0,15.975274747918341,0.0,0.0,0.0,0.0
0.0,15.979179727909168,0.0,0.0,0.0,0.0
0.0,15.9828586574437,0.0,0.0,0.0,0.0
0.0,15.987015308696842,0.0,0.0,0.0,0.0
0.0,15.99061459461509,0.0,0.0,0.0,0.0
0.0,15.994575045440778,0.0,0.0,0.0,0.0
0.0,15.998359535440821,0.0,0.0,0.0,0.0
0.0,16.002094330119487,0.0,0.0,0.0,0.0
0.0,16.00600446175782,0.0,0.0,0.0,0.0
0.0,16.009716129179385,0.0,0.0,0.0,0.0
0.0,16.013339708374556,0.0,0.0,0.0,0.0
0.0,16.017005700923356,0.0,0.0,0.0,0.0
0.0,16.020725848300625,0.0,0.0,0.0,0.0
0.0,16.024315965546414,0.0,0.0,0.0,0.0
0.0,16.028333699210148,0.0,0.0,0.0,0.0
0.0,16.031993248640127,0.0,0.0,0.0,0.0
0.0,16.03687322792597,0.0,0.0,0.0,0.0
0.0,16.043311161103205,0.0,0.0,0.0,0.0
0.0,16.055903163139075,0.0,0.0,0.0,0.0
0.0,16.06912089649025,0.0,0.0,0.0,0.0
0.0,16.07400526165446,0.0,0.0,0.0,0.0
0.0,16.078922213436154,0.0,0.0,0.0,0.0
0.0,16.08380445092358,0.0,0.0,0.0,0.0
0.0,16.08869221646374,0.0,0.0,0.0,0.0
0.0,16.09360047105484,0.0,0.0,0.0,0.0
0.0,16.098348674345665,0.0,0.0,0.0,0.0
0.0,16.103077848287167,0.0,0.0,0.0,0.0
0.0,16.105898182657068,0.0,0.0,0.0,0.0
0.0,16.108904062550582,0.0,0.0,0.0,0.0
0.0,16.111718315079706,0.0,0.0,0.0,0.0
0.0,16.114576079109117,0.0,0.0,0.0,0.0
0.0,16.117570656776,0.0,0.0,0.0,0.0
0.0,16.120449424116945,0.0,0.0,0.0,0.0
0.0,16.123098086690945,0.0,0.0,0.0,0.0
0.0,16.12635667525024,0.0,0.0,0.0,0.0
0.0,16.129603095434938,0.0,0.0,0.0,0.0
0.0,16.132815556599358,0.0,0.0,0.0,0.0
0.0,16.137241229915624,0.0,0.0,0.0,0.0
0.0,16.14054653413704,0.0,0.0,0.0,0.0
0.0,16.14448077803503,0.0,0.0,0.0,0.0
0.0,16.149416790685123,0.0,0.0,0.0,0.0
0.0,16.158212990139347,0.0,0.0,0.0,0.0
0.0,16.163079485861328,0.0,0.0,0.0,0.0
0.0,16.175832080161094,0.0,0.0,0.0,0.0
0.0,16.190964201652896,0.0,0.0,0.0,0.0
0.0,16.20375820877173,0.0,0.0,0.0,0.0
0.0,16.20957037276492,0.0,0.0,0.0,0.0
0.0,16.214432772385354,0.0,0.0,0.0,0.0
0.0,16.22999683747749,0.0,0.0,0.0,0.0
0.0,16.247011517292318,0.0,0.0,0.0,0.0
0.0,16.25957766736188,0.0,0.0,0.0,0.0
0.0,16.264545607339986,0.0,0.0,0.0,0.0
0.0,16.269480480653936,0.0,0.0,0.0,0.0
0.0,16.274412129203558,0.0,0.0,0.0,0.0
0.0,16.279375071471957,0.0,0.0,0.0,0.0
0.0,16.284219343125844,0.0,0.0,0.0,0.0
0.0,16.289204063619323,0.0,0.0,0.0,0.0
0.0,16.294029703859792,0.0,0.0,0.0,0.0
0.0,16.297260797117662,0.0,0.0,0.0,0.0
0.0,16.30047170527495,0.0,0.0,0.0,0.0
0.0,16.30365252411059,0.0,0.0,0.0,0.0
0.0,16.30686415770024,0.0,0.0,0.0,0.0
0.0,16.310074946288637,0.0,0.0,0.0,0.0
0.0,16.321200648464252,0.0,0.0,0.0,0.0
0.0,16.332269468797193,0.0,0.0,0.0,0.0
0.0,16.336312420001807,0.0,0.0,0.0,0.0
0.0,16.33950639475752,0.0,0.0,0.0,0.0
0.0,16.342684124586793,0.0,0.0,0.0,0.0
0.0,16.345837914049522,0.0,0.0,0.0,0.0
0.0,16.34896359760004,0.0,0.0,0.0,0.0
0.0,16.352101298747804,0.0,0.0,0.0,0.0
0.0,16.353315419775786,0.0,0.0,0.0,0.0
0.0,16.356226907765738,0.0,0.0,0.0,0.0
0.0,16.3593916772771,0.0,0.0,0.0,0.0
0.0,16.36250966473304,0.0,0.0,0.0,0.0
0.0,16.365656486003463,0.0,0.0,0.0,0.0
0.0,16.368769212668454,0.0,0.0,0.0,0.0
0.0,16.37190174989131,0.0,0.0,0.0,0.0
0.0,16.375026343872968,0.0,0.0,0.0,0.0
0.0,16.378192500570048,0.0,0.0,0.0,0.0
0.0,16.381444339991138,0.0,0.0,0.0,0.0
0.0,16.385699178088714,0.0,0.0,0.0,0.0
0.0,16.390725590896203,0.0,0.0,0.0,0.0
0.0,16.395690623988664,0.0,0.0,0.0,0.0
0.0,16.40069215887948,0.0,0.0,0.0,0.0
0.0,16.40573713349995,0.0,0.0,0.0,0.0
0.0,16.410734310418206,0.0,0.0,0.0,0.0
0.0,16.41575843942696,0.0,0.0,0.0,0.0
0.0,16.420788758096204,0.0,0.0,0.0,0.0
0.0,16.425824596978778,0.0,0.0,0.0,0.0
0.0,16.43086037946564,0.0,0.0,0.0,0.0
0.0,16.43595436571392,0.0,0.0,0.0,0.0
0.0,16.44095254843757,0.0,0.0,0.0,0.0
0.0,16.44598658953762,0.0,0.0,0.0,0.0
0.0,16.450780943860398,0.0,0.0,0.0,0.0
0.0,16.454360384946106,0.0,0.0,0.0,0.0
0.0,16.469949689318167,0.0,0.0,0.0,0.0
0.0,16.477588385982042,0.0,0.0,0.0,0.0
0.0,16.481201208400858,0.0,0.0,0.0,0.0
0.0,16.484764770718105,0.0,0.0,0.0,0.0
0.0,16.488409881076908,0.0,0.0,0.0,0.0
0.0,16.491767776938353,0.0,0.0,0.0,0.0
0.0,16.49504790150312,0.0,0.0,0.0,0.0
0.0,16.497891515392677,0.0,0.0,0.0,0.0
0.0,16.501377125326794,0.0,0.0,0.0,0.0
0.0,16.50495335881467,0.0,0.0,0.0,0.0
0.0,16.508536378897396,0.0,0.0,0.0,0.0
0.0,16.512124625865418,0.0,0.0,0.0,0.0
0.0,16.51568173734736,0.0,0.0,0.0,0.0
0.0,16.518896294256418,0.0,0.0,0.0,0.0
0.0,16.5337639928639,0.0,0.0,0.0,0.0
0.0,16.54059390830188,0.0,0.0,0.0,0.0
0.0,16.5442482539485,0.0,0.0,0.0,0.0
0.0,16.54779613918471,0.0,0.0,0.0,0.0
0.0,16.551442203383182,0.0,0.0,0.0,0.0
0.0,16.55490220785345,0.0,0.0,0.0,0.0
0.0,16.55806793684928,0.0,0.0,0.0,0.0
0.0,16.561565774426867,0.0,0.0,0.0,0.0
0.0,16.564837377965937,0.0,0.0,0.0,0.0
0.0,16.568080665844107,0.0,0.0,0.0,0.0
0.0,16.57156091085866,0.0,0.0,0.0,0.0
0.0,16.575121333939247,0.0,0.0,0.0,0.0
0.0,16.578499782872765,0.0,0.0,0.0,0.0
0.0,16.581724246246445,0.0,0.0,0.0,0.0
0.0,16.59721931177233,0.0,0.0,0.0,0.0
0.0,16.603823267105895,0.0,0.0,0.0,0.0
0.0,16.607123936828263,0.0,0.0,0.0,0.0
0.0,16.610679110152383,0.0,0.0,0.0,0.0
0.0,16.614286345372474,0.0,0.0,0.0,0.0
0.0,16.61777474311512,0.0,0.0,0.0,0.0
0.0,16.62136824919769,0.0,0.0,0.0,0.0
0.0,16.626126782916725,0.0,0.0,0.0,0.0
0.0,16.631224355039027,0.0,0.0,0.0,0.0
0.0,16.634858238548617,0.0,0.0,0.0,0.0
0.0,16.638131212151798,0.0,0.0,0.0,0.0
0.0,16.64144211891357,0.0,0.0,0.0,0.0
0.0,16.64469320802472,0.0,0.0,0.0,0.0
0.0,16.647957216611914,0.0,0.0,0.0,0.0
0.0,16.65119053477083,0.0,0.0,0.0,0.0
0.0,16.657190574717625,0.0,0.0,0.0,0.0
0.0,16.66876691408728,0.0,0.0,0.0,0.0
0.0,16.680301291123897,0.0,0.0,0.0,0.0
0.0,16.69188387622029,0.0,0.0,0.0,0.0
0.0,16.700739239987037,0.0,0.0,0.0,0.0
0.0,16.70406564790025,0.0,0.0,0.0,0.0
0.0,16.707387219476608,0.0,0.0,0.0,0.0
0.0,16.71068140788715,0.0,0.0,0.0,0.0
0.0,16.714003832283943,0.0,0.0,0.0,0.0
0.0,16.717295802017883,0.0,0.0,0.0,0.0
0.0,16.725800998713677,0.0,0.0,0.0,0.0
0.0,16.735026246996544,0.0,0.0,0.0,0.0
0.0,16.74495138277141,0.0,0.0,0.0,0.0
0.0,16.75019277256792,0.0,0.0,0.0,0.0
0.0,16.755407579850164,0.0,0.0,0.0,0.0
0.0,16.760588119017072,0.0,0.0,0.0,0.0
0.0,16.766837781949903,0.0,0.0,0.0,0.0
0.0,16.772099176986373,0.0,0.0,0.0,0.0
0.0,16.777313441538197,0.0,0.0,0.0,0.0
0.0,16.78252601579651,0.0,0.0,0.0,0.0
0.0,16.787663921927262,0.0,0.0,0.0,0.0
0.0,16.792856360978366,0.0,0.0,0.0,0.0
0.0,16.798000015028762,0.0,0.0,0.0,0.0
0.0,16.80319050865105,0.0,0.0,0.0,0.0
0.0,16.808383116985734,0.0,0.0,0.0,0.0
0.0,16.81340308736978,0.0,0.0,0.0,0.0
0.0,16.818524559039897,0.0,0.0,0.0,0.0
0.0,16.82363753305237,0.0,0.0,0.0,0.0
0.0,16.835867813158266,0.0,0.0,0.0,0.0
0.0,16.841012530140436,0.0,0.0,0.0,0.0
0.0,16.846191836217514,0.0,0.0,0.0,0.0
0.0,16.851441191170014,0.0,0.0,0.0,0.0
0.0,16.856672433410107,0.0,0.0,0.0,0.0
0.0,16.861927346383577,0.0,0.0,0.0,0.0
0.0,16.86710903414313,0.0,0.0,0.0,0.0
0.0,16.872327982103364,0.0,0.0,0.0,0.0
0.0,16.87757440091698,0.0,0.0,0.0,0.0
0.0,16.882823516885853,0.0,0.0,0.0,0.0
0.0,16.888002413864402,0.0,0.0,0.0,0.0
0.0,16.893268558115736,0.0,0.0,0.0,0.0
0.0,16.900831479744905,0.0,0.0,0.0,0.0
0.0,16.908577658568603,0.0,0.0,0.0,0.0
0.0,16.916425849306897,0.0,0.0,0.0,0.0
0.0,16.931264077999412,0.0,0.0,0.0,0.0
0.0,16.93914250367943,0.0,0.0,0.0,0.0
0.0,16.946958458032444,0.0,0.0,0.0,0.0
0.0,16.95472131871747,0.0,0.0,0.0,0.0
0.0,16.96257528500754,0.0,0.0,0.0,0.0
0.0,16.970388701210126,0.0,0.0,0.0,0.0
0.0,16.978184443267175,0.0,0.0,0.0,0.0
0.0,16.98599922562387,0.0,0.0,0.0,0.0
0.0,16.99384790314591,0.0,0.0,0.0,0.0
0.0,17.001696089715292,0.0,0.0,0.0,0.0
0.0,17.00940173847488,0.0,0.0,0.0,0.0
0.0,17.017234335518662,0.0,0.0,0.0,0.0
0.0,17.025007220958276,0.0,0.0,0.0,0.0
0.0,17.032829943022143,0.0,0.0,0.0,0.0
0.0,17.04071937453144,0.0,0.0,0.0,0.0
0.0,17.05678794176104,0.0,0.0,0.0,0.0
0.0,17.069258209151485,0.0,0.0,0.0,0.0
0.0,17.080243368472438,0.0,0.0,0.0,0.0
0.0,17.099042222558584,0.0,0.0,0.0,0.0
0.0,17.116490647644596,0.0,0.0,0.0,0.0
0.0,17.134035352081185,0.0,0.0,0.0,0.0
0.0,17.150850318867278,0.0,0.0,0.0,0.0
0.0,17.16576288572943,0.0,0.0,0.0,0.0
0.0,17.179795884376077,0.0,0.0,0.0,0.0
0.0,17.194781559183994,0.0,0.0,0.0,0.0
0.0,17.20627333784581,0.0,0.0,0.0,0.0
0.0,17.212650161986527,0.0,0.0,0.0,0.0
0.0,17.21864858066565,0.0,0.0,0.0,0.0
0.0,17.22502902145603,0.0,0.0,0.0,0.0
0.0,17.231605393928753,0.0,0.0,0.0,0.0
0.0,17.238974567298904,0.0,0.0,0.0,0.0
0.0,17.246506000641425,0.0,0.0,0.0,0.0
0.0,17.25401294800757,0.0,0.0,0.0,0.0
0.0,17.261332765657777,0.0,0.0,0.0,0.0
0.0,17.271626405956145,0.0,0.0,0.0,0.0
0.0,17.28889060908712,0.0,0.0,0.0,0.0
0.0,17.298015377004187,0.0,0.0,0.0,0.0
0.0,17.307080355536293,0.0,0.0,0.0,0.0
0.0,17.316117499406566,0.0,0.0,0.0,0.0
0.0,17.32511557660866,0.0,0.0,0.0,0.0
0.0,17.33416997566072,0.0,0.0,0.0,0.0
0.0,17.343206785592127,0.0,0.0,0.0,0.0
0.0,17.352257236484828,0.0,0.0,0.0,0.0
0.0,17.361242203406057,0.0,0.0,0.0,0.0
0.0,17.370285733743078,0.0,0.0,0.0,0.0
0.0,17.379305446181004,0.0,0.0,0.0,0.0
0.0,17.388361286451488,0.0,0.0,0.0,0.0
0.0,17.397240845412878,0.0,0.0,0.0,0.0
0.0,17.40602922747303,0.0,0.0,0.0,0.0
0.0,17.415104380421816,0.0,0.0,0.0,0.0
0.0,17.42435237093627,0.0,0.0,0.0,0.0
0.0,17.433576210704377,0.0,0.0,0.0,0.0
0.0,17.442748914471828,0.0,0.0,0.0,0.0
0.0,17.451920942012865,0.0,0.0,0.0,0.0
0.0,17.460997167868168,0.0,0.0,0.0,0.0
0.0,17.470334003457065,0.0,0.0,0.0,0.0
0.0,17.47960276657698,0.0,0.0,0.0,0.0
0.0,17.488916797452056,0.0,0.0,0.0,0.0
0.0,17.498305528413006,0.0,0.0,0.0,0.0
0.0,17.507700913765078,0.0,0.0,0.0,0.0
0.0,17.517054675527543,0.0,0.0,0.0,0.0
0.0,17.52637309291059,0.0,0.0,0.0,0.0
0.0,17.535657468612694,0.0,0.0,0.0,0.0
0.0,17.54509852115058,0.0,0.0,0.0,0.0
0.0,17.554404428506842,0.0,0.0,0.0,0.0
0.0,17.56375281491818,0.0,0.0,0.0,0.0
0.0,17.573112109524253,0.0,0.0,0.0,0.0
0.0,17.582445841082123,0.0,0.0,0.0,0.0
0.0,17.591737003176,0.0,0.0,0.0,0.0
0.0,17.6009682731957,0.0,0.0,0.0,0.0
0.0,17.61024904337682,0.0,0.0,0.0,0.0
0.0,17.61959191909562,0.0,0.0,0.0,0.0
0.0,17.628904251424313,0.0,0.0,0.0,0.0
0.0,17.63818448362599,0.0,0.0,0.0,0.0
0.0,17.651023440053955,0.0,0.0,0.0,0.0
0.0,17.668534107931823,0.0,0.0,0.0,0.0
0.0,17.676652068242806,0.0,0.0,0.0,0.0
0.0,17.68425936957328,0.0,0.0,0.0,0.0
0.0,17.700189870595914,0.0,0.0,0.0,0.0
0.0,17.713479132230113,0.0,0.0,0.0,0.0
0.0,17.720535942135765,0.0,0.0,0.0,0.0
0.0,17.735792233048148,0.0,0.0,0.0,0.0
0.0,17.75086148241785,0.0,0.0,0.0,0.0
0.0,17.757236683387134,0.0,0.0,0.0,0.0
0.0,17.762523152284096,0.0,0.0,0.0,0.0
0.0,17.766414686462934,0.0,0.0,0.0,0.0
0.0,17.771697995125404,0.0,0.0,0.0,0.0
0.0,17.776996807036497,0.0,0.0,0.0,0.0
0.0,17.78230598459386,0.0,0.0,0.0,0.0
0.0,17.786135979021637,0.0,0.0,0.0,0.0
0.0,17.791411695636445,0.0,0.0,0.0,0.0
0.0,17.79486655207843,0.0,0.0,0.0,0.0
0.0,17.79732794971711,0.0,0.0,0.0,0.0
0.0,17.799758330976946,0.0,0.0,0.0,0.0
0.0,17.798005469033257,0.0,0.0,0.0,0.0
0.0,17.795208000275235,0.0,0.0,0.0,0.0
0.0,17.7946198495905,0.0,0.0,0.0,0.0
0.0,17.79306834681302,0.0,0.0,0.0,0.0
0.0,17.79538276731193,0.0,0.0,0.0,0.0
0.0,17.79776658922182,0.0,0.0,0.0,0.0
0.0,17.79702330782694,0.0,0.0,0.0,0.0
0.0,17.799123880034767,0.0,0.0,0.0,0.0
0.0,17.800265744284218,0.0,0.0,0.0,0.0
0.0,17.80106497427774,0.0,0.0,0.0,0.0
0.0,17.80013883595949,0.0,0.0,0.0,0.0
0.0,17.79616562120977,0.0,0.0,0.0,0.0
0.0,17.797790428159775,0.0,0.0,0.0,0.0
0.0,17.800657083219978,0.0,0.0,0.0,0.0
0.0,17.802323567362162,0.0,0.0,0.0,0.0
0.0,17.8050399712602,0.0,0.0,0.0,0.0
0.0,17.807721647865083,0.0,0.0,0.0,0.0
0.0,17.810560502063357,0.0,0.0,0.0,0.0
0.0,17.8140488934426,0.0,0.0,0.0,0.0
0.0,17.81755405625968,0.0,0.0,0.0,0.0
0.0,17.82105958057333,0.0,0.0,0.0,0.0
0.0,17.82454551695374,0.0,0.0,0.0,0.0
0.0,17.828049884382008,0.0,0.0,0.0,0.0
0.0,17.831646948637758,0.0,0.0,0.0,0.0
0.0,17.835129941836676,0.0,0.0,0.0,0.0
0.0,17.83871835934,0.0,0.0,0.0,0.0
0.0,17.842437302478896,0.0,0.0,0.0,0.0
0.0,17.846445455573964,0.0,0.0,0.0,0.0
0.0,17.850852492872054,0.0,0.0,0.0,0.0
0.0,17.85464348638833,0.0,0.0,0.0,0.0
0.0,17.858708902254083,0.0,0.0,0.0,0.0
0.0,17.86231050229241,0.0,0.0,0.0,0.0
0.0,17.86653207695883,0.0,0.0,0.0,0.0
0.0,17.869943460611502,0.0,0.0,0.0,0.0
0.0,17.87445447524389,0.0,0.0,0.0,0.0
0.0,17.878205760442558,0.0,0.0,0.0,0.0
0.0,17.881707692858335,0.0,0.0,0.0,0.0
0.0,17.88597958494926,0.0,0.0,0.0,0.0
0.0,17.889327091430385,0.0,0.0,0.0,0.0
0.0,17.892576245938212,0.0,0.0,0.0,0.0
0.0,17.902127208176086,0.0,0.0,0.0,0.0
0.0,17.91238262868676,0.0,0.0,0.0,0.0
0.0,17.920382475181672,0.0,0.0,0.0,0.0
0.0,17.924111070360368,0.0,0.0,0.0,0.0
0.0,17.92778021590429,0.0,0.0,0.0,0.0
0.0,17.931482923508035,0.0,0.0,0.0,0.0
0.0,17.934613528825643,0.0,0.0,0.0,0.0
0.0,17.93731210214464,0.0,0.0,0.0,0.0
0.0,17.940814587936337,0.0,0.0,0.0,0.0
0.0,17.945651135707216,0.0,0.0,0.0,0.0
0.0,17.948885167319723,0.0,0.0,0.0,0.0
0.0,17.95302387511875,0.0,0.0,0.0,0.0
0.0,17.95632433403378,0.0,0.0,0.0,0.0
0.0,17.960716997275597,0.0,0.0,0.0,0.0
0.0,17.964310643491203,0.0,0.0,0.0,0.0
0.0,17.96872038042294,0.0,0.0,0.0,0.0
0.0,17.972635086057743,0.0,0.0,0.0,0.0
0.0,17.97656953259156,0.0,0.0,0.0,0.0
0.0,17.98026534476928,0.0,0.0,0.0,0.0
0.0,17.984285459968916,0.0,0.0,0.0,0.0
0.0,17.98747940904404,0.0,0.0,0.0,0.0
0.0,17.990721342525354,0.0,0.0,0.0,0.0
0.0,17.99187637378096,0.0,0.0,0.0,0.0
0.0,17.994267839770245,0.0,0.0,0.0,0.0
0.0,17.995828082626264,0.0,0.0,0.0,0.0
0.0,18.0003453147589,0.0,0.0,0.0,0.0
0.0,18.002402468506116,0.0,0.0,0.0,0.0
0.0,18.002828452173542,0.0,0.0,0.0,0.0
0.0,18.002809817653347,0.0,0.0,0.0,0.0
0.0,18.00211328398049,0.0,0.0,0.0,0.0
0.0,18.00266357422665,0.0,0.0,0.0,0.0
0.0,18.003979000620625,0.0,0.0,0.0,0.0
0.0,18.003410870917676,0.0,0.0,0.0,0.0
0.0,18.003965070981227,0.0,0.0,0.0,0.0
0.0,18.005307362034657,0.0,0.0,0.0,0.0
0.0,18.0048741794059,0.0,0.0,0.0,0.0
0.0,18.010799758448634,0.0,0.0,0.0,0.0
0.0,18.019114787800504,0.0,0.0,0.0,0.0
0.0,18.028418358221355,0.0,0.0,0.0,0.0
0.0,18.0392257339768,0.0,0.0,0.0,0.0
0.0,18.05381935911971,0.0,0.0,0.0,0.0
0.0,18.05875036040799,0.0,0.0,0.0,0.0
0.0,18.063556913062897,0.0,0.0,0.0,0.0
0.0,18.068626305401867,0.0,0.0,0.0,0.0
0.0,18.072397887797184,0.0,0.0,0.0,0.0
0.0,18.076784138037528,0.0,0.0,0.0,0.0
0.0,18.08133336190956,0.0,0.0,0.0,0.0
0.0,18.084939492029537,0.0,0.0,0.0,0.0
0.0,18.088641606729745,0.0,0.0,0.0,0.0
0.0,18.09378074644432,0.0,0.0,0.0,0.0
0.0,18.09736555873202,0.0,0.0,0.0,0.0
0.0,18.100944742022648,0.0,0.0,0.0,0.0
0.0,18.10487389591946,0.0,0.0,0.0,0.0
0.0,18.111188129642894,0.0,0.0,0.0,0.0
0.0,18.116775789098327,0.0,0.0,0.0,0.0
0.0,18.122663887337566,0.0,0.0,0.0,0.0
0.0,18.12968933844658,0.0,0.0,0.0,0.0
0.0,18.14041366702911,0.0,0.0,0.0,0.0
0.0,18.156043951024948,0.0,0.0,0.0,0.0
0.0,18.167086939946117,0.0,0.0,0.0,0.0
0.0,18.18188391878121,0.0,0.0,0.0,0.0
0.0,18.18714077926925,0.0,0.0,0.0,0.0
0.0,18.190458828451426,0.0,0.0,0.0,0.0
0.0,18.193841510082304,0.0,0.0,0.0,0.0
0.0,18.196632023732473,0.0,0.0,0.0,0.0
0.0,18.203056528354697,0.0,0.0,0.0,0.0
0.0,18.204048576352154,0.0,0.0,0.0,0.0
0.0,18.21976514107918,0.0,0.0,0.0,0.0
0.0,18.240680034579203,0.0,0.0,0.0,0.0
0.0,18.267911956470048,0.0,0.0,0.0,0.0
0.0,18.289039225486913,0.0,0.0,0.0,0.0
0.0,18.295231192555992,0.0,0.0,0.0,0.0
0.0,18.30096269844104,0.0,0.0,0.0,0.0
0.0,18.31930886823702,0.0,0.0,0.0,0.0
0.0,18.33858717250567,0.0,0.0,0.0,0.0
0.0,18.3476421608982,0.0,0.0,0.0,0.0
0.0,18.361221035388436,0.0,0.0,0.0,0.0
0.0,18.3696123193295,0.0,0.0,0.0,0.0
0.0,18.37609415555419,0.0,0.0,0.0,0.0
0.0,18.383332247103496,0.0,0.0,0.0,0.0
0.0,18.389707078493807,0.0,0.0,0.0,0.0
0.0,18.395571082332676,0.0,0.0,0.0,0.0
0.0,18.401873599781183,0.0,0.0,0.0,0.0
0.0,18.408380387621136,0.0,0.0,0.0,0.0
0.0,18.41330800662341,0.0,0.0,0.0,0.0
0.0,18.419226904236716,0.0,0.0,0.0,0.0
0.0,18.42486191471258,0.0,0.0,0.0,0.0
0.0,18.430144020944113,0.0,0.0,0.0,0.0
0.0,18.436744100755764,0.0,0.0,0.0,0.0
0.0,18.443495193944564,0.0,0.0,0.0,0.0
0.0,18.45024917186859,0.0,0.0,0.0,0.0
0.0,18.462376839110433,0.0,0.0,0.0,0.0
0.0,18.471183733558046,0.0,0.0,0.0,0.0
0.0,18.48217967556245,0.0,0.0,0.0,0.0
0.0,18.493925220515408,0.0,0.0,0.0,0.0
0.0,18.503031962795838,0.0,0.0,0.0,0.0
0.0,18.508787172603142,0.0,0.0,0.0,0.0
0.0,18.51472138068,0.0,0.0,0.0,0.0
0.0,18.51787263473759,0.0,0.0,0.0,0.0
0.0,18.51847186918516,0.0,0.0,0.0,0.0
0.0,18.521477753949657,0.0,0.0,0.0,0.0
0.0,18.52419700713026,0.0,0.0,0.0,0.0
0.0,18.536128604684873,0.0,0.0,0.0,0.0
0.0,18.546699340291084,0.0,0.0,0.0,0.0
0.0,18.558204358039383,0.0,0.0,0.0,0.0
0.0,18.56635085718717,0.0,0.0,0.0,0.0
0.0,18.569195495106598,0.0,0.0,0.0,0.0
0.0,18.57258758341717,0.0,0.0,0.0,0.0
0.0,18.577819422335434,0.0,0.0,0.0,0.0
0.0,18.578467486269805,0.0,0.0,0.0,0.0
0.0,18.580295656170335,0.0,0.0,0.0,0.0
0.0,18.585548873705417,0.0,0.0,0.0,0.0
0.0,18.589788757134215,0.0,0.0,0.0,0.0
0.0,18.593981252721708,0.0,0.0,0.0,0.0
0.0,18.598405994054684,0.0,0.0,0.0,0.0
0.0,18.603246204517273,0.0,0.0,0.0,0.0
0.0,18.608376660801323,0.0,0.0,0.0,0.0
0.0,18.61649561165475,0.0,0.0,0.0,0.0
0.0,18.6236732608195,0.0,0.0,0.0,0.0
0.0,18.642065253013165,0.0,0.0,0.0,0.0
0.0,18.651785892063117,0.0,0.0,0.0,0.0
0.0,18.66769332185256,0.0,0.0,0.0,0.0
0.0,18.677585439599916,0.0,0.0,0.0,0.0
0.0,18.690072819688787,0.0,0.0,0.0,0.0
0.0,18.704802862880424,0.0,0.0,0.0,0.0
0.0,18.713871766433225,0.0,0.0,0.0,0.0
0.0,18.720508673986426,0.0,0.0,0.0,0.0
0.0,18.740206016847367,0.0,0.0,0.0,0.0
0.0,18.755474704326158,0.0,0.0,0.0,0.0
0.0,18.773054178666357,0.0,0.0,0.0,0.0
0.0,18.789474287611622,0.0,0.0,0.0,0.0
0.0,18.807155160495657,0.0,0.0,0.0,0.0
0.0,18.814454291017192,0.0,0.0,0.0,0.0
0.0,18.829863181129344,0.0,0.0,0.0,0.0
0.0,18.840720932987118,0.0,0.0,0.0,0.0
0.0,18.84724568118549,0.0,0.0,0.0,0.0
0.0,18.854220528301912,0.0,0.0,0.0,0.0
0.0,18.86102039529893,0.0,0.0,0.0,0.0
0.0,18.868526511024932,0.0,0.0,0.0,0.0
0.0,18.876031076225914,0.0,0.0,0.0,0.0
0.0,18.881940542615798,0.0,0.0,0.0,0.0
0.0,18.887257655664314,0.0,0.0,0.0,0.0
0.0,18.89260031708246,0.0,0.0,0.0,0.0
0.0,18.898518177264858,0.0,0.0,0.0,0.0
0.0,18.90562062142327,0.0,0.0,0.0,0.0
0.0,18.913160204614595,0.0,0.0,0.0,0.0
0.0,18.919864668210188,0.0,0.0,0.0,0.0
0.0,18.933847844739088,0.0,0.0,0.0,0.0
0.0,18.94857316844564,0.0,0.0,0.0,0.0
0.0,18.955084360278295,0.0,0.0,0.0,0.0
0.0,18.964562552213394,0.0,0.0,0.0,0.0
0.0,18.979196627804303,0.0,0.0,0.0,0.0
0.0,18.9865044376558,0.0,0.0,0.0,0.0
0.0,18.99266322928474,0.0,0.0,0.0,0.0
0.0,18.998773294000728,0.0,0.0,0.0,0.0
0.0,19.004884943179707,0.0,0.0,0.0,0.0
0.0,19.01097141495388,0.0,0.0,0.0,0.0
0.0,19.016764585856478,0.0,0.0,0.0,0.0
0.0,19.02339693111536,0.0,0.0,0.0,0.0
0.0,19.030109280493814,0.0,0.0,0.0,0.0
0.0,19.0373368638111,0.0,0.0,0.0,0.0
0.0,19.050610351758063,0.0,0.0,0.0,0.0
0.0,19.064205238194173,0.0,0.0,0.0,0.0
0.0,19.070674104830918,0.0,0.0,0.0,0.0
0.0,19.07427709957204,0.0,0.0,0.0,0.0
0.0,19.076503170507888,0.0,0.0,0.0,0.0
0.0,19.075885607142666,0.0,0.0,0.0,0.0
0.0,19.077245699366372,0.0,0.0,0.0,0.0
0.0,19.07848997359337,0.0,0.0,0.0,0.0
0.0,19.08142000020914,0.0,0.0,0.0,0.0
0.0,19.09014971336162,0.0,0.0,0.0,0.0
0.0,19.100508848872813,0.0,0.0,0.0,0.0
0.0,19.110024611430745,0.0,0.0,0.0,0.0
0.0,19.11610891965068,0.0,0.0,0.0,0.0
0.0,19.116029168712856,0.0,0.0,0.0,0.0
0.0,19.116358733560812,0.0,0.0,0.0,0.0
0.0,19.115758177902432,0.0,0.0,0.0,0.0
0.0,19.117491012238588,0.0,0.0,0.0,0.0
0.0,19.119468726223115,0.0,0.0,0.0,0.0
0.0,19.123698827727793,0.0,0.0,0.0,0.0
0.0,19.12797043399852,0.0,0.0,0.0,0.0
0.0,19.133370326339943,0.0,0.0,0.0,0.0
0.0,19.13829642135161,0.0,0.0,0.0,0.0
0.0,19.149393086656946,0.0,0.0,0.0,0.0
0.0,19.159560999713687,0.0,0.0,0.0,0.0
0.0,19.166168046269323,0.0,0.0,0.0,0.0
0.0,19.170758598214977,0.0,0.0,0.0,0.0
0.0,19.176501380839834,0.0,0.0,0.0,0.0
0.0,19.18770301771368,0.0,0.0,0.0,0.0
0.0,19.198745823398838,0.0,0.0,0.0,0.0
0.0,19.203656558034012,0.0,0.0,0.0,0.0
0.0,19.207728928857165,0.0,0.0,0.0,0.0
0.0,19.21197502820767,0.0,0.0,0.0,0.0
0.0,19.217121632558346,0.0,0.0,0.0,0.0
0.0,19.222758013783473,0.0,0.0,0.0,0.0
0.0,19.227779582625768,0.0,0.0,0.0,0.0
0.0,19.232494608273612,0.0,0.0,0.0,0.0
0.0,19.237475216507914,0.0,0.0,0.0,0.0
0.0,19.2478293750887,0.0,0.0,0.0,0.0
0.0,19.25778025131945,0.0,0.0,0.0,0.0
0.0,19.26696103105872,0.0,0.0,0.0,0.0
0.0,19.272928402316946,0.0,0.0,0.0,0.0
0.0,19.27864182790794,0.0,0.0,0.0,0.0
0.0,19.282064763343225,0.0,0.0,0.0,0.0
0.0,19.284178810047315,0.0,0.0,0.0,0.0
0.0,19.287009794952443,0.0,0.0,0.0,0.0
0.0,19.291501102850887,0.0,0.0,0.0,0.0
0.0,19.30727396237112,0.0,0.0,0.0,0.0
0.0,19.319882445882616,0.0,0.0,0.0,0.0
0.0,19.33983619062103,0.0,0.0,0.0,0.0
0.0,19.348449665132623,0.0,0.0,0.0,0.0
0.0,19.36417692056809,0.0,0.0,0.0,0.0
0.0,19.37390291031952,0.0,0.0,0.0,0.0
0.0,19.37930717566039,0.0,0.0,0.0,0.0
0.0,19.38487072427941,0.0,0.0,0.0,0.0
0.0,19.389206005882585,0.0,0.0,0.0,0.0
0.0,19.39684597027725,0.0,0.0,0.0,0.0
0.0,19.407388844187913,0.0,0.0,0.0,0.0
0.0,19.417771171214767,0.0,0.0,0.0,0.0
0.0,19.42789620168183,0.0,0.0,0.0,0.0
0.0,19.427148804708583,0.0,0.0,0.0,0.0
0.0,19.428707386150904,0.0,0.0,0.0,0.0
0.0,19.438548677562572,0.0,0.0,0.0,0.0
0.0,19.455861125929207,0.0,0.0,0.0,0.0
0.0,19.47153343507827,0.0,0.0,0.0,0.0
0.0,19.478969553361026,0.0,0.0,0.0,0.0
0.0,19.492096452292166,0.0,0.0,0.0,0.0
0.0,19.500649104689046,0.0,0.0,0.0,0.0
0.0,19.504574892638562,0.0,0.0,0.0,0.0
0.0,19.50816847796683,0.0,0.0,0.0,0.0
0.0,19.511260591044056,0.0,0.0,0.0,0.0
0.0,19.51431473340438,0.0,0.0,0.0,0.0
0.0,19.517297328942632,0.0,0.0,0.0,0.0
0.0,19.52025990075123,0.0,0.0,0.0,0.0
0.0,19.523063931046284,0.0,0.0,0.0,0.0
0.0,19.523413559409356,0.0,0.0,0.0,0.0
0.0,19.52611406680174,0.0,0.0,0.0,0.0
0.0,19.529945954521487,0.0,0.0,0.0,0.0
0.0,19.53460031121857,0.0,0.0,0.0,0.0
0.0,19.5393406736973,0.0,0.0,0.0,0.0
0.0,19.543933738399456,0.0,0.0,0.0,0.0
0.0,19.548113096282894,0.0,0.0,0.0,0.0
0.0,19.55001523997049,0.0,0.0,0.0,0.0
0.0,19.551982495923188,0.0,0.0,0.0,0.0
0.0,19.553826450146172,0.0,0.0,0.0,0.0
0.0,19.560935824340813,0.0,0.0,0.0,0.0
0.0,19.564798134804246,0.0,0.0,0.0,0.0
0.0,19.56868364397071,0.0,0.0,0.0,0.0
0.0,19.572540774774804,0.0,0.0,0.0,0.0
0.0,19.582656264981658,0.0,0.0,0.0,0.0
0.0,19.598957205725778,0.0,0.0,0.0,0.0
0.0,19.602801586018405,0.0,0.0,0.0,0.0
0.0,19.59635968507888,0.0,0.0,0.0,0.0
0.0,19.592219918276264,0.0,0.0,0.0,0.0
0.0,19.597104935677006,0.0,0.0,0.0,0.0
0.0,19.611797540399184,0.0,0.0,0.0,0.0
0.0,19.61847897221879,0.0,0.0,0.0,0.0
0.0,19.622283904866016,0.0,0.0,0.0,0.0
0.0,19.62869686350259,0.0,0.0,0.0,0.0
0.0,19.625821107813895,0.0,0.0,0.0,0.0
0.0,19.625063499125023,0.0,0.0,0.0,0.0
0.0,19.625749058963383,0.0,0.0,0.0,0.0
0.0,19.628978384734964,0.0,0.0,0.0,0.0
0.0,19.632555385087286,0.0,0.0,0.0,0.0
0.0,19.635560669170854,0.0,0.0,0.0,0.0
0.0,19.636325870892655,0.0,0.0,0.0,0.0
0.0,19.63548990506082,0.0,0.0,0.0,0.0
0.0,19.637993670161972,0.0,0.0,0.0,0.0
0.0,19.644812258070203,0.0,0.0,0.0,0.0
0.0,19.656443964216106,0.0,0.0,0.0,0.0
0.0,19.66736918256131,0.0,0.0,0.0,0.0
0.0,19.67315865245688,0.0,0.0,0.0,0.0
0.0,19.67570059610659,0.0,0.0,0.0,0.0
0.0,19.678411711287215,0.0,0.0,0.0,0.0
0.0,19.68093960909081,0.0,0.0,0.0,0.0
0.0,19.683613028391488,0.0,0.0,0.0,0.0
0.0,19.686372112068778,0.0,0.0,0.0,0.0
0.0,19.689067984375818,0.0,0.0,0.0,0.0
0.0,19.691922865581745,0.0,0.0,0.0,0.0
0.0,19.694549301582732,0.0,0.0,0.0,0.0
0.0,19.69730648210283,0.0,0.0,0.0,0.0
0.0,19.700151517076154,0.0,0.0,0.0,0.0
0.0,19.703002210525753,0.0,0.0,0.0,0.0
0.0,19.70592959304864,0.0,0.0,0.0,0.0
0.0,19.708782283596044,0.0,0.0,0.0,0.0
0.0,19.711663159429325,0.0,0.0,0.0,0.0
0.0,19.727065770736115,0.0,0.0,0.0,0.0
0.0,19.742071954071026,0.0,0.0,0.0,0.0
0.0,19.750795091551847,0.0,0.0,0.0,0.0
0.0,19.76135274964519,0.0,0.0,0.0,0.0
0.0,19.770318150324727,0.0,0.0,0.0,0.0
0.0,19.77611359314391,0.0,0.0,0.0,0.0
0.0,19.781904356464942,0.0,0.0,0.0,0.0
0.0,19.781644101985723,0.0,0.0,0.0,0.0
0.0,19.78140952198696,0.0,0.0,0.0,0.0
0.0,19.781129225278296,0.0,0.0,0.0,0.0
0.0,19.78091829843051,0.0,0.0,0.0,0.0
0.0,19.777533769860018,0.0,0.0,0.0,0.0
0.0,19.775640063710348,0.0,0.0,0.0,0.0
0.0,19.77520312806645,0.0,0.0,0.0,0.0
0.0,19.77498315514927,0.0,0.0,0.0,0.0
0.0,19.774769823028453,0.0,0.0,0.0,0.0
0.0,19.774569871285212,0.0,0.0,0.0,0.0
0.0,19.774332867578913,0.0,0.0,0.0,0.0
0.0,19.77407253870533,0.0,0.0,0.0,0.0
0.0,19.77381673939126,0.0,0.0,0.0,0.0
0.0,19.772277724651016,0.0,0.0,0.0,0.0
0.0,19.771242426044996,0.0,0.0,0.0,0.0
0.0,19.771240919378375,0.0,0.0,0.0,0.0
0.0,19.777111757157368,0.0,0.0,0.0,0.0
0.0,19.785612709628843,0.0,0.0,0.0,0.0
0.0,19.77991127170863,0.0,0.0,0.0,0.0
0.0,19.77365321497604,0.0,0.0,0.0,0.0
0.0,19.779982415478536,0.0,0.0,0.0,0.0
0.0,19.78245788613085,0.0,0.0,0.0,0.0
0.0,19.783059409601233,0.0,0.0,0.0,0.0
0.0,19.78267292975355,0.0,0.0,0.0,0.0
0.0,19.784186294646197,0.0,0.0,0.0,0.0
0.0,19.78577094919033,0.0,0.0,0.0,0.0
0.0,19.78713720750126,0.0,0.0,0.0,0.0
0.0,19.789123682730835,0.0,0.0,0.0,0.0
0.0,19.796073666625997,0.0,0.0,0.0,0.0
0.0,19.802833249929826,0.0,0.0,0.0,0.0
0.0,19.805154868287165,0.0,0.0,0.0,0.0
0.0,19.80655318128116,0.0,0.0,0.0,0.0
0.0,19.807903955677673,0.0,0.0,0.0,0.0
0.0,19.809354979827237,0.0,0.0,0.0,0.0
0.0,19.811431105565553,0.0,0.0,0.0,0.0
0.0,19.813520993801745,0.0,0.0,0.0,0.0
0.0,19.81569991176579,0.0,0.0,0.0,0.0
0.0,19.817734879239033,0.0,0.0,0.0,0.0
0.0,19.819761686005055,0.0,0.0,0.0,0.0
0.0,19.821621408753767,0.0,0.0,0.0,0.0
0.0,19.82294532356904,0.0,0.0,0.0,0.0
0.0,19.82444332976297,0.0,0.0,0.0,0.0
0.0,19.82590912707867,0.0,0.0,0.0,0.0
0.0,19.835464667204427,0.0,0.0,0.0,0.0
0.0,19.836895709077638,0.0,0.0,0.0,0.0
0.0,19.83861885572352,0.0,0.0,0.0,0.0
0.0,19.840815576170044,0.0,0.0,0.0,0.0
0.0,19.842881556485104,0.0,0.0,0.0,0.0
0.0,19.844957073762455,0.0,0.0,0.0,0.0
0.0,19.851460215165474,0.0,0.0,0.0,0.0
0.0,19.852319433185528,0.0,0.0,0.0,0.0
0.0,19.85485407174118,0.0,0.0,0.0,0.0
0.0,19.858526623416722,0.0,0.0,0.0,0.0
0.0,19.858474416102002,0.0,0.0,0.0,0.0
0.0,19.855700160626558,0.0,0.0,0.0,0.0
0.0,19.857539475888032,0.0,0.0,0.0,0.0
0.0,19.859768703627935,0.0,0.0,0.0,0.0
0.0,19.861442202366092,0.0,0.0,0.0,0.0
0.0,19.871348431227943,0.0,0.0,0.0,0.0
0.0,19.87339975779541,0.0,0.0,0.0,0.0
0.0,19.87661409976526,0.0,0.0,0.0,0.0
0.0,19.878110617769178,0.0,0.0,0.0,0.0
0.0,19.876474261690635,0.0,0.0,0.0,0.0
0.0,19.87539884357144,0.0,0.0,0.0,0.0
0.0,19.87765020628856,0.0,0.0,0.0,0.0
0.0,19.883175736123203,0.0,0.0,0.0,0.0
0.0,19.88403496290506,0.0,0.0,0.0,0.0
0.0,19.883640354197173,0.0,0.0,0.0,0.0
0.0,19.884467367408863,0.0,0.0,0.0,0.0
0.0,19.88475011506249,0.0,0.0,0.0,0.0
0.0,19.885304361023127,0.0,0.0,0.0,0.0
0.0,19.886104960362243,0.0,0.0,0.0,0.0
0.0,19.89200310153595,0.0,0.0,0.0,0.0
0.0,19.902044482128034,0.0,0.0,0.0,0.0
0.0,19.91149862028684,0.0,0.0,0.0,0.0
0.0,19.924638949122308,0.0,0.0,0.0,0.0
0.0,19.927237127868043,0.0,0.0,0.0,0.0
0.0,19.922818788676782,0.0,0.0,0.0,0.0
0.0,19.922426020780858,0.0,0.0,0.0,0.0
0.0,19.923980267336965,0.0,0.0,0.0,0.0
0.0,19.933260513938944,0.0,0.0,0.0,0.0
0.0,19.938734016704306,0.0,0.0,0.0,0.0
0.0,19.938965037330544,0.0,0.0,0.0,0.0
0.0,19.935879574973345,0.0,0.0,0.0,0.0
0.0,19.93338358937281,0.0,0.0,0.0,0.0
0.0,19.931265316384565,0.0,0.0,0.0,0.0
0.0,19.931910247598115,0.0,0.0,0.0,0.0
0.0,19.93754080904277,0.0,0.0,0.0,0.0
0.0,19.94384195910281,0.0,0.0,0.0,0.0
0.0,19.94345254358444,0.0,0.0,0.0,0.0
0.0,19.942586191040725,0.0,0.0,0.0,0.0
0.0,19.940694078573966,0.0,0.0,0.0,0.0
0.0,19.937336998148268,0.0,0.0,0.0,0.0
0.0,19.933535024413096,0.0,0.0,0.0,0.0
0.0,19.932991596531252,0.0,0.0,0.0,0.0
0.0,19.93682399477139,0.0,0.0,0.0,0.0
0.0,19.94427132450267,0.0,0.0,0.0,0.0
0.0,19.957027959636378,0.0,0.0,0.0,0.0
0.0,19.96426002752905,0.0,0.0,0.0,0.0
0.0,19.967425342188363,0.0,0.0,0.0,0.0
0.0,19.97757436975626,0.0,0.0,0.0,0.0
0.0,19.975591587226788,0.0,0.0,0.0,0.0
0.0,19.989306284415104,0.0,0.0,0.0,0.0
0.0,20.00263597479823,0.0,0.0,0.0,0.0
0.0,20.01344818061047,0.0,0.0,0.0,0.0
0.0,20.01448689653253,0.0,0.0,0.0,0.0
0.0,20.015396738421977,0.0,0.0,0.0,0.0
0.0,20.01543984291163,0.0,0.0,0.0,0.0
0.0,20.021959162277483,0.0,0.0,0.0,0.0
0.0,20.02856246441975,0.0,0.0,0.0,0.0
0.0,20.036835369512314,0.0,0.0,0.0,0.0
0.0,20.036600547032364,0.0,0.0,0.0,0.0
0.0,20.039623995027437,0.0,0.0,0.0,0.0
0.0,20.0491131362538,0.0,0.0,0.0,0.0
0.0,20.060029199306584,0.0,0.0,0.0,0.0
0.0,20.061399040987627,0.0,0.0,0.0,0.0
0.0,20.06152921117532,0.0,0.0,0.0,0.0
0.0,20.059640569517974,0.0,0.0,0.0,0.0
0.0,20.06798158750575,0.0,0.0,0.0,0.0
0.0,20.068994054032384,0.0,0.0,0.0,0.0
0.0,20.077159008028808,0.0,0.0,0.0,0.0
0.0,20.0818121143131,0.0,0.0,0.0,0.0
0.0,20.093327277965322,0.0,0.0,0.0,0.0
0.0,20.102706471742064,0.0,0.0,0.0,0.0
0.0,20.10914177099865,0.0,0.0,0.0,0.0
0.0,20.115055204856198,0.0,0.0,0.0,0.0
0.0,20.115541477880445,0.0,0.0,0.0,0.0
0.0,20.119877133272315,0.0,0.0,0.0,0.0
0.0,20.132311728530524,0.0,0.0,0.0,0.0
0.0,20.136993953732148,0.0,0.0,0.0,0.0
0.0,20.139858956166165,0.0,0.0,0.0,0.0
0.0,20.14259200545123,0.0,0.0,0.0,0.0
0.0,20.150521407654804,0.0,0.0,0.0,0.0
0.0,20.156166566524387,0.0,0.0,0.0,0.0
0.0,20.15875147909815,0.0,0.0,0.0,0.0
0.0,20.15996092492614,0.0,0.0,0.0,0.0
0.0,20.162139908539977,0.0,0.0,0.0,0.0
0.0,20.16423002823187,0.0,0.0,0.0,0.0
0.0,20.16287855208901,0.0,0.0,0.0,0.0
0.0,20.151622420697237,0.0,0.0,0.0,0.0
0.0,20.147170796403888,0.0,0.0,0.0,0.0
0.0,20.146526271124042,0.0,0.0,0.0,0.0
0.0,20.147358148405353,0.0,0.0,0.0,0.0
0.0,20.147114212165047,0.0,0.0,0.0,0.0
0.0,20.137470181606062,0.0,0.0,0.0,0.0
0.0,20.131222737403725,0.0,0.0,0.0,0.0
0.0,20.12041979031067,0.0,0.0,0.0,0.0
0.0,20.113347236329474,0.0,0.0,0.0,0.0
0.0,20.107822924790707,0.0,0.0,0.0,0.0
0.0,20.108896784026367,0.0,0.0,0.0,0.0
0.0,20.107287880879017,0.0,0.0,0.0,0.0
0.0,20.104686338563074,0.0,0.0,0.0,0.0
0.0,20.10310717428192,0.0,0.0,0.0,0.0
0.0,20.1027390223948,0.0,0.0,0.0,0.0
0.0,20.106440773362106,0.0,0.0,0.0,0.0
0.0,20.113938441821762,0.0,0.0,0.0,0.0
0.0,20.12026630165298,0.0,0.0,0.0,0.0
0.0,20.128010940052818,0.0,0.0,0.0,0.0
0.0,20.126301746479413,0.0,0.0,0.0,0.0
0.0,20.129428875487058,0.0,0.0,0.0,0.0
0.0,20.129427831220617,0.0,0.0,0.0,0.0
0.0,20.13972901599721,0.0,0.0,0.0,0.0
0.0,20.151002363859288,0.0,0.0,0.0,0.0
0.0,20.169873413592775,0.0,0.0,0.0,0.0
0.0,20.18172706531897,0.0,0.0,0.0,0.0
0.0,20.198609118333536,0.0,0.0,0.0,0.0
0.0,20.19272495589669,0.0,0.0,0.0,0.0
0.0,20.19432509375125,0.0,0.0,0.0,0.0
0.0,20.204430593019538,0.0,0.0,0.0,0.0
0.0,20.219486254116994,0.0,0.0,0.0,0.0
0.0,20.22125622047819,0.0,0.0,0.0,0.0
0.0,20.223797157831456,0.0,0.0,0.0,0.0
0.0,20.226440038110447,0.0,0.0,0.0,0.0
0.0,20.229373865741575,0.0,0.0,0.0,0.0
0.0,20.222040054408723,0.0,0.0,0.0,0.0
0.0,20.21730336734508,0.0,0.0,0.0,0.0
0.0,20.207698943642065,0.0,0.0,0.0,0.0
0.0,20.200597269667266,0.0,0.0,0.0,0.0
0.0,20.193283926977617,0.0,0.0,0.0,0.0
0.0,20.19257383894761,0.0,0.0,0.0,0.0
0.0,20.19261926992046,0.0,0.0,0.0,0.0
0.0,20.1896158376303,0.0,0.0,0.0,0.0
0.0,20.181080898815484,0.0,0.0,0.0,0.0
0.0,20.17229710155657,0.0,0.0,0.0,0.0
0.0,20.165393661190294,0.0,0.0,0.0,0.0
0.0,20.159733650435236,0.0,0.0,0.0,0.0
0.0,20.153523574046464,0.0,0.0,0.0,0.0
0.0,20.148642575455877,0.0,0.0,0.0,0.0
0.0,20.14711421044324,0.0,0.0,0.0,0.0
0.0,20.145589176088418,0.0,0.0,0.0,0.0
0.0,20.143501774464085,0.0,0.0,0.0,0.0
0.0,20.14115590164734,0.0,0.0,0.0,0.0
0.0,20.136360307491312,0.0,0.0,0.0,0.0
0.0,20.134864478344834,0.0,0.0,0.0,0.0
0.0,20.13400782655527,0.0,0.0,0.0,0.0
0.0,20.132760332955375,0.0,0.0,0.0,0.0
0.0,20.127491763834463,0.0,0.0,0.0,0.0
0.0,20.12098017821375,0.0,0.0,0.0,0.0
0.0,20.11363885462664,0.0,0.0,0.0,0.0
0.0,20.112908175983172,0.0,0.0,0.0,0.0
0.0,20.112265759073047,0.0,0.0,0.0,0.0
0.0,20.111597030780857,0.0,0.0,0.0,0.0
0.0,20.11070702148588,0.0,0.0,0.0,0.0
0.0,20.10399156443867,0.0,0.0,0.0,0.0
0.0,20.102022531559992,0.0,0.0,0.0,0.0
0.0,20.100662744394455,0.0,0.0,0.0,0.0
0.0,20.100240102172947,0.0,0.0,0.0,0.0
0.0,20.097362293666574,0.0,0.0,0.0,0.0
0.0,20.096980027492457,0.0,0.0,0.0,0.0
0.0,20.095812284911034,0.0,0.0,0.0,0.0
0.0,20.08966945599585,0.0,0.0,0.0,0.0
0.0,20.084767210310694,0.0,0.0,0.0,0.0
0.0,20.084785678049492,0.0,0.0,0.0,0.0
0.0,20.08422614766884,0.0,0.0,0.0,0.0
0.0,20.08332118429886,0.0,0.0,0.0,0.0
0.0,20.083083604575894,0.0,0.0,0.0,0.0
0.0,20.08974700893396,0.0,0.0,0.0,0.0
0.0,20.09062513118215,0.0,0.0,0.0,0.0
0.0,20.09175805938753,0.0,0.0,0.0,0.0
0.0,20.09303907896502,0.0,0.0,0.0,0.0
0.0,20.091019207478766,0.0,0.0,0.0,0.0
0.0,20.09184288668903,0.0,0.0,0.0,0.0
0.0,20.086718790008753,0.0,0.0,0.0,0.0
0.0,20.073168982953405,0.0,0.0,0.0,0.0
0.0,20.067624673890712,0.0,0.0,0.0,0.0
0.0,20.056204240635058,0.0,0.0,0.0,0.0
0.0,20.052413713797012,0.0,0.0,0.0,0.0
0.0,20.046507789609088,0.0,0.0,0.0,0.0
0.0,20.04114152571767,0.0,0.0,0.0,0.0
0.0,20.04105003742862,0.0,0.0,0.0,0.0
0.0,20.03817575598285,0.0,0.0,0.0,0.0
0.0,20.034544788616046,0.0,0.0,0.0,0.0
0.0,20.034542568372256,0.0,0.0,0.0,0.0
0.0,20.0358764717716,0.0,0.0,0.0,0.0
0.0,20.03525945356628,0.0,0.0,0.0,0.0
0.0,20.035484943586084,0.0,0.0,0.0,0.0
0.0,20.03819739826528,0.0,0.0,0.0,0.0
0.0,20.0486513496554,0.0,0.0,0.0,0.0
0.0,20.06143594030161,0.0,0.0,0.0,0.0
0.0,20.072128324016944,0.0,0.0,0.0,0.0
0.0,20.0943635119279,0.0,0.0,0.0,0.0
0.0,20.117817536531383,0.0,0.0,0.0,0.0
0.0,20.122215372378424,0.0,0.0,0.0,0.0
0.0,20.13169057029372,0.0,0.0,0.0,0.0
0.0,20.14053010256671,0.0,0.0,0.0,0.0
0.0,20.14202983873843,0.0,0.0,0.0,0.0
0.0,20.149771962776306,0.0,0.0,0.0,0.0
0.0,20.15352007249432,0.0,0.0,0.0,0.0
0.0,20.164100634926537,0.0,0.0,0.0,0.0
0.0,20.16678261649964,0.0,0.0,0.0,0.0
0.0,20.16895231707077,0.0,0.0,0.0,0.0
0.0,20.174742023379984,0.0,0.0,0.0,0.0
0.0,20.181233509262004,0.0,0.0,0.0,0.0
0.0,20.188163061800765,0.0,0.0,0.0,0.0
0.0,20.194578795498114,0.0,0.0,0.0,0.0
0.0,20.19951923251476,0.0,0.0,0.0,0.0
0.0,20.205878227021323,0.0,0.0,0.0,0.0
0.0,20.207124796975826,0.0,0.0,0.0,0.0
0.0,20.20812528914016,0.0,0.0,0.0,0.0
0.0,20.209529728644615,0.0,0.0,0.0,0.0
0.0,20.210194240071832,0.0,0.0,0.0,0.0
0.0,20.219565773106662,0.0,0.0,0.0,0.0
0.0,20.217081382260954,0.0,0.0,0.0,0.0
0.0,20.216824418880467,0.0,0.0,0.0,0.0
0.0,20.229776742620125,0.0,0.0,0.0,0.0
0.0,20.237466683169103,0.0,0.0,0.0,0.0
0.0,20.246010747754546,0.0,0.0,0.0,0.0
0.0,20.252928504926214,0.0,0.0,0.0,0.0
0.0,20.261792657111293,0.0,0.0,0.0,0.0
0.0,20.26855965454616,0.0,0.0,0.0,0.0
0.0,20.270693975040935,0.0,0.0,0.0,0.0
0.0,20.2685548198292,0.0,0.0,0.0,0.0
0.0,20.266163610084377,0.0,0.0,0.0,0.0
0.0,20.26228048308237,0.0,0.0,0.0,0.0
0.0,20.25957397129102,0.0,0.0,0.0,0.0
0.0,20.257857775855186,0.0,0.0,0.0,0.0
0.0,20.25559870874489,0.0,0.0,0.0,0.0
0.0,20.2478414423687,0.0,0.0,0.0,0.0
0.0,20.23589388606645,0.0,0.0,0.0,0.0
0.0,20.22640385101816,0.0,0.0,0.0,0.0
0.0,20.22338941428833,0.0,0.0,0.0,0.0
0.0,20.2208348465694,0.0,0.0,0.0,0.0
0.0,20.222778155584166,0.0,0.0,0.0,0.0
0.0,20.22427338408054,0.0,0.0,0.0,0.0
0.0,20.223643155850315,0.0,0.0,0.0,0.0
0.0,20.228156723509425,0.0,0.0,0.0,0.0
0.0,20.23417064543858,0.0,0.0,0.0,0.0
0.0,20.23431546747545,0.0,0.0,0.0,0.0
0.0,20.234299459064914,0.0,0.0,0.0,0.0
0.0,20.231194671736475,0.0,0.0,0.0,0.0
0.0,20.233941782534924,0.0,0.0,0.0,0.0
0.0,20.235215304713574,0.0,0.0,0.0,0.0
0.0,20.23097791448247,0.0,0.0,0.0,0.0
0.0,20.22715639949436,0.0,0.0,0.0,0.0
0.0,20.22998619253773,0.0,0.0,0.0,0.0
0.0,20.22988114104051,0.0,0.0,0.0,0.0
0.0,20.22055768459401,0.0,0.0,0.0,0.0
0.0,20.21763401830511,0.0,0.0,0.0,0.0
0.0,20.222560233389537,0.0,0.0,0.0,0.0
0.0,20.23269903005943,0.0,0.0,0.0,0.0
0.0,20.242049254574898,0.0,0.0,0.0,0.0
0.0,20.24482865365687,0.0,0.0,0.0,0.0
0.0,20.25449426468473,0.0,0.0,0.0,0.0
0.0,20.259792264666544,0.0,0.0,0.0,0.0
0.0,20.265924705869796,0.0,0.0,0.0,0.0
0.0,20.280140818758763,0.0,0.0,0.0,0.0
0.0,20.292560115952305,0.0,0.0,0.0,0.0
0.0,20.303649177633332,0.0,0.0,0.0,0.0
0.0,20.304956100203025,0.0,0.0,0.0,0.0
0.0,20.30620797750686,0.0,0.0,0.0,0.0
0.0,20.307587704095997,0.0,0.0,0.0,0.0
0.0,20.313332506850532,0.0,0.0,0.0,0.0
0.0,20.325340232945248,0.0,0.0,0.0,0.0
0.0,20.339539901047413,0.0,0.0,0.0,0.0
0.0,20.349741951163725,0.0,0.0,0.0,0.0
0.0,20.362557636654554,0.0,0.0,0.0,0.0
0.0,20.36440361761204,0.0,0.0,0.0,0.0
0.0,20.378997637928816,0.0,0.0,0.0,0.0
0.0,20.38820195501174,0.0,0.0,0.0,0.0
0.0,20.3932754131862,0.0,0.0,0.0,0.0
0.0,20.40411992484932,0.0,0.0,0.0,0.0
0.0,20.41209639340882,0.0,0.0,0.0,0.0
0.0,20.412730873045238,0.0,0.0,0.0,0.0
0.0,20.413756397023565,0.0,0.0,0.0,0.0
0.0,20.414567101976022,0.0,0.0,0.0,0.0
0.0,20.414416984807218,0.0,0.0,0.0,0.0
0.0,20.41658162201252,0.0,0.0,0.0,0.0
0.0,20.41806435536398,0.0,0.0,0.0,0.0
0.0,20.41816178857725,0.0,0.0,0.0,0.0
0.0,20.417778288830828,0.0,0.0,0.0,0.0
0.0,20.403659126544614,0.0,0.0,0.0,0.0
0.0,20.392117553175268,0.0,0.0,0.0,0.0
0.0,20.389446114741013,0.0,0.0,0.0,0.0
0.0,20.38834798810722,0.0,0.0,0.0,0.0
0.0,20.38858027478751,0.0,0.0,0.0,0.0
0.0,20.388557442346755,0.0,0.0,0.0,0.0
0.0,20.388688064294683,0.0,0.0,0.0,0.0
0.0,20.38985173367057,0.0,0.0,0.0,0.0
0.0,20.390428709910008,0.0,0.0,0.0,0.0
0.0,20.3884135020191,0.0,0.0,0.0,0.0
0.0,20.38833257897076,0.0,0.0,0.0,0.0
0.0,20.389994348088443,0.0,0.0,0.0,0.0
0.0,20.39172327512465,0.0,0.0,0.0,0.0
0.0,20.394081917660134,0.0,0.0,0.0,0.0
0.0,20.391456527987337,0.0,0.0,0.0,0.0
0.0,20.395085700512293,0.0,0.0,0.0,0.0
0.0,20.403154265330475,0.0,0.0,0.0,0.0
0.0,20.416340420172205,0.0,0.0,0.0,0.0
0.0,20.41738635854279,0.0,0.0,0.0,0.0
0.0,20.423016897552447,0.0,0.0,0.0,0.0
0.0,20.432608917858342,0.0,0.0,0.0,0.0
0.0,20.43449837420433,0.0,0.0,0.0,0.0
0.0,20.445653005613135,0.0,0.0,0.0,0.0
0.0,20.460357706902755,0.0,0.0,0.0,0.0
0.0,20.47297880183091,0.0,0.0,0.0,0.0
0.0,20.488712314658436,0.0,0.0,0.0,0.0
0.0,20.50095999859012,0.0,0.0,0.0,0.0
0.0,20.498643183383372,0.0,0.0,0.0,0.0
0.0,20.510352442697133,0.0,0.0,0.0,0.0
0.0,20.520960688685815,0.0,0.0,0.0,0.0
0.0,20.531370240918914,0.0,0.0,0.0,0.0
0.0,20.54113915789426,0.0,0.0,0.0,0.0
0.0,20.534551773494343,0.0,0.0,0.0,0.0
0.0,20.53606083952028,0.0,0.0,0.0,0.0
0.0,20.533941088145767,0.0,0.0,0.0,0.0
0.0,20.534612353477495,0.0,0.0,0.0,0.0
0.0,20.535180820101054,0.0,0.0,0.0,0.0
0.0,20.53401988061878,0.0,0.0,0.0,0.0
0.0,20.535171303419254,0.0,0.0,0.0,0.0
0.0,20.540647744339314,0.0,0.0,0.0,0.0
0.0,20.546536102748007,0.0,0.0,0.0,0.0
0.0,20.556105619359375,0.0,0.0,0.0,0.0
0.0,20.56535322219506,0.0,0.0,0.0,0.0
0.0,20.562097897768208,0.0,0.0,0.0,0.0
0.0,20.5577601817419,0.0,0.0,0.0,0.0
0.0,20.557924475330317,0.0,0.0,0.0,0.0
0.0,20.55204324371488,0.0,0.0,0.0,0.0
0.0,20.55853948478435,0.0,0.0,0.0,0.0
0.0,20.558680680877803,0.0,0.0,0.0,0.0
0.0,20.565242002230775,0.0,0.0,0.0,0.0
0.0,20.566064456744652,0.0,0.0,0.0,0.0
0.0,20.56993983084775,0.0,0.0,0.0,0.0
0.0,20.573487469952166,0.0,0.0,0.0,0.0
0.0,20.57559313576747,0.0,0.0,0.0,0.0
0.0,20.57781245008523,0.0,0.0,0.0,0.0
0.0,20.579844935293174,0.0,0.0,0.0,0.0
0.0,20.58290454383024,0.0,0.0,0.0,0.0
0.0,20.58721786450147,0.0,0.0,0.0,0.0
0.0,20.588046862983994,0.0,0.0,0.0,0.0
0.0,20.589293726113567,0.0,0.0,0.0,0.0
0.0,20.590936145026344,0.0,0.0,0.0,0.0
0.0,20.592695248663013,0.0,0.0,0.0,0.0
0.0,20.59371938626928,0.0,0.0,0.0,0.0
0.0,20.595681058042516,0.0,0.0,0.0,0.0
0.0,20.604100798909222,0.0,0.0,0.0,0.0
0.0,20.615345951386036,0.0,0.0,0.0,0.0
0.0,20.621680665581746,0.0,0.0,0.0,0.0
0.0,20.631035844806917,0.0,0.0,0.0,0.0
0.0,20.643096953738024,0.0,0.0,0.0,0.0
0.0,20.648213627425648,0.0,0.0,0.0,0.0
0.0,20.648564683049646,0.0,0.0,0.0,0.0
0.0,20.64971498787033,0.0,0.0,0.0,0.0
0.0,20.651955579978893,0.0,0.0,0.0,0.0
0.0,20.654402391031386,0.0,0.0,0.0,0.0
0.0,20.657137611921357,0.0,0.0,0.0,0.0
0.0,20.655591298895644,0.0,0.0,0.0,0.0
0.0,20.651343099843462,0.0,0.0,0.0,0.0
0.0,20.649787783702287,0.0,0.0,0.0,0.0
0.0,20.653941359899527,0.0,0.0,0.0,0.0
0.0,20.66201315643958,0.0,0.0,0.0,0.0
0.0,20.66040551792544,0.0,0.0,0.0,0.0
0.0,20.65863776131744,0.0,0.0,0.0,0.0
0.0,20.652931122624846,0.0,0.0,0.0,0.0
0.0,20.65058965634072,0.0,0.0,0.0,0.0
0.0,20.650123683376904,0.0,0.0,0.0,0.0
0.0,20.64919176177224,0.0,0.0,0.0,0.0
0.0,20.648642126480457,0.0,0.0,0.0,0.0
0.0,20.64781463069789,0.0,0.0,0.0,0.0
0.0,20.649059602602083,0.0,0.0,0.0,0.0
0.0,20.6497854830593,0.0,0.0,0.0,0.0
0.0,20.649404245024495,0.0,0.0,0.0,0.0
0.0,20.65037813383249,0.0,0.0,0.0,0.0
0.0,20.651250804599105,0.0,0.0,0.0,0.0
0.0,20.65126495316332,0.0,0.0,0.0,0.0
0.0,20.649010642627807,0.0,0.0,0.0,0.0
0.0,20.651584586499954,0.0,0.0,0.0,0.0
0.0,20.652690299406636,0.0,0.0,0.0,0.0
0.0,20.65286155527718,0.0,0.0,0.0,0.0
0.0,20.650809062027122,0.0,0.0,0.0,0.0
0.0,20.64818542331772,0.0,0.0,0.0,0.0
0.0,20.64784216353158,0.0,0.0,0.0,0.0
0.0,20.648904971527283,0.0,0.0,0.0,0.0
0.0,20.65027117946862,0.0,0.0,0.0,0.0
0.0,20.650852080044864,0.0,0.0,0.0,0.0
0.0,20.651986594018375,0.0,0.0,0.0,0.0
0.0,20.65267767515004,0.0,0.0,0.0,0.0
0.0,20.65313000167948,0.0,0.0,0.0,0.0
0.0,20.654639071879927,0.0,0.0,0.0,0.0
0.0,20.655577053696508,0.0,0.0,0.0,0.0
0.0,20.656889074835263,0.0,0.0,0.0,0.0
0.0,20.65936154691418,0.0,0.0,0.0,0.0
0.0,20.66181765897039,0.0,0.0,0.0,0.0
0.0,20.664721174013486,0.0,0.0,0.0,0.0
0.0,20.66724421475093,0.0,0.0,0.0,0.0
0.0,20.669613096368305,0.0,0.0,0.0,0.0
0.0,20.67253762357625,0.0,0.0,0.0,0.0
0.0,20.68163762145236,0.0,0.0,0.0,0.0
0.0,20.685152364225672,0.0,0.0,0.0,0.0
0.0,20.6887686344165,0.0,0.0,0.0,0.0
0.0,20.692250355639118,0.0,0.0,0.0,0.0
0.0,20.69582352842589,0.0,0.0,0.0,0.0
0.0,20.697078445243783,0.0,0.0,0.0,0.0
0.0,20.700334273790187,0.0,0.0,0.0,0.0
0.0,20.703128235629734,0.0,0.0,0.0,0.0
0.0,20.70601722449214,0.0,0.0,0.0,0.0
0.0,20.70753184060873,0.0,0.0,0.0,0.0
0.0,20.711236780556128,0.0,0.0,0.0,0.0
0.0,20.715066215471413,0.0,0.0,0.0,0.0
0.0,20.71882910440826,0.0,0.0,0.0,0.0
0.0,20.72265807484914,0.0,0.0,0.0,0.0
0.0,20.725262782523007,0.0,0.0,0.0,0.0
0.0,20.727312247410907,0.0,0.0,0.0,0.0
0.0,20.729099204678178,0.0,0.0,0.0,0.0
0.0,20.728629151432404,0.0,0.0,0.0,0.0
0.0,20.728365413341468,0.0,0.0,0.0,0.0
0.0,20.729359010250644,0.0,0.0,0.0,0.0
0.0,20.732813735559763,0.0,0.0,0.0,0.0
0.0,20.73627402586097,0.0,0.0,0.0,0.0
0.0,20.739733440932724,0.0,0.0,0.0,0.0
0.0,20.74320478018912,0.0,0.0,0.0,0.0
0.0,20.74680994559711,0.0,0.0,0.0,0.0
0.0,20.750767000868652,0.0,0.0,0.0,0.0
0.0,20.75474001770553,0.0,0.0,0.0,0.0
0.0,20.75844353350059,0.0,0.0,0.0,0.0
0.0,20.7620094952554,0.0,0.0,0.0,0.0
0.0,20.764185276813677,0.0,0.0,0.0,0.0
0.0,20.767159299961673,0.0,0.0,0.0,0.0
0.0,20.771123490497676,0.0,0.0,0.0,0.0
0.0,20.77216844164757,0.0,0.0,0.0,0.0
0.0,20.773129166347406,0.0,0.0,0.0,0.0
0.0,20.774155152473167,0.0,0.0,0.0,0.0
0.0,20.77476769347144,0.0,0.0,0.0,0.0
0.0,20.775316566089916,0.0,0.0,0.0,0.0
0.0,20.77452802360345,0.0,0.0,0.0,0.0
0.0,20.7732569956201,0.0,0.0,0.0,0.0
0.0,20.772210870714026,0.0,0.0,0.0,0.0
0.0,20.77120651200124,0.0,0.0,0.0,0.0
0.0,20.769990154141706,0.0,0.0,0.0,0.0
0.0,20.764449648621987,0.0,0.0,0.0,0.0
0.0,20.759669735450167,0.0,0.0,0.0,0.0
0.0,20.76027526519269,0.0,0.0,0.0,0.0
0.0,20.761109853726957,0.0,0.0,0.0,0.0
0.0,20.762546222339438,0.0,0.0,0.0,0.0
0.0,20.763795246943662,0.0,0.0,0.0,0.0
0.0,20.766607567391823,0.0,0.0,0.0,0.0
0.0,20.76836728505985,0.0,0.0,0.0,0.0
0.0,20.770262388456928,0.0,0.0,0.0,0.0
0.0,20.771914385884386,0.0,0.0,0.0,0.0
0.0,20.775850287653974,0.0,0.0,0.0,0.0
0.0,20.77966133989555,0.0,0.0,0.0,0.0
0.0,20.78352729270167,0.0,0.0,0.0,0.0
0.0,20.786470713864066,0.0,0.0,0.0,0.0
0.0,20.7910869322138,0.0,0.0,0.0,0.0
0.0,20.796734085994043,0.0,0.0,0.0,0.0
0.0,20.80244073050586,0.0,0.0,0.0,0.0
0.0,20.807925138355202,0.0,0.0,0.0,0.0
0.0,20.81328795044433,0.0,0.0,0.0,0.0
0.0,20.81886131547749,0.0,0.0,0.0,0.0
0.0,20.822135150592377,0.0,0.0,0.0,0.0
0.0,20.824709238605262,0.0,0.0,0.0,0.0
0.0,20.827271543278975,0.0,0.0,0.0,0.0
0.0,20.829853752764116,0.0,0.0,0.0,0.0
0.0,20.832441787871723,0.0,0.0,0.0,0.0
0.0,20.835082341570548,0.0,0.0,0.0,0.0
0.0,20.837934411215606,0.0,0.0,0.0,0.0
0.0,20.840889618529566,0.0,0.0,0.0,0.0
0.0,20.84382385420301,0.0,0.0,0.0,0.0
0.0,20.84697041848926,0.0,0.0,0.0,0.0
0.0,20.85107183130563,0.0,0.0,0.0,0.0
0.0,20.855193671036947,0.0,0.0,0.0,0.0
0.0,20.859301138411585,0.0,0.0,0.0,0.0
0.0,20.86335672962579,0.0,0.0,0.0,0.0
0.0,20.867713120289192,0.0,0.0,0.0,0.0
0.0,20.87242267910921,0.0,0.0,0.0,0.0
0.0,20.876354213389703,0.0,0.0,0.0,0.0
0.0,20.880309017525576,0.0,0.0,0.0,0.0
0.0,20.88427221502605,0.0,0.0,0.0,0.0
0.0,20.888301222302356,0.0,0.0,0.0,0.0
0.0,20.892272463499975,0.0,0.0,0.0,0.0
0.0,20.896415151462133,0.0,0.0,0.0,0.0
0.0,20.900475167975927,0.0,0.0,0.0,0.0
0.0,20.905219849561476,0.0,0.0,0.0,0.0
0.0,20.90996807563978,0.0,0.0,0.0,0.0
0.0,20.915107704902308,0.0,0.0,0.0,0.0
0.0,20.92053141412491,0.0,0.0,0.0,0.0
0.0,20.925872014350634,0.0,0.0,0.0,0.0
0.0,20.931400695279716,0.0,0.0,0.0,0.0
0.0,20.93691107135836,0.0,0.0,0.0,0.0
0.0,20.942354986978366,0.0,0.0,0.0,0.0
0.0,20.94864790096217,0.0,0.0,0.0,0.0
0.0,20.950717883607613,0.0,0.0,0.0,0.0
0.0,20.93805836991467,0.0,0.0,0.0,0.0
0.0,20.930611736075388,0.0,0.0,0.0,0.0
0.0,20.92036325540578,0.0,0.0,0.0,0.0
0.0,20.91463804463454,0.0,0.0,0.0,0.0
0.0,20.914713461215847,0.0,0.0,0.0,0.0
0.0,20.919030008259263,0.0,0.0,0.0,0.0
0.0,20.91687278884105,0.0,0.0,0.0,0.0
0.0,20.90786235506703,0.0,0.0,0.0,0.0
0.0,20.90331091056317,0.0,0.0,0.0,0.0
0.0,20.894960230763417,0.0,0.0,0.0,0.0
0.0,20.88796104042452,0.0,0.0,0.0,0.0
0.0,20.884956845944046,0.0,0.0,0.0,0.0
0.0,20.88318621471753,0.0,0.0,0.0,0.0
0.0,20.88639678037179,0.0,0.0,0.0,0.0
0.0,20.889630465809216,0.0,0.0,0.0,0.0
0.0,20.89296547822184,0.0,0.0,0.0,0.0
0.0,20.896692814640424,0.0,0.0,0.0,0.0
0.0,20.899629701408237,0.0,0.0,0.0,0.0
0.0,20.905620126454327,0.0,0.0,0.0,0.0
0.0,20.913635528329365,0.0,0.0,0.0,0.0
0.0,20.914007677957542,0.0,0.0,0.0,0.0
0.0,20.913456247976956,0.0,0.0,0.0,0.0
0.0,20.92263823308108,0.0,0.0,0.0,0.0
0.0,20.934363989839905,0.0,0.0,0.0,0.0
0.0,20.945715466104755,0.0,0.0,0.0,0.0
0.0,20.965996006640484,0.0,0.0,0.0,0.0
0.0,20.97596742226538,0.0,0.0,0.0,0.0
0.0,20.991962237330537,0.0,0.0,0.0,0.0
0.0,20.994454687653057,0.0,0.0,0.0,0.0
0.0,20.996862320073365,0.0,0.0,0.0,0.0
0.0,20.999176161548796,0.0,0.0,0.0,0.0
0.0,21.00166877332418,0.0,0.0,0.0,0.0
0.0,21.004120691010066,0.0,0.0,0.0,0.0
0.0,21.004635750541016,0.0,0.0,0.0,0.0
0.0,21.004397447476368,0.0,0.0,0.0,0.0
0.0,21.00372350856708,0.0,0.0,0.0,0.0
0.0,21.003727929356266,0.0,0.0,0.0,0.0
0.0,21.00445724944404,0.0,0.0,0.0,0.0
0.0,21.00672209756159,0.0,0.0,0.0,0.0
0.0,21.00989266309491,0.0,0.0,0.0,0.0
0.0,21.014959710521214,0.0,0.0,0.0,0.0
0.0,21.023481003262578,0.0,0.0,0.0,0.0
0.0,21.036525288093962,0.0,0.0,0.0,0.0
0.0,21.053931944960148,0.0,0.0,0.0,0.0
0.0,21.062376004333682,0.0,0.0,0.0,0.0
0.0,21.06470946330805,0.0,0.0,0.0,0.0
0.0,21.072932986332273,0.0,0.0,0.0,0.0
0.0,21.081952975746137,0.0,0.0,0.0,0.0
0.0,21.08984703163174,0.0,0.0,0.0,0.0
0.0,21.0818549954361,0.0,0.0,0.0,0.0
0.0,21.08351967711702,0.0,0.0,0.0,0.0
0.0,21.085687996074594,0.0,0.0,0.0,0.0
0.0,21.097840277927318,0.0,0.0,0.0,0.0
0.0,21.10050161846139,0.0,0.0,0.0,0.0
0.0,21.109855837492812,0.0,0.0,0.0,0.0
0.0,21.11625272614026,0.0,0.0,0.0,0.0
0.0,21.125197872921014,0.0,0.0,0.0,0.0
0.0,21.1313997007859,0.0,0.0,0.0,0.0
0.0,21.135401574788435,0.0,0.0,0.0,0.0
0.0,21.136840725639946,0.0,0.0,0.0,0.0
0.0,21.138288219361904,0.0,0.0,0.0,0.0
0.0,21.13858805984442,0.0,0.0,0.0,0.0
0.0,21.13323522648794,0.0,0.0,0.0,0.0
0.0,21.120599245492713,0.0,0.0,0.0,0.0
0.0,21.118137269475714,0.0,0.0,0.0,0.0
0.0,21.1153055841182,0.0,0.0,0.0,0.0
0.0,21.113175522029064,0.0,0.0,0.0,0.0
0.0,21.11686678917769,0.0,0.0,0.0,0.0
0.0,21.120704014113702,0.0,0.0,0.0,0.0
0.0,21.12299986400899,0.0,0.0,0.0,0.0
0.0,21.12362884888412,0.0,0.0,0.0,0.0
0.0,21.128557863926584,0.0,0.0,0.0,0.0
0.0,21.134451016843432,0.0,0.0,0.0,0.0
0.0,21.14362252758303,0.0,0.0,0.0,0.0
0.0,21.15440129634061,0.0,0.0,0.0,0.0
0.0,21.154606265335705,0.0,0.0,0.0,0.0
0.0,21.15435252779838,0.0,0.0,0.0,0.0
0.0,21.154173399227805,0.0,0.0,0.0,0.0
0.0,21.147600384018844,0.0,0.0,0.0,0.0
0.0,21.14052093293666,0.0,0.0,0.0,0.0
0.0,21.143247043570632,0.0,0.0,0.0,0.0
0.0,21.145384889242052,0.0,0.0,0.0,0.0
0.0,21.145967276681887,0.0,0.0,0.0,0.0
0.0,21.14581240815824,0.0,0.0,0.0,0.0
0.0,21.144406676642284,0.0,0.0,0.0,0.0
0.0,21.145691225354472,0.0,0.0,0.0,0.0
0.0,21.14650170466268,0.0,0.0,0.0,0.0
0.0,21.148572274166614,0.0,0.0,0.0,0.0
0.0,21.150609282626277,0.0,0.0,0.0,0.0
0.0,21.15111971208884,0.0,0.0,0.0,0.0
0.0,21.146590286338935,0.0,0.0,0.0,0.0
0.0,21.138557639869102,0.0,0.0,0.0,0.0
0.0,21.132752921886983,0.0,0.0,0.0,0.0
0.0,21.125039211143577,0.0,0.0,0.0,0.0
0.0,21.121125082219017,0.0,0.0,0.0,0.0
0.0,21.12367613069359,0.0,0.0,0.0,0.0
0.0,21.126402212548168,0.0,0.0,0.0,0.0
0.0,21.127590862345848,0.0,0.0,0.0,0.0
0.0,21.128597381280553,0.0,0.0,0.0,0.0
0.0,21.12936364506874,0.0,0.0,0.0,0.0
0.0,21.131889108064012,0.0,0.0,0.0,0.0
0.0,21.136478636516163,0.0,0.0,0.0,0.0
0.0,21.13544553601017,0.0,0.0,0.0,0.0
0.0,21.13735781937404,0.0,0.0,0.0,0.0
0.0,21.134489069286783,0.0,0.0,0.0,0.0
0.0,21.133624308804777,0.0,0.0,0.0,0.0
0.0,21.137495607673852,0.0,0.0,0.0,0.0
0.0,21.14657496193055,0.0,0.0,0.0,0.0
0.0,21.156081957075166,0.0,0.0,0.0,0.0
0.0,21.170758435210548,0.0,0.0,0.0,0.0
0.0,21.18034997675339,0.0,0.0,0.0,0.0
0.0,21.18987017494002,0.0,0.0,0.0,0.0
0.0,21.193416899072847,0.0,0.0,0.0,0.0
0.0,21.196981072336744,0.0,0.0,0.0,0.0
0.0,21.20055646199868,0.0,0.0,0.0,0.0
0.0,21.2012496217658,0.0,0.0,0.0,0.0
0.0,21.199368181860972,0.0,0.0,0.0,0.0
0.0,21.19704727205641,0.0,0.0,0.0,0.0
0.0,21.201772154168836,0.0,0.0,0.0,0.0
0.0,21.198444701534395,0.0,0.0,0.0,0.0
0.0,21.197148091993228,0.0,0.0,0.0,0.0
0.0,21.19762850602915,0.0,0.0,0.0,0.0
0.0,21.201227236495583,0.0,0.0,0.0,0.0
0.0,21.204774790993728,0.0,0.0,0.0,0.0
0.0,21.208269892748433,0.0,0.0,0.0,0.0
0.0,21.211877780671536,0.0,0.0,0.0,0.0
0.0,21.21424696783027,0.0,0.0,0.0,0.0
0.0,21.215028482163547,0.0,0.0,0.0,0.0
0.0,21.215819258554593,0.0,0.0,0.0,0.0
0.0,21.216560125778315,0.0,0.0,0.0,0.0
0.0,21.224575469677436,0.0,0.0,0.0,0.0
0.0,21.23515197653852,0.0,0.0,0.0,0.0
0.0,21.244144340347347,0.0,0.0,0.0,0.0
0.0,21.246123800717143,0.0,0.0,0.0,0.0
0.0,21.251157134835584,0.0,0.0,0.0,0.0
0.0,21.2644062220534,0.0,0.0,0.0,0.0
0.0,21.283534411934045,0.0,0.0,0.0,0.0
0.0,21.29367706428863,0.0,0.0,0.0,0.0
0.0,21.306852943040447,0.0,0.0,0.0,0.0
0.0,21.311861122040664,0.0,0.0,0.0,0.0
0.0,21.31675912142748,0.0,0.0,0.0,0.0
0.0,21.321733231728466,0.0,0.0,0.0,0.0
0.0,21.326745806647146,0.0,0.0,0.0,0.0
0.0,21.334805770033093,0.0,0.0,0.0,0.0
0.0,21.349482169975644,0.0,0.0,0.0,0.0
0.0,21.358451874755144,0.0,0.0,0.0,0.0
0.0,21.374031954240394,0.0,0.0,0.0,0.0
0.0,21.37703993560913,0.0,0.0,0.0,0.0
0.0,21.37745453803008,0.0,0.0,0.0,0.0
0.0,21.376981931981813,0.0,0.0,0.0,0.0
0.0,21.37727864499853,0.0,0.0,0.0,0.0
0.0,21.378831241945043,0.0,0.0,0.0,0.0
0.0,21.3797009648361,0.0,0.0,0.0,0.0
0.0,21.37381608330228,0.0,0.0,0.0,0.0
0.0,21.36889251218266,0.0,0.0,0.0,0.0
0.0,21.36963868561896,0.0,0.0,0.0,0.0
0.0,21.36914378343568,0.0,0.0,0.0,0.0
0.0,21.372986494896047,0.0,0.0,0.0,0.0
0.0,21.38309748766113,0.0,0.0,0.0,0.0
0.0,21.38457248340563,0.0,0.0,0.0,0.0
0.0,21.38995217816272,0.0,0.0,0.0,0.0
0.0,21.398981066174507,0.0,0.0,0.0,0.0
0.0,21.410909323830076,0.0,0.0,0.0,0.0
0.0,21.418752188038876,0.0,0.0,0.0,0.0
0.0,21.41352725567564,0.0,0.0,0.0,0.0
0.0,21.414324089467332,0.0,0.0,0.0,0.0
0.0,21.415630001515225,0.0,0.0,0.0,0.0
0.0,21.41772646140041,0.0,0.0,0.0,0.0
0.0,21.4215853685614,0.0,0.0,0.0,0.0
0.0,21.42455507003768,0.0,0.0,0.0,0.0
0.0,21.42500223743453,0.0,0.0,0.0,0.0
0.0,21.419122113046363,0.0,0.0,0.0,0.0
0.0,21.432451415322404,0.0,0.0,0.0,0.0
0.0,21.44292997198049,0.0,0.0,0.0,0.0
0.0,21.447179636183606,0.0,0.0,0.0,0.0
0.0,21.45016686701061,0.0,0.0,0.0,0.0
0.0,21.45317899671939,0.0,0.0,0.0,0.0
0.0,21.450122721919826,0.0,0.0,0.0,0.0
0.0,21.441860166852333,0.0,0.0,0.0,0.0
0.0,21.444845934913417,0.0,0.0,0.0,0.0
0.0,21.447664141312618,0.0,0.0,0.0,0.0
0.0,21.45060305246187,0.0,0.0,0.0,0.0
0.0,21.453446146608886,0.0,0.0,0.0,0.0
0.0,21.460483128827917,0.0,0.0,0.0,0.0
0.0,21.46403772453609,0.0,0.0,0.0,0.0
0.0,21.46689417992913,0.0,0.0,0.0,0.0
0.0,21.46984043117867,0.0,0.0,0.0,0.0
0.0,21.47397943262729,0.0,0.0,0.0,0.0
0.0,21.478266933301747,0.0,0.0,0.0,0.0
0.0,21.484872550759302,0.0,0.0,0.0,0.0
0.0,21.49737110855866,0.0,0.0,0.0,0.0
0.0,21.510290256421154,0.0,0.0,0.0,0.0
0.0,21.51419834741327,0.0,0.0,0.0,0.0
0.0,21.51837530855611,0.0,0.0,0.0,0.0
0.0,21.517176800592274,0.0,0.0,0.0,0.0
0.0,21.51503775665142,0.0,0.0,0.0,0.0
0.0,21.5105014526363,0.0,0.0,0.0,0.0
0.0,21.51300638731119,0.0,0.0,0.0,0.0
0.0,21.52567281808754,0.0,0.0,0.0,0.0
0.0,21.535209687401615,0.0,0.0,0.0,0.0
0.0,21.54517686714281,0.0,0.0,0.0,0.0
0.0,21.54931340129672,0.0,0.0,0.0,0.0
0.0,21.561824564764656,0.0,0.0,0.0,0.0
0.0,21.571061642312188,0.0,0.0,0.0,0.0
0.0,21.576085612000526,0.0,0.0,0.0,0.0
0.0,21.589649312453368,0.0,0.0,0.0,0.0
0.0,21.598278191423216,0.0,0.0,0.0,0.0
0.0,21.60335092425181,0.0,0.0,0.0,0.0
0.0,21.608102284471755,0.0,0.0,0.0,0.0
0.0,21.62240756407386,0.0,0.0,0.0,0.0
0.0,21.634895492108832,0.0,0.0,0.0,0.0
0.0,21.638077884860515,0.0,0.0,0.0,0.0
0.0,21.638973228509787,0.0,0.0,0.0,0.0
0.0,21.639667250566465,0.0,0.0,0.0,0.0
0.0,21.64077618636051,0.0,0.0,0.0,0.0
0.0,21.64378410911466,0.0,0.0,0.0,0.0
0.0,21.64629849182368,0.0,0.0,0.0,0.0
0.0,21.64926895207852,0.0,0.0,0.0,0.0
0.0,21.65178597209772,0.0,0.0,0.0,0.0
0.0,21.655575782266627,0.0,0.0,0.0,0.0
0.0,21.65995685549518,0.0,0.0,0.0,0.0
0.0,21.660809585888455,0.0,0.0,0.0,0.0
0.0,21.661285886058273,0.0,0.0,0.0,0.0
0.0,21.658810119469702,0.0,0.0,0.0,0.0
0.0,21.64589609005547,0.0,0.0,0.0,0.0
0.0,21.63198854095869,0.0,0.0,0.0,0.0
0.0,21.620083826602574,0.0,0.0,0.0,0.0
0.0,21.61237257259342,0.0,0.0,0.0,0.0
0.0,21.609266536103696,0.0,0.0,0.0,0.0
0.0,21.60182760043568,0.0,0.0,0.0,0.0
0.0,21.595717283674176,0.0,0.0,0.0,0.0
0.0,21.58379860319585,0.0,0.0,0.0,0.0
0.0,21.57949592448102,0.0,0.0,0.0,0.0
0.0,21.57798176303323,0.0,0.0,0.0,0.0
0.0,21.571347121400986,0.0,0.0,0.0,0.0
0.0,21.56372258916645,0.0,0.0,0.0,0.0
0.0,21.560097170832947,0.0,0.0,0.0,0.0
0.0,21.56006119855455,0.0,0.0,0.0,0.0
0.0,21.565207960348708,0.0,0.0,0.0,0.0
0.0,21.567027559456147,0.0,0.0,0.0,0.0
0.0,21.566207002068417,0.0,0.0,0.0,0.0
0.0,21.566991870027454,0.0,0.0,0.0,0.0
0.0,21.567600175572196,0.0,0.0,0.0,0.0
0.0,21.56774410880085,0.0,0.0,0.0,0.0
0.0,21.570544854389368,0.0,0.0,0.0,0.0
0.0,21.585011869453037,0.0,0.0,0.0,0.0
0.0,21.596251152412016,0.0,0.0,0.0,0.0
0.0,21.601308222587793,0.0,0.0,0.0,0.0
0.0,21.60449466473847,0.0,0.0,0.0,0.0
0.0,21.60771733912628,0.0,0.0,0.0,0.0
0.0,21.610311908226493,0.0,0.0,0.0,0.0
0.0,21.606840267086152,0.0,0.0,0.0,0.0
0.0,21.603283707906385,0.0,0.0,0.0,0.0
0.0,21.601133458742538,0.0,0.0,0.0,0.0
0.0,21.60289039420862,0.0,0.0,0.0,0.0
0.0,21.59680874827159,0.0,0.0,0.0,0.0
0.0,21.59574805002713,0.0,0.0,0.0,0.0
0.0,21.603514034941945,0.0,0.0,0.0,0.0
0.0,21.60651653574735,0.0,0.0,0.0,0.0
0.0,21.601139226625662,0.0,0.0,0.0,0.0
0.0,21.610512166336623,0.0,0.0,0.0,0.0
0.0,21.613477130714383,0.0,0.0,0.0,0.0
0.0,21.61192685448815,0.0,0.0,0.0,0.0
0.0,21.604835913447047,0.0,0.0,0.0,0.0
0.0,21.60794493951726,0.0,0.0,0.0,0.0
0.0,21.618031239659988,0.0,0.0,0.0,0.0
0.0,21.62322666099367,0.0,0.0,0.0,0.0
0.0,21.63272111365848,0.0,0.0,0.0,0.0
0.0,21.629404068488924,0.0,0.0,0.0,0.0
0.0,21.629476061212564,0.0,0.0,0.0,0.0
0.0,21.621721699808194,0.0,0.0,0.0,0.0
0.0,21.622748767304685,0.0,0.0,0.0,0.0
0.0,21.62432050737216,0.0,0.0,0.0,0.0
0.0,21.6250536437996,0.0,0.0,0.0,0.0
0.0,21.62112795396397,0.0,0.0,0.0,0.0
0.0,21.62334749445916,0.0,0.0,0.0,0.0
0.0,21.626549148238283,0.0,0.0,0.0,0.0
0.0,21.633711774539837,0.0,0.0,0.0,0.0
0.0,21.64681150221066,0.0,0.0,0.0,0.0
0.0,21.663838251222366,0.0,0.0,0.0,0.0
0.0,21.67275098593959,0.0,0.0,0.0,0.0
0.0,21.688240651291437,0.0,0.0,0.0,0.0
0.0,21.698204474139686,0.0,0.0,0.0,0.0
0.0,21.712788772099813,0.0,0.0,0.0,0.0
0.0,21.722668007788126,0.0,0.0,0.0,0.0
0.0,21.73571394071982,0.0,0.0,0.0,0.0
0.0,21.749536020343903,0.0,0.0,0.0,0.0
0.0,21.747593003869152,0.0,0.0,0.0,0.0
0.0,21.732906286472446,0.0,0.0,0.0,0.0
0.0,21.72208369548879,0.0,0.0,0.0,0.0
0.0,21.72759537020191,0.0,0.0,0.0,0.0
0.0,21.7330986791979,0.0,0.0,0.0,0.0
0.0,21.743708167444062,0.0,0.0,0.0,0.0
0.0,21.75208011884137,0.0,0.0,0.0,0.0
0.0,21.76024065147042,0.0,0.0,0.0,0.0
0.0,21.759939572946394,0.0,0.0,0.0,0.0
0.0,21.757105130790713,0.0,0.0,0.0,0.0
0.0,21.753467182058216,0.0,0.0,0.0,0.0
0.0,21.75190176565019,0.0,0.0,0.0,0.0
0.0,21.74974643295048,0.0,0.0,0.0,0.0
0.0,21.750263702567402,0.0,0.0,0.0,0.0
0.0,21.75071369222474,0.0,0.0,0.0,0.0
0.0,21.748491902148395,0.0,0.0,0.0,0.0
0.0,21.744777645036308,0.0,0.0,0.0,0.0
0.0,21.744333532515807,0.0,0.0,0.0,0.0
0.0,21.74282935916929,0.0,0.0,0.0,0.0
0.0,21.74350755648016,0.0,0.0,0.0,0.0
0.0,21.756045365696576,0.0,0.0,0.0,0.0
0.0,21.76507186607367,0.0,0.0,0.0,0.0
0.0,21.780506882429634,0.0,0.0,0.0,0.0
0.0,21.79052482770341,0.0,0.0,0.0,0.0
0.0,21.80691212854099,0.0,0.0,0.0,0.0
0.0,21.81915927328806,0.0,0.0,0.0,0.0
0.0,21.835778104814718,0.0,0.0,0.0,0.0
0.0,21.85070952263091,0.0,0.0,0.0,0.0
0.0,21.85487722342073,0.0,0.0,0.0,0.0
0.0,21.859338764031474,0.0,0.0,0.0,0.0
0.0,21.86322709991209,0.0,0.0,0.0,0.0
0.0,21.864757658093254,0.0,0.0,0.0,0.0
0.0,21.863705550350566,0.0,0.0,0.0,0.0
0.0,21.873895531270907,0.0,0.0,0.0,0.0
0.0,21.879778241556984,0.0,0.0,0.0,0.0
0.0,21.88287937070532,0.0,0.0,0.0,0.0
0.0,21.890912915111226,0.0,0.0,0.0,0.0
0.0,21.90311642769314,0.0,0.0,0.0,0.0
0.0,21.911134400836033,0.0,0.0,0.0,0.0
0.0,21.912088339177796,0.0,0.0,0.0,0.0
0.0,21.913345665949294,0.0,0.0,0.0,0.0
0.0,21.913754413184762,0.0,0.0,0.0,0.0
0.0,21.913512086206378,0.0,0.0,0.0,0.0
0.0,21.913079307043326,0.0,0.0,0.0,0.0
0.0,21.918695378539738,0.0,0.0,0.0,0.0
0.0,21.930639996058563,0.0,0.0,0.0,0.0
0.0,21.938269577817355,0.0,0.0,0.0,0.0
0.0,21.95238714279684,0.0,0.0,0.0,0.0
0.0,21.96804135454698,0.0,0.0,0.0,0.0
0.0,21.973576542629605,0.0,0.0,0.0,0.0
0.0,21.972918440738145,0.0,0.0,0.0,0.0
0.0,21.973874137145252,0.0,0.0,0.0,0.0
0.0,21.97577834870498,0.0,0.0,0.0,0.0
0.0,21.976613347246143,0.0,0.0,0.0,0.0
0.0,21.977968085052535,0.0,0.0,0.0,0.0
0.0,21.98603996640655,0.0,0.0,0.0,0.0
0.0,21.98788133808032,0.0,0.0,0.0,0.0
0.0,21.986292743162068,0.0,0.0,0.0,0.0
0.0,21.98620350719919,0.0,0.0,0.0,0.0
0.0,21.986019491375668,0.0,0.0,0.0,0.0
0.0,21.985090811761513,0.0,0.0,0.0,0.0
0.0,21.98428361963562,0.0,0.0,0.0,0.0
0.0,21.984180249506696,0.0,0.0,0.0,0.0
0.0,21.98237397806552,0.0,0.0,0.0,0.0
0.0,21.975894154306943,0.0,0.0,0.0,0.0
0.0,21.967590313887804,0.0,0.0,0.0,0.0
0.0,21.963550162722896,0.0,0.0,0.0,0.0
0.0,21.963244423665813,0.0,0.0,0.0,0.0
0.0,21.962238695754888,0.0,0.0,0.0,0.0
0.0,21.960669648558333,0.0,0.0,0.0,0.0
0.0,21.969235969069707,0.0,0.0,0.0,0.0
0.0,21.97680145103485,0.0,0.0,0.0,0.0
0.0,21.988905114023055,0.0,0.0,0.0,0.0
0.0,21.993587069623107,0.0,0.0,0.0,0.0
0.0,21.994632832085863,0.0,0.0,0.0,0.0
0.0,21.995926268618174,0.0,0.0,0.0,0.0
0.0,22.00560457981775,0.0,0.0,0.0,0.0
0.0,22.016655876487594,0.0,0.0,0.0,0.0
0.0,22.03113352589595,0.0,0.0,0.0,0.0
0.0,22.027697898714106,0.0,0.0,0.0,0.0
0.0,22.02451208884932,0.0,0.0,0.0,0.0
0.0,22.015851024326906,0.0,0.0,0.0,0.0
0.0,22.02162263141744,0.0,0.0,0.0,0.0
0.0,22.02497458779866,0.0,0.0,0.0,0.0
0.0,22.038270199381497,0.0,0.0,0.0,0.0
0.0,22.03883552914849,0.0,0.0,0.0,0.0
0.0,22.039759124033118,0.0,0.0,0.0,0.0
0.0,22.04084737280943,0.0,0.0,0.0,0.0
0.0,22.04199640977413,0.0,0.0,0.0,0.0
0.0,22.035819994945687,0.0,0.0,0.0,0.0
0.0,22.025628755440206,0.0,0.0,0.0,0.0
0.0,22.02658941440278,0.0,0.0,0.0,0.0
0.0,22.028163549283512,0.0,0.0,0.0,0.0
0.0,22.029642761057417,0.0,0.0,0.0,0.0
0.0,22.03110854650564,0.0,0.0,0.0,0.0
0.0,22.024581163538624,0.0,0.0,0.0,0.0
0.0,22.02349435582451,0.0,0.0,0.0,0.0
0.0,22.027370986927405,0.0,0.0,0.0,0.0
0.0,22.031795915327905,0.0,0.0,0.0,0.0
0.0,22.035467739724538,0.0,0.0,0.0,0.0
0.0,22.032130897603025,0.0,0.0,0.0,0.0
0.0,22.03234765915782,0.0,0.0,0.0,0.0
0.0,22.03130355710315,0.0,0.0,0.0,0.0
0.0,22.03462407093993,0.0,0.0,0.0,0.0
0.0,22.037797914301187,0.0,0.0,0.0,0.0
0.0,22.039737960201,0.0,0.0,0.0,0.0
0.0,22.043175453222155,0.0,0.0,0.0,0.0
0.0,22.04659787909042,0.0,0.0,0.0,0.0
0.0,22.05430257527437,0.0,0.0,0.0,0.0
0.0,22.05996677739078,0.0,0.0,0.0,0.0
0.0,22.063451759632184,0.0,0.0,0.0,0.0
0.0,22.066905122330873,0.0,0.0,0.0,0.0
0.0,22.070292008490153,0.0,0.0,0.0,0.0
0.0,22.073740317280535,0.0,0.0,0.0,0.0
0.0,22.080440135427477,0.0,0.0,0.0,0.0
0.0,22.087408650747314,0.0,0.0,0.0,0.0
0.0,22.09469300688739,0.0,0.0,0.0,0.0
0.0,22.10133078820526,0.0,0.0,0.0,0.0
0.0,22.105561382208958,0.0,0.0,0.0,0.0
0.0,22.10976333522172,0.0,0.0,0.0,0.0
0.0,22.113640078226467,0.0,0.0,0.0,0.0
0.0,22.12210551297954,0.0,0.0,0.0,0.0
0.0,22.128234241920726,0.0,0.0,0.0,0.0
0.0,22.13901005550225,0.0,0.0,0.0,0.0
0.0,22.146789497747733,0.0,0.0,0.0,0.0
0.0,22.14986075166657,0.0,0.0,0.0,0.0
0.0,22.152597697363795,0.0,0.0,0.0,0.0
0.0,22.15357373332815,0.0,0.0,0.0,0.0
0.0,22.15805849448047,0.0,0.0,0.0,0.0
0.0,22.16253549344474,0.0,0.0,0.0,0.0
0.0,22.163402062229533,0.0,0.0,0.0,0.0
0.0,22.164098533709936,0.0,0.0,0.0,0.0
0.0,22.164429209516005,0.0,0.0,0.0,0.0
0.0,22.164386131375558,0.0,0.0,0.0,0.0
0.0,22.163642202468324,0.0,0.0,0.0,0.0
0.0,22.16181917947591,0.0,0.0,0.0,0.0
0.0,22.161794166801936,0.0,0.0,0.0,0.0
0.0,22.162168601623033,0.0,0.0,0.0,0.0
0.0,22.163366738243013,0.0,0.0,0.0,0.0
0.0,22.165843936111152,0.0,0.0,0.0,0.0
0.0,22.166786611810096,0.0,0.0,0.0,0.0
0.0,22.16643650134729,0.0,0.0,0.0,0.0
0.0,22.166657188267674,0.0,0.0,0.0,0.0
0.0,22.17141736857035,0.0,0.0,0.0,0.0
0.0,22.178776998206366,0.0,0.0,0.0,0.0
0.0,22.17850427555533,0.0,0.0,0.0,0.0
0.0,22.183557528395735,0.0,0.0,0.0,0.0
0.0,22.18834630216358,0.0,0.0,0.0,0.0
0.0,22.194154629345647,0.0,0.0,0.0,0.0
0.0,22.19751586905273,0.0,0.0,0.0,0.0
0.0,22.19602887404645,0.0,0.0,0.0,0.0
0.0,22.19437276970919,0.0,0.0,0.0,0.0
0.0,22.19288334001201,0.0,0.0,0.0,0.0
0.0,22.20210139546047,0.0,0.0,0.0,0.0
0.0,22.20551872919089,0.0,0.0,0.0,0.0
0.0,22.212498554790134,0.0,0.0,0.0,0.0
0.0,22.21556168836096,0.0,0.0,0.0,0.0
0.0,22.216940500866162,0.0,0.0,0.0,0.0
0.0,22.21749836220517,0.0,0.0,0.0,0.0
0.0,22.218916240516318,0.0,0.0,0.0,0.0
0.0,22.220287190084232,0.0,0.0,0.0,0.0
0.0,22.221684529839926,0.0,0.0,0.0,0.0
0.0,22.228733152683454,0.0,0.0,0.0,0.0
0.0,22.235801134913274,0.0,0.0,0.0,0.0
0.0,22.240512404191804,0.0,0.0,0.0,0.0
0.0,22.245826525316296,0.0,0.0,0.0,0.0
0.0,22.249273754570986,0.0,0.0,0.0,0.0
0.0,22.24799812890013,0.0,0.0,0.0,0.0
0.0,22.247894324782706,0.0,0.0,0.0,0.0
0.0,22.24788210910246,0.0,0.0,0.0,0.0
0.0,22.249427787434854,0.0,0.0,0.0,0.0
0.0,22.25089292045336,0.0,0.0,0.0,0.0
0.0,22.249862409705713,0.0,0.0,0.0,0.0
0.0,22.250508352737526,0.0,0.0,0.0,0.0
0.0,22.251252040692876,0.0,0.0,0.0,0.0
0.0,22.251957044738962,0.0,0.0,0.0,0.0
0.0,22.259101136225357,0.0,0.0,0.0,0.0
0.0,22.259230983616128,0.0,0.0,0.0,0.0
0.0,22.257991066353338,0.0,0.0,0.0,0.0
0.0,22.258423855572957,0.0,0.0,0.0,0.0
0.0,22.258215691762196,0.0,0.0,0.0,0.0
0.0,22.257452429066173,0.0,0.0,0.0,0.0
0.0,22.257094435664484,0.0,0.0,0.0,0.0
0.0,22.257913668379665,0.0,0.0,0.0,0.0
0.0,22.2585156930229,0.0,0.0,0.0,0.0
0.0,22.256723178481348,0.0,0.0,0.0,0.0
0.0,22.258988526958767,0.0,0.0,0.0,0.0
0.0,22.26410917804675,0.0,0.0,0.0,0.0
0.0,22.26747245798047,0.0,0.0,0.0,0.0
0.0,22.26577438296819,0.0,0.0,0.0,0.0
0.0,22.265444097990134,0.0,0.0,0.0,0.0
0.0,22.26405269824805,0.0,0.0,0.0,0.0
0.0,22.26843716464127,0.0,0.0,0.0,0.0
0.0,22.270425748208844,0.0,0.0,0.0,0.0
0.0,22.265359773218805,0.0,0.0,0.0,0.0
0.0,22.26321622452986,0.0,0.0,0.0,0.0
0.0,22.264104160492607,0.0,0.0,0.0,0.0
0.0,22.264852274008962,0.0,0.0,0.0,0.0
0.0,22.27089218807015,0.0,0.0,0.0,0.0
0.0,22.279953534681635,0.0,0.0,0.0,0.0
0.0,22.290586899752707,0.0,0.0,0.0,0.0
0.0,22.2990575433525,0.0,0.0,0.0,0.0
0.0,22.30627753100801,0.0,0.0,0.0,0.0
0.0,22.316492867612112,0.0,0.0,0.0,0.0
0.0,22.32233736850561,0.0,0.0,0.0,0.0
0.0,22.32967972486062,0.0,0.0,0.0,0.0
0.0,22.337378115873015,0.0,0.0,0.0,0.0
0.0,22.348118466019457,0.0,0.0,0.0,0.0
0.0,22.36120284999663,0.0,0.0,0.0,0.0
0.0,22.373470216669016,0.0,0.0,0.0,0.0
0.0,22.38751819597702,0.0,0.0,0.0,0.0
0.0,22.397311201786135,0.0,0.0,0.0,0.0
0.0,22.40620635982057,0.0,0.0,0.0,0.0
0.0,22.412611296891487,0.0,0.0,0.0,0.0
0.0,22.418643170371357,0.0,0.0,0.0,0.0
0.0,22.426214679746536,0.0,0.0,0.0,0.0
0.0,22.431161875374453,0.0,0.0,0.0,0.0
0.0,22.439606987179925,0.0,0.0,0.0,0.0
0.0,22.441510409474233,0.0,0.0,0.0,0.0
0.0,22.442624644465045,0.0,0.0,0.0,0.0
0.0,22.446868378727057,0.0,0.0,0.0,0.0
0.0,22.45010688181282,0.0,0.0,0.0,0.0
0.0,22.45084007483062,0.0,0.0,0.0,0.0
0.0,22.45283693147133,0.0,0.0,0.0,0.0
0.0,22.46786734858405,0.0,0.0,0.0,0.0
0.0,22.48295244116788,0.0,0.0,0.0,0.0
0.0,22.496415571399933,0.0,0.0,0.0,0.0
0.0,22.51545636349276,0.0,0.0,0.0,0.0
0.0,22.528152610571027,0.0,0.0,0.0,0.0
0.0,22.532526374253926,0.0,0.0,0.0,0.0
0.0,22.53694871827996,0.0,0.0,0.0,0.0
0.0,22.551646094779475,0.0,0.0,0.0,0.0
0.0,22.560625075288623,0.0,0.0,0.0,0.0
0.0,22.564410225822996,0.0,0.0,0.0,0.0
0.0,22.56455300949481,0.0,0.0,0.0,0.0
0.0,22.55933246579363,0.0,0.0,0.0,0.0
0.0,22.55930371698346,0.0,0.0,0.0,0.0
0.0,22.560890599597585,0.0,0.0,0.0,0.0
0.0,22.562683443023445,0.0,0.0,0.0,0.0
0.0,22.564755139745824,0.0,0.0,0.0,0.0
0.0,22.564932871950102,0.0,0.0,0.0,0.0
0.0,22.563362303393767,0.0,0.0,0.0,0.0
0.0,22.562688293032835,0.0,0.0,0.0,0.0
0.0,22.558617348410106,0.0,0.0,0.0,0.0
0.0,22.55594303174459,0.0,0.0,0.0,0.0
0.0,22.55794465037579,0.0,0.0,0.0,0.0
0.0,22.56177687172275,0.0,0.0,0.0,0.0
0.0,22.56324084246064,0.0,0.0,0.0,0.0
0.0,22.561158615655188,0.0,0.0,0.0,0.0
0.0,22.55903934589329,0.0,0.0,0.0,0.0
0.0,22.55694786694382,0.0,0.0,0.0,0.0
0.0,22.55485464924774,0.0,0.0,0.0,0.0
0.0,22.551455616403267,0.0,0.0,0.0,0.0
0.0,22.544759094533298,0.0,0.0,0.0,0.0
0.0,22.53359116842001,0.0,0.0,0.0,0.0
0.0,22.52244438516579,0.0,0.0,0.0,0.0
0.0,22.515522891946638,0.0,0.0,0.0,0.0
0.0,22.51129580933978,0.0,0.0,0.0,0.0
0.0,22.50655515237533,0.0,0.0,0.0,0.0
0.0,22.50217082485869,0.0,0.0,0.0,0.0
0.0,22.503452045487847,0.0,0.0,0.0,0.0
0.0,22.508089339847135,0.0,0.0,0.0,0.0
0.0,22.5189963856326,0.0,0.0,0.0,0.0
0.0,22.528536092151157,0.0,0.0,0.0,0.0
0.0,22.534068096013527,0.0,0.0,0.0,0.0
0.0,22.542699206193053,0.0,0.0,0.0,0.0
0.0,22.54720358926803,0.0,0.0,0.0,0.0
0.0,22.54460174898419,0.0,0.0,0.0,0.0
0.0,22.544335342939615,0.0,0.0,0.0,0.0
0.0,22.54576249454552,0.0,0.0,0.0,0.0
0.0,22.54109077609458,0.0,0.0,0.0,0.0
0.0,22.539728490792204,0.0,0.0,0.0,0.0
0.0,22.53809192677038,0.0,0.0,0.0,0.0
0.0,22.536600388924487,0.0,0.0,0.0,0.0
0.0,22.535142916611427,0.0,0.0,0.0,0.0
0.0,22.53190763272477,0.0,0.0,0.0,0.0
0.0,22.528548915700856,0.0,0.0,0.0,0.0
0.0,22.525127073206274,0.0,0.0,0.0,0.0
0.0,22.521841034774575,0.0,0.0,0.0,0.0
0.0,22.51802815334836,0.0,0.0,0.0,0.0
0.0,22.512928286344305,0.0,0.0,0.0,0.0
0.0,22.506514721146306,0.0,0.0,0.0,0.0
0.0,22.500694376057695,0.0,0.0,0.0,0.0
0.0,22.494625946957775,0.0,0.0,0.0,0.0
0.0,22.490209076998728,0.0,0.0,0.0,0.0
0.0,22.486310494997152,0.0,0.0,0.0,0.0
0.0,22.482640865622585,0.0,0.0,0.0,0.0
0.0,22.478978215483536,0.0,0.0,0.0,0.0
0.0,22.47552426057767,0.0,0.0,0.0,0.0
0.0,22.471415559985505,0.0,0.0,0.0,0.0
0.0,22.466628983509978,0.0,0.0,0.0,0.0
0.0,22.461826594432605,0.0,0.0,0.0,0.0
0.0,22.457550732986057,0.0,0.0,0.0,0.0
0.0,22.453907049890688,0.0,0.0,0.0,0.0
0.0,22.450294716396,0.0,0.0,0.0,0.0
0.0,22.446699305919097,0.0,0.0,0.0,0.0
0.0,22.443465980763634,0.0,0.0,0.0,0.0
0.0,22.440141416190993,0.0,0.0,0.0,0.0
0.0,22.436414273088477,0.0,0.0,0.0,0.0
0.0,22.43307554816812,0.0,0.0,0.0,0.0
0.0,22.43053951439021,0.0,0.0,0.0,0.0
0.0,22.4275348598328,0.0,0.0,0.0,0.0
0.0,22.424916244882738,0.0,0.0,0.0,0.0
0.0,22.422685189100285,0.0,0.0,0.0,0.0
0.0,22.421051347000468,0.0,0.0,0.0,0.0
0.0,22.419492811733623,0.0,0.0,0.0,0.0
0.0,22.42633962761408,0.0,0.0,0.0,0.0
0.0,22.437340794752235,0.0,0.0,0.0,0.0
0.0,22.44408341678529,0.0,0.0,0.0,0.0
0.0,22.448255922574774,0.0,0.0,0.0,0.0
0.0,22.44702299663505,0.0,0.0,0.0,0.0
0.0,22.45515649931498,0.0,0.0,0.0,0.0
0.0,22.459074379386166,0.0,0.0,0.0,0.0
0.0,22.458884981203486,0.0,0.0,0.0,0.0
0.0,22.458573188256622,0.0,0.0,0.0,0.0
0.0,22.45364319355634,0.0,0.0,0.0,0.0
0.0,22.462740883520112,0.0,0.0,0.0,0.0
0.0,22.47505552268083,0.0,0.0,0.0,0.0
0.0,22.483337592799923,0.0,0.0,0.0,0.0
0.0,22.49574894512408,0.0,0.0,0.0,0.0
0.0,22.50374145543383,0.0,0.0,0.0,0.0
0.0,22.51861939292112,0.0,0.0,0.0,0.0
0.0,22.530977073360795,0.0,0.0,0.0,0.0
0.0,22.539253659625615,0.0,0.0,0.0,0.0
0.0,22.544941449411464,0.0,0.0,0.0,0.0
0.0,22.541115397904587,0.0,0.0,0.0,0.0
0.0,22.55001513153456,0.0,0.0,0.0,0.0
0.0,22.56264037692413,0.0,0.0,0.0,0.0
0.0,22.57305664076043,0.0,0.0,0.0,0.0
0.0,22.574940412181604,0.0,0.0,0.0,0.0
0.0,22.573091965778186,0.0,0.0,0.0,0.0
0.0,22.570105598681916,0.0,0.0,0.0,0.0
0.0,22.566189456106347,0.0,0.0,0.0,0.0
0.0,22.56276308295894,0.0,0.0,0.0,0.0
0.0,22.559400947934293,0.0,0.0,0.0,0.0
0.0,22.55545218571561,0.0,0.0,0.0,0.0
0.0,22.55100786996252,0.0,0.0,0.0,0.0
0.0,22.54523367585849,0.0,0.0,0.0,0.0
0.0,22.540450940600838,0.0,0.0,0.0,0.0
0.0,22.535029840047862,0.0,0.0,0.0,0.0
0.0,22.529807747586595,0.0,0.0,0.0,0.0
0.0,22.52509266745515,0.0,0.0,0.0,0.0
0.0,22.517915968740777,0.0,0.0,0.0,0.0
0.0,22.512896761282114,0.0,0.0,0.0,0.0
0.0,22.509160235772693,0.0,0.0,0.0,0.0
0.0,22.507142555587166,0.0,0.0,0.0,0.0
0.0,22.505593387977054,0.0,0.0,0.0,0.0
0.0,22.501219098003425,0.0,0.0,0.0,0.0
0.0,22.4914371307851,0.0,0.0,0.0,0.0
0.0,22.48762621379896,0.0,0.0,0.0,0.0
0.0,22.48432894231316,0.0,0.0,0.0,0.0
0.0,22.47986880964757,0.0,0.0,0.0,0.0
0.0,22.4755244909999,0.0,0.0,0.0,0.0
0.0,22.470726021099065,0.0,0.0,0.0,0.0
0.0,22.466389286467834,0.0,0.0,0.0,0.0
0.0,22.462691860572274,0.0,0.0,0.0,0.0
0.0,22.458167257174487,0.0,0.0,0.0,0.0
0.0,22.455070482631985,0.0,0.0,0.0,0.0
0.0,22.45459291760508,0.0,0.0,0.0,0.0
0.0,22.456110000243374,0.0,0.0,0.0,0.0
0.0,22.456630759017855,0.0,0.0,0.0,0.0
0.0,22.458570438394077,0.0,0.0,0.0,0.0
0.0,22.46050798686551,0.0,0.0,0.0,0.0
0.0,22.462886500486036,0.0,0.0,0.0,0.0
0.0,22.46517168196418,0.0,0.0,0.0,0.0
0.0,22.467460268413692,0.0,0.0,0.0,0.0
0.0,22.469812552198015,0.0,0.0,0.0,0.0
0.0,22.472118240635503,0.0,0.0,0.0,0.0
0.0,22.47360106766187,0.0,0.0,0.0,0.0
0.0,22.474144382293865,0.0,0.0,0.0,0.0
0.0,22.475077282806904,0.0,0.0,0.0,0.0
0.0,22.480371610195867,0.0,0.0,0.0,0.0
0.0,22.485457661236563,0.0,0.0,0.0,0.0
0.0,22.486492964469065,0.0,0.0,0.0,0.0
0.0,22.48739601234695,0.0,0.0,0.0,0.0
0.0,22.500790612906055,0.0,0.0,0.0,0.0
0.0,22.506582145438365,0.0,0.0,0.0,0.0
0.0,22.507675422899908,0.0,0.0,0.0,0.0
0.0,22.508673463577917,0.0,0.0,0.0,0.0
0.0,22.509830214102173,0.0,0.0,0.0,0.0
0.0,22.51102203377924,0.0,0.0,0.0,0.0
0.0,22.51216067185848,0.0,0.0,0.0,0.0
0.0,22.51211781057217,0.0,0.0,0.0,0.0
0.0,22.510526052622403,0.0,0.0,0.0,0.0
0.0,22.51169743833953,0.0,0.0,0.0,0.0
0.0,22.51198823095467,0.0,0.0,0.0,0.0
0.0,22.52018830770268,0.0,0.0,0.0,0.0
0.0,22.530287621861618,0.0,0.0,0.0,0.0
0.0,22.531518590298955,0.0,0.0,0.0,0.0
0.0,22.532157166542255,0.0,0.0,0.0,0.0
0.0,22.537675909087703,0.0,0.0,0.0,0.0
0.0,22.54732805440975,0.0,0.0,0.0,0.0
0.0,22.552683238585633,0.0,0.0,0.0,0.0
0.0,22.56228474919397,0.0,0.0,0.0,0.0
0.0,22.56349813793271,0.0,0.0,0.0,0.0
0.0,22.560290350200685,0.0,0.0,0.0,0.0
0.0,22.554765966207675,0.0,0.0,0.0,0.0
0.0,22.5484801566114,0.0,0.0,0.0,0.0
0.0,22.546113285742923,0.0,0.0,0.0,0.0
0.0,22.546543964975175,0.0,0.0,0.0,0.0
0.0,22.54806071058124,0.0,0.0,0.0,0.0
0.0,22.549719648795012,0.0,0.0,0.0,0.0
0.0,22.551381623511876,0.0,0.0,0.0,0.0
0.0,22.55305351377291,0.0,0.0,0.0,0.0
0.0,22.55469787933137,0.0,0.0,0.0,0.0
0.0,22.560728948218774,0.0,0.0,0.0,0.0
0.0,22.572931256132005,0.0,0.0,0.0,0.0
0.0,22.57466936575957,0.0,0.0,0.0,0.0
0.0,22.57611233393339,0.0,0.0,0.0,0.0
0.0,22.576858131426704,0.0,0.0,0.0,0.0
0.0,22.57772728289238,0.0,0.0,0.0,0.0
0.0,22.58077128098109,0.0,0.0,0.0,0.0
0.0,22.59245192819445,0.0,0.0,0.0,0.0
0.0,22.593914754788983,0.0,0.0,0.0,0.0
0.0,22.59540800897818,0.0,0.0,0.0,0.0
0.0,22.59689264452991,0.0,0.0,0.0,0.0
0.0,22.605872226777763,0.0,0.0,0.0,0.0
0.0,22.612919836410807,0.0,0.0,0.0,0.0
0.0,22.611810806637855,0.0,0.0,0.0,0.0
0.0,22.611706630859754,0.0,0.0,0.0,0.0
0.0,22.611547720462557,0.0,0.0,0.0,0.0
0.0,22.611461057956184,0.0,0.0,0.0,0.0
0.0,22.611327674518282,0.0,0.0,0.0,0.0
0.0,22.611170631253785,0.0,0.0,0.0,0.0
0.0,22.615777885884025,0.0,0.0,0.0,0.0
0.0,22.625968305951528,0.0,0.0,0.0,0.0
0.0,22.627651708318037,0.0,0.0,0.0,0.0
0.0,22.629366193295873,0.0,0.0,0.0,0.0
0.0,22.631124421162514,0.0,0.0,0.0,0.0
0.0,22.64299186910655,0.0,0.0,0.0,0.0
0.0,22.653374727483097,0.0,0.0,0.0,0.0
0.0,22.67027188483816,0.0,0.0,0.0,0.0
0.0,22.680642186082775,0.0,0.0,0.0,0.0
0.0,22.68728566697482,0.0,0.0,0.0,0.0
0.0,22.68897002719027,0.0,0.0,0.0,0.0
0.0,22.690653738566933,0.0,0.0,0.0,0.0
0.0,22.69230396502639,0.0,0.0,0.0,0.0
0.0,22.69399235869103,0.0,0.0,0.0,0.0
0.0,22.695689885069708,0.0,0.0,0.0,0.0
0.0,22.697331101967862,0.0,0.0,0.0,0.0
0.0,22.703311979681235,0.0,0.0,0.0,0.0
0.0,22.713757026770622,0.0,0.0,0.0,0.0
0.0,22.71542455431829,0.0,0.0,0.0,0.0
0.0,22.717176688246962,0.0,0.0,0.0,0.0
0.0,22.71890598319818,0.0,0.0,0.0,0.0
0.0,22.722810849357224,0.0,0.0,0.0,0.0
0.0,22.72669083562904,0.0,0.0,0.0,0.0
0.0,22.740004888908807,0.0,0.0,0.0,0.0
0.0,22.74710655558025,0.0,0.0,0.0,0.0
0.0,22.750107554244952,0.0,0.0,0.0,0.0
0.0,22.752540951903022,0.0,0.0,0.0,0.0
0.0,22.75523226100206,0.0,0.0,0.0,0.0
0.0,22.7578815070734,0.0,0.0,0.0,0.0
0.0,22.760231271973282,0.0,0.0,0.0,0.0
0.0,22.76081560497069,0.0,0.0,0.0,0.0
0.0,22.766450910312898,0.0,0.0,0.0,0.0
0.0,22.77459659809406,0.0,0.0,0.0,0.0
0.0,22.787687947777677,0.0,0.0,0.0,0.0
0.0,22.79896851210082,0.0,0.0,0.0,0.0
0.0,22.801045088625262,0.0,0.0,0.0,0.0
0.0,22.805413086284425,0.0,0.0,0.0,0.0
0.0,22.809447875391207,0.0,0.0,0.0,0.0
0.0,22.82187244131939,0.0,0.0,0.0,0.0
0.0,22.826400975081143,0.0,0.0,0.0,0.0
0.0,22.827293379987733,0.0,0.0,0.0,0.0
0.0,22.8203568922883,0.0,0.0,0.0,0.0
0.0,22.823885961341837,0.0,0.0,0.0,0.0
0.0,22.8394555721948,0.0,0.0,0.0,0.0
0.0,22.849701239332678,0.0,0.0,0.0,0.0
0.0,22.851330850885102,0.0,0.0,0.0,0.0
0.0,22.85285758293555,0.0,0.0,0.0,0.0
0.0,22.853806118100458,0.0,0.0,0.0,0.0
0.0,22.854637849447446,0.0,0.0,0.0,0.0
0.0,22.85612430534962,0.0,0.0,0.0,0.0
0.0,22.85769412750551,0.0,0.0,0.0,0.0
0.0,22.859265707308214,0.0,0.0,0.0,0.0
0.0,22.86081974012279,0.0,0.0,0.0,0.0
0.0,22.86239135188228,0.0,0.0,0.0,0.0
0.0,22.863882789766784,0.0,0.0,0.0,0.0
0.0,22.865454419135123,0.0,0.0,0.0,0.0
0.0,22.8643496748013,0.0,0.0,0.0,0.0
0.0,22.859602610818417,0.0,0.0,0.0,0.0
0.0,22.85291797857058,0.0,0.0,0.0,0.0
0.0,22.854501683785717,0.0,0.0,0.0,0.0
0.0,22.856721938946563,0.0,0.0,0.0,0.0
0.0,22.857276446795993,0.0,0.0,0.0,0.0
0.0,22.855254926260006,0.0,0.0,0.0,0.0
0.0,22.85308723614453,0.0,0.0,0.0,0.0
0.0,22.855983085219616,0.0,0.0,0.0,0.0
0.0,22.858899334551367,0.0,0.0,0.0,0.0
0.0,22.861809982338794,0.0,0.0,0.0,0.0
0.0,22.864761050344807,0.0,0.0,0.0,0.0
0.0,22.86684926794707,0.0,0.0,0.0,0.0
0.0,22.869543987520466,0.0,0.0,0.0,0.0
0.0,22.872145114341087,0.0,0.0,0.0,0.0
0.0,22.874857539998963,0.0,0.0,0.0,0.0
0.0,22.877621945238584,0.0,0.0,0.0,0.0
0.0,22.876840282643965,0.0,0.0,0.0,0.0
0.0,22.887324506930128,0.0,0.0,0.0,0.0
0.0,22.897774120951773,0.0,0.0,0.0,0.0
0.0,22.9013181662196,0.0,0.0,0.0,0.0
0.0,22.904950632867642,0.0,0.0,0.0,0.0
0.0,22.90819036263128,0.0,0.0,0.0,0.0
0.0,22.911342081833652,0.0,0.0,0.0,0.0
0.0,22.914466313709518,0.0,0.0,0.0,0.0
0.0,22.917689454768524,0.0,0.0,0.0,0.0
0.0,22.9291401020964,0.0,0.0,0.0,0.0
0.0,22.942156680038714,0.0,0.0,0.0,0.0
0.0,22.961961826776047,0.0,0.0,0.0,0.0
0.0,22.978557958431576,0.0,0.0,0.0,0.0
0.0,22.990690880185912,0.0,0.0,0.0,0.0
0.0,22.99338527984083,0.0,0.0,0.0,0.0
0.0,22.99625742350178,0.0,0.0,0.0,0.0
0.0,22.999716841499886,0.0,0.0,0.0,0.0
0.0,23.003172470051414,0.0,0.0,0.0,0.0
0.0,23.006614807621677,0.0,0.0,0.0,0.0
0.0,23.009726682640647,0.0,0.0,0.0,0.0
0.0,23.012920590733053,0.0,0.0,0.0,0.0
0.0,23.016527977478653,0.0,0.0,0.0,0.0
0.0,23.01921889767308,0.0,0.0,0.0,0.0
0.0,23.02196085813619,0.0,0.0,0.0,0.0
0.0,23.024430608519403,0.0,0.0,0.0,0.0
0.0,23.026886696003864,0.0,0.0,0.0,0.0
0.0,23.029776596867478,0.0,0.0,0.0,0.0
0.0,23.033027290827683,0.0,0.0,0.0,0.0
0.0,23.036323372655765,0.0,0.0,0.0,0.0
0.0,23.03994524336921,0.0,0.0,0.0,0.0
0.0,23.044222789423113,0.0,0.0,0.0,0.0
0.0,23.04846895879326,0.0,0.0,0.0,0.0
0.0,23.052731272022736,0.0,0.0,0.0,0.0
0.0,23.05698671498572,0.0,0.0,0.0,0.0
0.0,23.061352719099595,0.0,0.0,0.0,0.0
0.0,23.065221761108482,0.0,0.0,0.0,0.0
0.0,23.06886990385449,0.0,0.0,0.0,0.0
0.0,23.073187066954393,0.0,0.0,0.0,0.0
0.0,23.07762023996864,0.0,0.0,0.0,0.0
0.0,23.082037547209435,0.0,0.0,0.0,0.0
0.0,23.086488369599728,0.0,0.0,0.0,0.0
0.0,23.090966328786248,0.0,0.0,0.0,0.0
0.0,23.09555264940968,0.0,0.0,0.0,0.0
0.0,23.100015796575963,0.0,0.0,0.0,0.0
0.0,23.10445323784832,0.0,0.0,0.0,0.0
0.0,23.108737193031523,0.0,0.0,0.0,0.0
0.0,23.11256561250956,0.0,0.0,0.0,0.0
0.0,23.11571722735756,0.0,0.0,0.0,0.0
0.0,23.113797002777602,0.0,0.0,0.0,0.0
0.0,23.117013866613828,0.0,0.0,0.0,0.0
0.0,23.120851992693893,0.0,0.0,0.0,0.0
0.0,23.12533664181629,0.0,0.0,0.0,0.0
0.0,23.12991504978524,0.0,0.0,0.0,0.0
0.0,23.13452982087206,0.0,0.0,0.0,0.0
0.0,23.138403023098434,0.0,0.0,0.0,0.0
0.0,23.142149062666068,0.0,0.0,0.0,0.0
0.0,23.14541302358553,0.0,0.0,0.0,0.0
0.0,23.143792536438887,0.0,0.0,0.0,0.0
0.0,23.14480207521565,0.0,0.0,0.0,0.0
0.0,23.14869474863313,0.0,0.0,0.0,0.0
0.0,23.14956880490894,0.0,0.0,0.0,0.0
0.0,23.15341718439946,0.0,0.0,0.0,0.0
0.0,23.157012478462143,0.0,0.0,0.0,0.0
0.0,23.160894960503146,0.0,0.0,0.0,0.0
0.0,23.164408551899577,0.0,0.0,0.0,0.0
0.0,23.16613287790687,0.0,0.0,0.0,0.0
0.0,23.169040986470947,0.0,0.0,0.0,0.0
0.0,23.17160676056093,0.0,0.0,0.0,0.0
0.0,23.1743092551799,0.0,0.0,0.0,0.0
0.0,23.17713093700573,0.0,0.0,0.0,0.0
0.0,23.17983563627326,0.0,0.0,0.0,0.0
0.0,23.18314866219506,0.0,0.0,0.0,0.0
0.0,23.1854822958913,0.0,0.0,0.0,0.0
0.0,23.18731459280893,0.0,0.0,0.0,0.0
0.0,23.189494560908997,0.0,0.0,0.0,0.0
0.0,23.190619437527964,0.0,0.0,0.0,0.0
0.0,23.196294535162064,0.0,0.0,0.0,0.0
0.0,23.197237390448315,0.0,0.0,0.0,0.0
0.0,23.20588664028068,0.0,0.0,0.0,0.0
0.0,23.21182073184413,0.0,0.0,0.0,0.0
0.0,23.221366627899066,0.0,0.0,0.0,0.0
0.0,23.21532044920994,0.0,0.0,0.0,0.0
0.0,23.214513382082554,0.0,0.0,0.0,0.0
0.0,23.21439421791218,0.0,0.0,0.0,0.0
0.0,23.22464733048129,0.0,0.0,0.0,0.0
0.0,23.232265936370215,0.0,0.0,0.0,0.0
0.0,23.233513987540988,0.0,0.0,0.0,0.0
0.0,23.233138766958813,0.0,0.0,0.0,0.0
0.0,23.23100816135951,0.0,0.0,0.0,0.0
0.0,23.230378695812497,0.0,0.0,0.0,0.0
0.0,23.23048673947104,0.0,0.0,0.0,0.0
0.0,23.234219703323216,0.0,0.0,0.0,0.0
0.0,23.237480310848035,0.0,0.0,0.0,0.0
0.0,23.23608139391109,0.0,0.0,0.0,0.0
0.0,23.234061236994826,0.0,0.0,0.0,0.0
0.0,23.23121091035436,0.0,0.0,0.0,0.0
0.0,23.228640192321365,0.0,0.0,0.0,0.0
0.0,23.232630588686884,0.0,0.0,0.0,0.0
0.0,23.236205428297605,0.0,0.0,0.0,0.0
0.0,23.23483098549155,0.0,0.0,0.0,0.0
0.0,23.231563157174534,0.0,0.0,0.0,0.0
0.0,23.22806946901118,0.0,0.0,0.0,0.0
0.0,23.224146265790015,0.0,0.0,0.0,0.0
0.0,23.21895837032821,0.0,0.0,0.0,0.0
0.0,23.212474210902,0.0,0.0,0.0,0.0
0.0,23.21152863470335,0.0,0.0,0.0,0.0
0.0,23.210542924333907,0.0,0.0,0.0,0.0
0.0,23.208730040358727,0.0,0.0,0.0,0.0
0.0,23.206277424557694,0.0,0.0,0.0,0.0
0.0,23.20432259986712,0.0,0.0,0.0,0.0
0.0,23.204045304674082,0.0,0.0,0.0,0.0
0.0,23.20064445873938,0.0,0.0,0.0,0.0
0.0,23.200838921156944,0.0,0.0,0.0,0.0
0.0,23.19431826312428,0.0,0.0,0.0,0.0
0.0,23.191244309284382,0.0,0.0,0.0,0.0
0.0,23.19336628813397,0.0,0.0,0.0,0.0
0.0,23.195811642770085,0.0,0.0,0.0,0.0
0.0,23.1972974111966,0.0,0.0,0.0,0.0
0.0,23.194060729925667,0.0,0.0,0.0,0.0
0.0,23.195920040453167,0.0,0.0,0.0,0.0
0.0,23.196352527638954,0.0,0.0,0.0,0.0
0.0,23.196783661530716,0.0,0.0,0.0,0.0
0.0,23.202412332430637,0.0,0.0,0.0,0.0
0.0,23.208050813141522,0.0,0.0,0.0,0.0
0.0,23.214557967633116,0.0,0.0,0.0,0.0
0.0,23.21512188637662,0.0,0.0,0.0,0.0
0.0,23.216085842071514,0.0,0.0,0.0,0.0
0.0,23.217194571406953,0.0,0.0,0.0,0.0
0.0,23.22119411565636,0.0,0.0,0.0,0.0
0.0,23.226660183127407,0.0,0.0,0.0,0.0
0.0,23.232441561218327,0.0,0.0,0.0,0.0
0.0,23.237806572505797,0.0,0.0,0.0,0.0
0.0,23.238119473445597,0.0,0.0,0.0,0.0
0.0,23.238841186527452,0.0,0.0,0.0,0.0
0.0,23.239505358748925,0.0,0.0,0.0,0.0
0.0,23.239995884545092,0.0,0.0,0.0,0.0
0.0,23.240534285281328,0.0,0.0,0.0,0.0
0.0,23.24133396509853,0.0,0.0,0.0,0.0
0.0,23.241896597345164,0.0,0.0,0.0,0.0
0.0,23.241844213063626,0.0,0.0,0.0,0.0
0.0,23.242540700598965,0.0,0.0,0.0,0.0
0.0,23.23513021058187,0.0,0.0,0.0,0.0
0.0,23.23544947524187,0.0,0.0,0.0,0.0
0.0,23.235241085706622,0.0,0.0,0.0,0.0
0.0,23.23096580870665,0.0,0.0,0.0,0.0
0.0,23.225242778299293,0.0,0.0,0.0,0.0
0.0,23.216437959174286,0.0,0.0,0.0,0.0
0.0,23.211233155227873,0.0,0.0,0.0,0.0
0.0,23.2069610973844,0.0,0.0,0.0,0.0
0.0,23.20775976166816,0.0,0.0,0.0,0.0
0.0,23.202488148703072,0.0,0.0,0.0,0.0
0.0,23.201141456439,0.0,0.0,0.0,0.0
0.0,23.202172856634462,0.0,0.0,0.0,0.0
0.0,23.212110464844816,0.0,0.0,0.0,0.0
0.0,23.211664368061882,0.0,0.0,0.0,0.0
0.0,23.202952415018505,0.0,0.0,0.0,0.0
0.0,23.199919059840266,0.0,0.0,0.0,0.0
0.0,23.191290716916395,0.0,0.0,0.0,0.0
0.0,23.187317859055515,0.0,0.0,0.0,0.0
0.0,23.185944725835583,0.0,0.0,0.0,0.0
0.0,23.18199201546513,0.0,0.0,0.0,0.0
0.0,23.175039091866967,0.0,0.0,0.0,0.0
0.0,23.166034926180217,0.0,0.0,0.0,0.0
0.0,23.16340425150489,0.0,0.0,0.0,0.0
0.0,23.15770971756747,0.0,0.0,0.0,0.0
0.0,23.15367013797892,0.0,0.0,0.0,0.0
0.0,23.147125974459986,0.0,0.0,0.0,0.0
0.0,23.144283328543256,0.0,0.0,0.0,0.0
0.0,23.141123413744104,0.0,0.0,0.0,0.0
0.0,23.142547851378122,0.0,0.0,0.0,0.0
0.0,23.146730364806686,0.0,0.0,0.0,0.0
0.0,23.15119089451875,0.0,0.0,0.0,0.0
0.0,23.151110336793725,0.0,0.0,0.0,0.0
0.0,23.151048455232875,0.0,0.0,0.0,0.0
0.0,23.14643474700366,0.0,0.0,0.0,0.0
0.0,23.14328605927571,0.0,0.0,0.0,0.0
0.0,23.14155361387209,0.0,0.0,0.0,0.0
0.0,23.136152323226394,0.0,0.0,0.0,0.0
0.0,23.129098908586222,0.0,0.0,0.0,0.0
0.0,23.12400766358519,0.0,0.0,0.0,0.0
0.0,23.121194152369263,0.0,0.0,0.0,0.0
0.0,23.1164945297433,0.0,0.0,0.0,0.0
0.0,23.11299026027501,0.0,0.0,0.0,0.0
0.0,23.10992661589626,0.0,0.0,0.0,0.0
0.0,23.11236319125005,0.0,0.0,0.0,0.0
0.0,23.112576096900828,0.0,0.0,0.0,0.0
0.0,23.11369712684116,0.0,0.0,0.0,0.0
0.0,23.113141245643835,0.0,0.0,0.0,0.0
0.0,23.1165102392818,0.0,0.0,0.0,0.0
0.0,23.128590288730358,0.0,0.0,0.0,0.0
0.0,23.144041706518262,0.0,0.0,0.0,0.0
0.0,23.153301407336983,0.0,0.0,0.0,0.0
0.0,23.16285952707876,0.0,0.0,0.0,0.0
0.0,23.16550776636289,0.0,0.0,0.0,0.0
0.0,23.176252155593332,0.0,0.0,0.0,0.0
0.0,23.193934667112405,0.0,0.0,0.0,0.0
0.0,23.2034312659321,0.0,0.0,0.0,0.0
0.0,23.207856550085346,0.0,0.0,0.0,0.0
0.0,23.21301515099688,0.0,0.0,0.0,0.0
0.0,23.21839998352283,0.0,0.0,0.0,0.0
0.0,23.222924872106635,0.0,0.0,0.0,0.0
0.0,23.22613559221061,0.0,0.0,0.0,0.0
0.0,23.22702921981789,0.0,0.0,0.0,0.0
0.0,23.229982563607148,0.0,0.0,0.0,0.0
0.0,23.234354500564212,0.0,0.0,0.0,0.0
0.0,23.239138138410958,0.0,0.0,0.0,0.0
0.0,23.244062178715794,0.0,0.0,0.0,0.0
0.0,23.24828934636587,0.0,0.0,0.0,0.0
0.0,23.252676681627403,0.0,0.0,0.0,0.0
0.0,23.263888455229445,0.0,0.0,0.0,0.0
0.0,23.269409323504135,0.0,0.0,0.0,0.0
0.0,23.272023097754683,0.0,0.0,0.0,0.0
0.0,23.272047914842638,0.0,0.0,0.0,0.0
0.0,23.271215724396082,0.0,0.0,0.0,0.0
0.0,23.271412245846065,0.0,0.0,0.0,0.0
0.0,23.271210656922797,0.0,0.0,0.0,0.0
0.0,23.27076965822589,0.0,0.0,0.0,0.0
0.0,23.270204119642308,0.0,0.0,0.0,0.0
0.0,23.26955683408831,0.0,0.0,0.0,0.0
0.0,23.268420049885272,0.0,0.0,0.0,0.0
0.0,23.266152639049768,0.0,0.0,0.0,0.0
0.0,23.263953504634802,0.0,0.0,0.0,0.0
0.0,23.26237655485824,0.0,0.0,0.0,0.0
0.0,23.260444912590753,0.0,0.0,0.0,0.0
0.0,23.25793318001718,0.0,0.0,0.0,0.0
0.0,23.256858450603524,0.0,0.0,0.0,0.0
0.0,23.257195926782057,0.0,0.0,0.0,0.0
0.0,23.257347217662698,0.0,0.0,0.0,0.0
0.0,23.257208509773452,0.0,0.0,0.0,0.0
0.0,23.257590126530676,0.0,0.0,0.0,0.0
0.0,23.258722594421233,0.0,0.0,0.0,0.0
0.0,23.269685300723882,0.0,0.0,0.0,0.0
0.0,23.282886648393124,0.0,0.0,0.0,0.0
0.0,23.291802022271295,0.0,0.0,0.0,0.0
0.0,23.293016292125046,0.0,0.0,0.0,0.0
0.0,23.29370195889925,0.0,0.0,0.0,0.0
0.0,23.294080026018843,0.0,0.0,0.0,0.0
0.0,23.293986721610977,0.0,0.0,0.0,0.0
0.0,23.294979217603036,0.0,0.0,0.0,0.0
0.0,23.30044288096046,0.0,0.0,0.0,0.0
0.0,23.31355019340791,0.0,0.0,0.0,0.0
0.0,23.317064623456734,0.0,0.0,0.0,0.0
0.0,23.322385038007823,0.0,0.0,0.0,0.0
0.0,23.325001423524395,0.0,0.0,0.0,0.0
0.0,23.325563642241324,0.0,0.0,0.0,0.0
0.0,23.32749030359542,0.0,0.0,0.0,0.0
0.0,23.328273364753212,0.0,0.0,0.0,0.0
0.0,23.329468517495755,0.0,0.0,0.0,0.0
0.0,23.33053774229751,0.0,0.0,0.0,0.0
0.0,23.33400020623797,0.0,0.0,0.0,0.0
0.0,23.340285059809514,0.0,0.0,0.0,0.0
0.0,23.34519428294225,0.0,0.0,0.0,0.0
0.0,23.34669829594913,0.0,0.0,0.0,0.0
0.0,23.343053481164457,0.0,0.0,0.0,0.0
0.0,23.32467846717413,0.0,0.0,0.0,0.0
0.0,23.318873304942596,0.0,0.0,0.0,0.0
0.0,23.31292424057457,0.0,0.0,0.0,0.0
0.0,23.30534024209056,0.0,0.0,0.0,0.0
0.0,23.294397331751345,0.0,0.0,0.0,0.0
0.0,23.288576177178175,0.0,0.0,0.0,0.0
0.0,23.282781889630883,0.0,0.0,0.0,0.0
0.0,23.27449201296318,0.0,0.0,0.0,0.0
0.0,23.26844885349785,0.0,0.0,0.0,0.0
0.0,23.26226294216469,0.0,0.0,0.0,0.0
0.0,23.25632064778113,0.0,0.0,0.0,0.0
0.0,23.248882244857587,0.0,0.0,0.0,0.0
0.0,23.244779071797012,0.0,0.0,0.0,0.0
0.0,23.242959605779117,0.0,0.0,0.0,0.0
0.0,23.241176294675068,0.0,0.0,0.0,0.0
0.0,23.239170520844787,0.0,0.0,0.0,0.0
0.0,23.232679960791256,0.0,0.0,0.0,0.0
0.0,23.220781742921258,0.0,0.0,0.0,0.0
0.0,23.211829828792748,0.0,0.0,0.0,0.0
0.0,23.205806593131314,0.0,0.0,0.0,0.0
0.0,23.207973299569076,0.0,0.0,0.0,0.0
0.0,23.206869541348667,0.0,0.0,0.0,0.0
0.0,23.200117265848093,0.0,0.0,0.0,0.0
0.0,23.192578210300933,0.0,0.0,0.0,0.0
0.0,23.187365640633192,0.0,0.0,0.0,0.0
0.0,23.1897681858097,0.0,0.0,0.0,0.0
0.0,23.193924880614205,0.0,0.0,0.0,0.0
0.0,23.198439631701053,0.0,0.0,0.0,0.0
0.0,23.19150000173077,0.0,0.0,0.0,0.0
0.0,23.182862562921855,0.0,0.0,0.0,0.0
0.0,23.176224657258917,0.0,0.0,0.0,0.0
0.0,23.16751257800768,0.0,0.0,0.0,0.0
0.0,23.172814149867257,0.0,0.0,0.0,0.0
0.0,23.162588845414188,0.0,0.0,0.0,0.0
0.0,23.15429436164785,0.0,0.0,0.0,0.0
0.0,23.1437593316771,0.0,0.0,0.0,0.0
0.0,23.13548046501261,0.0,0.0,0.0,0.0
0.0,23.12646304916541,0.0,0.0,0.0,0.0
0.0,23.12251556417932,0.0,0.0,0.0,0.0
0.0,23.118533964447103,0.0,0.0,0.0,0.0
0.0,23.114524129321822,0.0,0.0,0.0,0.0
0.0,23.110533811457596,0.0,0.0,0.0,0.0
0.0,23.106654451558864,0.0,0.0,0.0,0.0
0.0,23.102806377841016,0.0,0.0,0.0,0.0
0.0,23.0989457194592,0.0,0.0,0.0,0.0
0.0,23.095028672160023,0.0,0.0,0.0,0.0
0.0,23.091164844334333,0.0,0.0,0.0,0.0
0.0,23.088975048884365,0.0,0.0,0.0,0.0
0.0,23.08703802124633,0.0,0.0,0.0,0.0
0.0,23.08527616311801,0.0,0.0,0.0,0.0
0.0,23.083390984040626,0.0,0.0,0.0,0.0
0.0,23.08152664105875,0.0,0.0,0.0,0.0
0.0,23.07965519562717,0.0,0.0,0.0,0.0
0.0,23.077936634498073,0.0,0.0,0.0,0.0
0.0,23.07621044569106,0.0,0.0,0.0,0.0
0.0,23.07426698355618,0.0,0.0,0.0,0.0
0.0,23.072387209391028,0.0,0.0,0.0,0.0
0.0,23.070230178049904,0.0,0.0,0.0,0.0
0.0,23.072506901198985,0.0,0.0,0.0,0.0
0.0,23.078117318030188,0.0,0.0,0.0,0.0
0.0,23.09081132629967,0.0,0.0,0.0,0.0
0.0,23.10478181531877,0.0,0.0,0.0,0.0
0.0,23.116165625447834,0.0,0.0,0.0,0.0
0.0,23.126009127692765,0.0,0.0,0.0,0.0
0.0,23.13288684900796,0.0,0.0,0.0,0.0
0.0,23.13519418884647,0.0,0.0,0.0,0.0
0.0,23.14199879917943,0.0,0.0,0.0,0.0
0.0,23.148845686920613,0.0,0.0,0.0,0.0
0.0,23.14989727539262,0.0,0.0,0.0,0.0
0.0,23.144665203530195,0.0,0.0,0.0,0.0
0.0,23.139395632968075,0.0,0.0,0.0,0.0
0.0,23.142459708574105,0.0,0.0,0.0,0.0
0.0,23.145714615666552,0.0,0.0,0.0,0.0
0.0,23.153494990314385,0.0,0.0,0.0,0.0
0.0,23.156749559975577,0.0,0.0,0.0,0.0
0.0,23.159943364321993,0.0,0.0,0.0,0.0
0.0,23.163191082407383,0.0,0.0,0.0,0.0
0.0,23.176169990503713,0.0,0.0,0.0,0.0
0.0,23.184093699240403,0.0,0.0,0.0,0.0
0.0,23.199441892706872,0.0,0.0,0.0,0.0
0.0,23.202874278525755,0.0,0.0,0.0,0.0
0.0,23.20633938589175,0.0,0.0,0.0,0.0
0.0,23.21425071520089,0.0,0.0,0.0,0.0
0.0,23.22873712846957,0.0,0.0,0.0,0.0
0.0,23.237224118193733,0.0,0.0,0.0,0.0
0.0,23.250473851027692,0.0,0.0,0.0,0.0
0.0,23.266839126558526,0.0,0.0,0.0,0.0
0.0,23.279234590326407,0.0,0.0,0.0,0.0
0.0,23.295909375157535,0.0,0.0,0.0,0.0
0.0,23.307982138234504,0.0,0.0,0.0,0.0
0.0,23.324745146103158,0.0,0.0,0.0,0.0
0.0,23.328260177714235,0.0,0.0,0.0,0.0
0.0,23.33112796641978,0.0,0.0,0.0,0.0
0.0,23.33359697237434,0.0,0.0,0.0,0.0
0.0,23.33600962832882,0.0,0.0,0.0,0.0
0.0,23.338394569047455,0.0,0.0,0.0,0.0
0.0,23.34091336732626,0.0,0.0,0.0,0.0
0.0,23.352348835917354,0.0,0.0,0.0,0.0
0.0,23.354872122973344,0.0,0.0,0.0,0.0
0.0,23.37167217109997,0.0,0.0,0.0,0.0
0.0,23.379101033650286,0.0,0.0,0.0,0.0
0.0,23.382999311893748,0.0,0.0,0.0,0.0
0.0,23.384930860740813,0.0,0.0,0.0,0.0
0.0,23.38894237615082,0.0,0.0,0.0,0.0
0.0,23.393725875593585,0.0,0.0,0.0,0.0
0.0,23.40135021887108,0.0,0.0,0.0,0.0
0.0,23.403509127222467,0.0,0.0,0.0,0.0
0.0,23.40328636185153,0.0,0.0,0.0,0.0
0.0,23.401942197843344,0.0,0.0,0.0,0.0
0.0,23.40514480211274,0.0,0.0,0.0,0.0
0.0,23.414532371800952,0.0,0.0,0.0,0.0
0.0,23.428155287617166,0.0,0.0,0.0,0.0
0.0,23.44480659671159,0.0,0.0,0.0,0.0
0.0,23.463081225394102,0.0,0.0,0.0,0.0
0.0,23.47656454277816,0.0,0.0,0.0,0.0
0.0,23.484027974651553,0.0,0.0,0.0,0.0
0.0,23.487101804871116,0.0,0.0,0.0,0.0
0.0,23.49958438342434,0.0,0.0,0.0,0.0
0.0,23.50439186272858,0.0,0.0,0.0,0.0
0.0,23.50610518523559,0.0,0.0,0.0,0.0
0.0,23.50702769849947,0.0,0.0,0.0,0.0
0.0,23.5161452545281,0.0,0.0,0.0,0.0
0.0,23.525975513141905,0.0,0.0,0.0,0.0
0.0,23.544130447242274,0.0,0.0,0.0,0.0
0.0,23.555310743728345,0.0,0.0,0.0,0.0
0.0,23.55755991836976,0.0,0.0,0.0,0.0
0.0,23.559687082207525,0.0,0.0,0.0,0.0
0.0,23.57099647808644,0.0,0.0,0.0,0.0
0.0,23.591468139164405,0.0,0.0,0.0,0.0
0.0,23.602790482850352,0.0,0.0,0.0,0.0
0.0,23.614084961868983,0.0,0.0,0.0,0.0
0.0,23.61644383985843,0.0,0.0,0.0,0.0
0.0,23.61885090360322,0.0,0.0,0.0,0.0
0.0,23.61944554469867,0.0,0.0,0.0,0.0
0.0,23.621924317021524,0.0,0.0,0.0,0.0
0.0,23.634862991748683,0.0,0.0,0.0,0.0
0.0,23.641568918712494,0.0,0.0,0.0,0.0
0.0,23.643046980235976,0.0,0.0,0.0,0.0
0.0,23.64424739358023,0.0,0.0,0.0,0.0
0.0,23.64487295275216,0.0,0.0,0.0,0.0
0.0,23.645519997922857,0.0,0.0,0.0,0.0
0.0,23.64646079390131,0.0,0.0,0.0,0.0
0.0,23.656910451091875,0.0,0.0,0.0,0.0
0.0,23.6617955378906,0.0,0.0,0.0,0.0
0.0,23.662728052708662,0.0,0.0,0.0,0.0
0.0,23.66291779517682,0.0,0.0,0.0,0.0
0.0,23.663401224258028,0.0,0.0,0.0,0.0
0.0,23.6728510840476,0.0,0.0,0.0,0.0
0.0,23.682241728244602,0.0,0.0,0.0,0.0
0.0,23.691529657637147,0.0,0.0,0.0,0.0
0.0,23.687747024355488,0.0,0.0,0.0,0.0
0.0,23.68537100193764,0.0,0.0,0.0,0.0
0.0,23.686178717993084,0.0,0.0,0.0,0.0
0.0,23.687117604073897,0.0,0.0,0.0,0.0
0.0,23.687244691860915,0.0,0.0,0.0,0.0
0.0,23.688215096393932,0.0,0.0,0.0,0.0
0.0,23.689162635826417,0.0,0.0,0.0,0.0
0.0,23.68998162449861,0.0,0.0,0.0,0.0
0.0,23.69144153838199,0.0,0.0,0.0,0.0
0.0,23.69127475574287,0.0,0.0,0.0,0.0
0.0,23.690348608447465,0.0,0.0,0.0,0.0
0.0,23.689881202398503,0.0,0.0,0.0,0.0
0.0,23.690027270682506,0.0,0.0,0.0,0.0
0.0,23.690274813824285,0.0,0.0,0.0,0.0
0.0,23.690529655796094,0.0,0.0,0.0,0.0
0.0,23.689381786085505,0.0,0.0,0.0,0.0
0.0,23.68672902460323,0.0,0.0,0.0,0.0
0.0,23.68607047127539,0.0,0.0,0.0,0.0
0.0,23.68468427838003,0.0,0.0,0.0,0.0
0.0,23.683432957003117,0.0,0.0,0.0,0.0
0.0,23.682675915268103,0.0,0.0,0.0,0.0
0.0,23.6844679931416,0.0,0.0,0.0,0.0
0.0,23.68883962728992,0.0,0.0,0.0,0.0
0.0,23.68730120993682,0.0,0.0,0.0,0.0
0.0,23.685306957081092,0.0,0.0,0.0,0.0
0.0,23.68307325294246,0.0,0.0,0.0,0.0
0.0,23.681119119015513,0.0,0.0,0.0,0.0
0.0,23.67927324178465,0.0,0.0,0.0,0.0
0.0,23.677650202226175,0.0,0.0,0.0,0.0
0.0,23.676373051503422,0.0,0.0,0.0,0.0
0.0,23.678150325701274,0.0,0.0,0.0,0.0
0.0,23.676382223820966,0.0,0.0,0.0,0.0
0.0,23.672713459969707,0.0,0.0,0.0,0.0
0.0,23.671037801701452,0.0,0.0,0.0,0.0
0.0,23.67059685993005,0.0,0.0,0.0,0.0
0.0,23.674040878905302,0.0,0.0,0.0,0.0
0.0,23.67589606764256,0.0,0.0,0.0,0.0
0.0,23.67637598977323,0.0,0.0,0.0,0.0
0.0,23.677047108513015,0.0,0.0,0.0,0.0
0.0,23.67692367251401,0.0,0.0,0.0,0.0
0.0,23.676858112490507,0.0,0.0,0.0,0.0
0.0,23.677146074612878,0.0,0.0,0.0,0.0
0.0,23.678783482659146,0.0,0.0,0.0,0.0
0.0,23.68089276713478,0.0,0.0,0.0,0.0
0.0,23.68330074487432,0.0,0.0,0.0,0.0
0.0,23.685351305055953,0.0,0.0,0.0,0.0
0.0,23.687648015148884,0.0,0.0,0.0,0.0
0.0,23.688947806830534,0.0,0.0,0.0,0.0
0.0,23.691278040976446,0.0,0.0,0.0,0.0
0.0,23.692345260576868,0.0,0.0,0.0,0.0
0.0,23.694381001549534,0.0,0.0,0.0,0.0
0.0,23.69618402567434,0.0,0.0,0.0,0.0
0.0,23.697527447299496,0.0,0.0,0.0,0.0
0.0,23.699916929909087,0.0,0.0,0.0,0.0
0.0,23.701738706898364,0.0,0.0,0.0,0.0
0.0,23.703675191476776,0.0,0.0,0.0,0.0
0.0,23.706135246332426,0.0,0.0,0.0,0.0
0.0,23.70779737492243,0.0,0.0,0.0,0.0
0.0,23.70848073340029,0.0,0.0,0.0,0.0
0.0,23.709716776222542,0.0,0.0,0.0,0.0
0.0,23.709572290671552,0.0,0.0,0.0,0.0
0.0,23.709465940406783,0.0,0.0,0.0,0.0
0.0,23.710079753694558,0.0,0.0,0.0,0.0
0.0,23.7115716558992,0.0,0.0,0.0,0.0
0.0,23.72589471530393,0.0,0.0,0.0,0.0
0.0,23.739753517965482,0.0,0.0,0.0,0.0
0.0,23.749405773928178,0.0,0.0,0.0,0.0
0.0,23.753443344513407,0.0,0.0,0.0,0.0
0.0,23.75004139447061,0.0,0.0,0.0,0.0
0.0,23.74929383005603,0.0,0.0,0.0,0.0
0.0,23.74402595765585,0.0,0.0,0.0,0.0
0.0,23.744822467107387,0.0,0.0,0.0,0.0
0.0,23.743844735976957,0.0,0.0,0.0,0.0
0.0,23.741207749806136,0.0,0.0,0.0,0.0
0.0,23.740428037727806,0.0,0.0,0.0,0.0
0.0,23.745617263433378,0.0,0.0,0.0,0.0
0.0,23.750254297228246,0.0,0.0,0.0,0.0
0.0,23.75249607298869,0.0,0.0,0.0,0.0
0.0,23.753790587936784,0.0,0.0,0.0,0.0
0.0,23.70624802003826,0.0,0.0,0.0,0.0
0.0,23.706628082553202,0.0,0.0,0.0,0.0
0.0,23.70864617154271,0.0,0.0,0.0,0.0
0.0,23.71407551026844,0.0,0.0,0.0,0.0
0.0,23.719660098021027,0.0,0.0,0.0,0.0
0.0,23.724904968675496,0.0,0.0,0.0,0.0
0.0,23.73272734795177,0.0,0.0,0.0,0.0
0.0,23.74213865248013,0.0,0.0,0.0,0.0
0.0,23.748209895228534,0.0,0.0,0.0,0.0
0.0,23.754230667122254,0.0,0.0,0.0,0.0
0.0,23.760152547677695,0.0,0.0,0.0,0.0
0.0,23.766056999969315,0.0,0.0,0.0,0.0
0.0,23.771888947907083,0.0,0.0,0.0,0.0
0.0,23.77775535298973,0.0,0.0,0.0,0.0
0.0,23.783455114321402,0.0,0.0,0.0,0.0
0.0,23.788694181206505,0.0,0.0,0.0,0.0
0.0,23.794616428147386,0.0,0.0,0.0,0.0
0.0,23.800293308138194,0.0,0.0,0.0,0.0
0.0,23.8061544672671,0.0,0.0,0.0,0.0
0.0,23.81205051769279,0.0,0.0,0.0,0.0
0.0,23.817891282557284,0.0,0.0,0.0,0.0
0.0,23.823637809306675,0.0,0.0,0.0,0.0
0.0,23.82948311052103,0.0,0.0,0.0,0.0
0.0,23.83790457264537,0.0,0.0,0.0,0.0
0.0,23.8426221823244,0.0,0.0,0.0,0.0
0.0,23.846000658251494,0.0,0.0,0.0,0.0
0.0,23.85004935292627,0.0,0.0,0.0,0.0
0.0,23.853840934633006,0.0,0.0,0.0,0.0
0.0,23.867019965029556,0.0,0.0,0.0,0.0
0.0,23.879800256331492,0.0,0.0,0.0,0.0
0.0,23.892118198578167,0.0,0.0,0.0,0.0
0.0,23.903035607307544,0.0,0.0,0.0,0.0
0.0,23.908083828470417,0.0,0.0,0.0,0.0
0.0,23.913061311999932,0.0,0.0,0.0,0.0
0.0,23.92254634120677,0.0,0.0,0.0,0.0
0.0,23.936443948308636,0.0,0.0,0.0,0.0
0.0,23.950302702418828,0.0,0.0,0.0,0.0
0.0,23.95522379757465,0.0,0.0,0.0,0.0
0.0,23.958268084663924,0.0,0.0,0.0,0.0
0.0,23.957185629381033,0.0,0.0,0.0,0.0
0.0,23.96011117808286,0.0,0.0,0.0,0.0
0.0,23.965204899477474,0.0,0.0,0.0,0.0
0.0,23.969974528413783,0.0,0.0,0.0,0.0
0.0,23.97530685283478,0.0,0.0,0.0,0.0
0.0,23.993728933982847,0.0,0.0,0.0,0.0
0.0,23.999691337457026,0.0,0.0,0.0,0.0
0.0,24.0073313113849,0.0,0.0,0.0,0.0
0.0,24.012383229739843,0.0,0.0,0.0,0.0
0.0,24.017052970189606,0.0,0.0,0.0,0.0
0.0,24.02149602176429,0.0,0.0,0.0,0.0
0.0,24.026098783458043,0.0,0.0,0.0,0.0
0.0,24.029082142160778,0.0,0.0,0.0,0.0
0.0,24.030754960278315,0.0,0.0,0.0,0.0
0.0,24.035948505093803,0.0,0.0,0.0,0.0
0.0,24.038230497218418,0.0,0.0,0.0,0.0
0.0,24.031652382007067,0.0,0.0,0.0,0.0
0.0,24.02791823142523,0.0,0.0,0.0,0.0
0.0,24.025823169870733,0.0,0.0,0.0,0.0
0.0,24.025870307302203,0.0,0.0,0.0,0.0
0.0,24.025980425795986,0.0,0.0,0.0,0.0
0.0,24.02632228975487,0.0,0.0,0.0,0.0
0.0,24.026460342211045,0.0,0.0,0.0,0.0
0.0,24.026843155103414,0.0,0.0,0.0,0.0
0.0,24.02510853922396,0.0,0.0,0.0,0.0
0.0,24.023428578070696,0.0,0.0,0.0,0.0
0.0,24.02384829875581,0.0,0.0,0.0,0.0
0.0,24.02223436989081,0.0,0.0,0.0,0.0
0.0,24.018561077010165,0.0,0.0,0.0,0.0
0.0,24.015574029551285,0.0,0.0,0.0,0.0
0.0,24.015955253908352,0.0,0.0,0.0,0.0
0.0,24.01513035802025,0.0,0.0,0.0,0.0
0.0,24.013136797261726,0.0,0.0,0.0,0.0
0.0,24.011258088840936,0.0,0.0,0.0,0.0
0.0,24.00923915466005,0.0,0.0,0.0,0.0
0.0,24.0070748406432,0.0,0.0,0.0,0.0
0.0,24.005091906213874,0.0,0.0,0.0,0.0
0.0,24.003017436156348,0.0,0.0,0.0,0.0
0.0,24.00080895885973,0.0,0.0,0.0,0.0
0.0,23.998856361991137,0.0,0.0,0.0,0.0
0.0,23.996719835924868,0.0,0.0,0.0,0.0
0.0,23.994545849318012,0.0,0.0,0.0,0.0
0.0,23.992809421071364,0.0,0.0,0.0,0.0
0.0,23.998731876066042,0.0,0.0,0.0,0.0
0.0,24.007474367515567,0.0,0.0,0.0,0.0
0.0,24.010387432338913,0.0,0.0,0.0,0.0
0.0,24.01499301330697,0.0,0.0,0.0,0.0
0.0,24.018787338491368,0.0,0.0,0.0,0.0
0.0,24.028675233443995,0.0,0.0,0.0,0.0
0.0,24.03517068891531,0.0,0.0,0.0,0.0
0.0,24.034027517060725,0.0,0.0,0.0,0.0
0.0,24.043270159835025,0.0,0.0,0.0,0.0
0.0,24.048343876146298,0.0,0.0,0.0,0.0
0.0,24.049479942846915,0.0,0.0,0.0,0.0
0.0,24.054903388621376,0.0,0.0,0.0,0.0
0.0,24.05506970973612,0.0,0.0,0.0,0.0
0.0,24.052526584370753,0.0,0.0,0.0,0.0
0.0,24.04950375523577,0.0,0.0,0.0,0.0
0.0,24.044856555441065,0.0,0.0,0.0,0.0
0.0,24.04415215765998,0.0,0.0,0.0,0.0
0.0,24.04947449839887,0.0,0.0,0.0,0.0
0.0,24.0533449660242,0.0,0.0,0.0,0.0
0.0,24.058465212196225,0.0,0.0,0.0,0.0
0.0,24.063130943367238,0.0,0.0,0.0,0.0
0.0,24.06823459004212,0.0,0.0,0.0,0.0
0.0,24.075426656566783,0.0,0.0,0.0,0.0
0.0,24.073638982023724,0.0,0.0,0.0,0.0
0.0,24.071836631536904,0.0,0.0,0.0,0.0
0.0,24.069475217472288,0.0,0.0,0.0,0.0
0.0,24.067054295094348,0.0,0.0,0.0,0.0
0.0,24.065093614545955,0.0,0.0,0.0,0.0
0.0,24.061500419382355,0.0,0.0,0.0,0.0
0.0,24.057098607757354,0.0,0.0,0.0,0.0
0.0,24.056951639771412,0.0,0.0,0.0,0.0
0.0,24.05681455094446,0.0,0.0,0.0,0.0
0.0,24.056473352918037,0.0,0.0,0.0,0.0
0.0,24.056028467092347,0.0,0.0,0.0,0.0
0.0,24.05583163833718,0.0,0.0,0.0,0.0
0.0,24.055556368876267,0.0,0.0,0.0,0.0
0.0,24.06021160500995,0.0,0.0,0.0,0.0
0.0,24.073528585071504,0.0,0.0,0.0,0.0
0.0,24.078034296715785,0.0,0.0,0.0,0.0
0.0,24.07787306539116,0.0,0.0,0.0,0.0
0.0,24.073303857972935,0.0,0.0,0.0,0.0
0.0,24.069106729297324,0.0,0.0,0.0,0.0
0.0,24.06941095728862,0.0,0.0,0.0,0.0
0.0,24.069720460154524,0.0,0.0,0.0,0.0
0.0,24.06626439614,0.0,0.0,0.0,0.0
0.0,24.063161282957516,0.0,0.0,0.0,0.0
0.0,24.057981891687202,0.0,0.0,0.0,0.0
0.0,24.056799298602506,0.0,0.0,0.0,0.0
0.0,24.057044401722358,0.0,0.0,0.0,0.0
0.0,24.06479586779087,0.0,0.0,0.0,0.0
0.0,24.070018573437615,0.0,0.0,0.0,0.0
0.0,24.070324160618366,0.0,0.0,0.0,0.0
0.0,24.070542641913434,0.0,0.0,0.0,0.0
0.0,24.068943864776564,0.0,0.0,0.0,0.0
0.0,24.067567988878654,0.0,0.0,0.0,0.0
0.0,24.06393666990923,0.0,0.0,0.0,0.0
0.0,24.05801099790266,0.0,0.0,0.0,0.0
0.0,24.064041479180005,0.0,0.0,0.0,0.0
0.0,24.06742338737233,0.0,0.0,0.0,0.0
0.0,24.072032282018036,0.0,0.0,0.0,0.0
0.0,24.06257824082283,0.0,0.0,0.0,0.0
0.0,24.069789060874403,0.0,0.0,0.0,0.0
0.0,24.06076407004812,0.0,0.0,0.0,0.0
0.0,24.053320694354234,0.0,0.0,0.0,0.0
0.0,24.04575353598176,0.0,0.0,0.0,0.0
0.0,24.042147012007117,0.0,0.0,0.0,0.0
0.0,24.040784988295016,0.0,0.0,0.0,0.0
0.0,24.03975391087656,0.0,0.0,0.0,0.0
0.0,24.040214933519763,0.0,0.0,0.0,0.0
0.0,24.04326060054049,0.0,0.0,0.0,0.0
0.0,24.046268018857088,0.0,0.0,0.0,0.0
0.0,24.049333827994527,0.0,0.0,0.0,0.0
0.0,24.052646690886267,0.0,0.0,0.0,0.0
0.0,24.055656044072574,0.0,0.0,0.0,0.0
0.0,24.058976316958024,0.0,0.0,0.0,0.0
0.0,24.062013363701027,0.0,0.0,0.0,0.0
0.0,24.065305732736608,0.0,0.0,0.0,0.0
0.0,24.068451948269203,0.0,0.0,0.0,0.0
0.0,24.071690066511415,0.0,0.0,0.0,0.0
0.0,24.07497557153328,0.0,0.0,0.0,0.0
0.0,24.076670948549673,0.0,0.0,0.0,0.0
0.0,24.078044081856447,0.0,0.0,0.0,0.0
0.0,24.073423430073124,0.0,0.0,0.0,0.0
0.0,24.070878066042905,0.0,0.0,0.0,0.0
0.0,24.072059232997365,0.0,0.0,0.0,0.0
0.0,24.07316808502764,0.0,0.0,0.0,0.0
0.0,24.072301435255905,0.0,0.0,0.0,0.0
0.0,24.067777608654605,0.0,0.0,0.0,0.0
0.0,24.066140710682834,0.0,0.0,0.0,0.0
0.0,24.065383038632316,0.0,0.0,0.0,0.0
0.0,24.06650343230867,0.0,0.0,0.0,0.0
0.0,24.06764156168244,0.0,0.0,0.0,0.0
0.0,24.068771485360724,0.0,0.0,0.0,0.0
0.0,24.069938142282062,0.0,0.0,0.0,0.0
0.0,24.07112061765753,0.0,0.0,0.0,0.0
0.0,24.07232681060092,0.0,0.0,0.0,0.0
0.0,24.0734993524249,0.0,0.0,0.0,0.0
0.0,24.07466314888948,0.0,0.0,0.0,0.0
0.0,24.075813856164554,0.0,0.0,0.0,0.0
0.0,24.077023615707112,0.0,0.0,0.0,0.0
0.0,24.078188121523908,0.0,0.0,0.0,0.0
0.0,24.080742050527455,0.0,0.0,0.0,0.0
0.0,24.083171826710547,0.0,0.0,0.0,0.0
0.0,24.087630432396146,0.0,0.0,0.0,0.0
0.0,24.092046017065503,0.0,0.0,0.0,0.0
0.0,24.096457030352457,0.0,0.0,0.0,0.0
0.0,24.100918736559688,0.0,0.0,0.0,0.0
0.0,24.10531931232843,0.0,0.0,0.0,0.0
0.0,24.109643159852705,0.0,0.0,0.0,0.0
0.0,24.112401351989412,0.0,0.0,0.0,0.0
0.0,24.11312785160028,0.0,0.0,0.0,0.0
0.0,24.11629623262021,0.0,0.0,0.0,0.0
0.0,24.121207783039814,0.0,0.0,0.0,0.0
0.0,24.12224063201526,0.0,0.0,0.0,0.0
0.0,24.122978916756324,0.0,0.0,0.0,0.0
0.0,24.123864957902846,0.0,0.0,0.0,0.0
0.0,24.12872017917298,0.0,0.0,0.0,0.0
0.0,24.14162496064286,0.0,0.0,0.0,0.0
0.0,24.15573642874202,0.0,0.0,0.0,0.0
0.0,24.156645441713028,0.0,0.0,0.0,0.0
0.0,24.15727722438626,0.0,0.0,0.0,0.0
0.0,24.158182459517988,0.0,0.0,0.0,0.0
0.0,24.164946740058333,0.0,0.0,0.0,0.0
0.0,24.169762817479345,0.0,0.0,0.0,0.0
0.0,24.175943412978913,0.0,0.0,0.0,0.0
0.0,24.184562954270426,0.0,0.0,0.0,0.0
0.0,24.190053466629866,0.0,0.0,0.0,0.0
0.0,24.194350873952146,0.0,0.0,0.0,0.0
0.0,24.207936837201498,0.0,0.0,0.0,0.0
0.0,24.22171039832253,0.0,0.0,0.0,0.0
0.0,24.22651645471727,0.0,0.0,0.0,0.0
0.0,24.231396454357363,0.0,0.0,0.0,0.0
0.0,24.240231392248816,0.0,0.0,0.0,0.0
0.0,24.2498737439683,0.0,0.0,0.0,0.0
0.0,24.256776805227638,0.0,0.0,0.0,0.0
0.0,24.263449782348825,0.0,0.0,0.0,0.0
0.0,24.26768651317596,0.0,0.0,0.0,0.0
0.0,24.269083093220605,0.0,0.0,0.0,0.0
0.0,24.287786839856004,0.0,0.0,0.0,0.0
0.0,24.29732336950272,0.0,0.0,0.0,0.0
0.0,24.305382018944982,0.0,0.0,0.0,0.0
0.0,24.311169016216528,0.0,0.0,0.0,0.0
0.0,24.32015710965498,0.0,0.0,0.0,0.0
0.0,24.341646605412688,0.0,0.0,0.0,0.0
0.0,24.357451471283657,0.0,0.0,0.0,0.0
0.0,24.374850050628993,0.0,0.0,0.0,0.0
0.0,24.39471484952167,0.0,0.0,0.0,0.0
0.0,24.411888517064597,0.0,0.0,0.0,0.0
0.0,24.434267456719592,0.0,0.0,0.0,0.0
0.0,24.447787527196677,0.0,0.0,0.0,0.0
0.0,24.46123139076444,0.0,0.0,0.0,0.0
0.0,24.47661698653363,0.0,0.0,0.0,0.0
0.0,24.477154681716723,0.0,0.0,0.0,0.0
0.0,24.48675345071532,0.0,0.0,0.0,0.0
0.0,24.488674390663785,0.0,0.0,0.0,0.0
0.0,24.491751101029315,0.0,0.0,0.0,0.0
0.0,24.494540673218328,0.0,0.0,0.0,0.0
0.0,24.491672223723103,0.0,0.0,0.0,0.0
0.0,24.489720166351262,0.0,0.0,0.0,0.0
0.0,24.494957738747047,0.0,0.0,0.0,0.0
0.0,24.498575265947505,0.0,0.0,0.0,0.0
0.0,24.501355085202288,0.0,0.0,0.0,0.0
0.0,24.509822220511,0.0,0.0,0.0,0.0
0.0,24.525440783772783,0.0,0.0,0.0,0.0
0.0,24.53523892362895,0.0,0.0,0.0,0.0
0.0,24.539320845463738,0.0,0.0,0.0,0.0
0.0,24.54315414024618,0.0,0.0,0.0,0.0
0.0,24.547123961478917,0.0,0.0,0.0,0.0
0.0,24.551154296566565,0.0,0.0,0.0,0.0
0.0,24.570754843509896,0.0,0.0,0.0,0.0
0.0,24.576607002530846,0.0,0.0,0.0,0.0
0.0,24.581979054666515,0.0,0.0,0.0,0.0
0.0,24.587323432932205,0.0,0.0,0.0,0.0
0.0,24.59719951301548,0.0,0.0,0.0,0.0
0.0,24.61164767036794,0.0,0.0,0.0,0.0
0.0,24.616983996986075,0.0,0.0,0.0,0.0
0.0,24.622295491978207,0.0,0.0,0.0,0.0
0.0,24.623998726430777,0.0,0.0,0.0,0.0
0.0,24.637560737998307,0.0,0.0,0.0,0.0
0.0,24.652030924813815,0.0,0.0,0.0,0.0
0.0,24.672351355252815,0.0,0.0,0.0,0.0
0.0,24.681675556799934,0.0,0.0,0.0,0.0
0.0,24.691211146927415,0.0,0.0,0.0,0.0
0.0,24.696722810259953,0.0,0.0,0.0,0.0
0.0,24.70168477269537,0.0,0.0,0.0,0.0
0.0,24.705985826895883,0.0,0.0,0.0,0.0
0.0,24.71027393375607,0.0,0.0,0.0,0.0
0.0,24.715294072370117,0.0,0.0,0.0,0.0
0.0,24.728800165125534,0.0,0.0,0.0,0.0
0.0,24.738064610503038,0.0,0.0,0.0,0.0
0.0,24.742716210032,0.0,0.0,0.0,0.0
0.0,24.747253882428687,0.0,0.0,0.0,0.0
0.0,24.752070067569807,0.0,0.0,0.0,0.0
0.0,24.769521622590133,0.0,0.0,0.0,0.0
0.0,24.783627296997935,0.0,0.0,0.0,0.0
0.0,24.781581813259052,0.0,0.0,0.0,0.0
0.0,24.78251505268117,0.0,0.0,0.0,0.0
0.0,24.786110660574803,0.0,0.0,0.0,0.0
0.0,24.800698281664694,0.0,0.0,0.0,0.0
0.0,24.804848929485228,0.0,0.0,0.0,0.0
0.0,24.81777104842017,0.0,0.0,0.0,0.0
0.0,24.833061291481062,0.0,0.0,0.0,0.0
0.0,24.83585725614084,0.0,0.0,0.0,0.0
0.0,24.840833084044878,0.0,0.0,0.0,0.0
0.0,24.84550018451941,0.0,0.0,0.0,0.0
0.0,24.85034049385272,0.0,0.0,0.0,0.0
0.0,24.855384547946834,0.0,0.0,0.0,0.0
0.0,24.859951061579185,0.0,0.0,0.0,0.0
0.0,24.866606337006722,0.0,0.0,0.0,0.0
0.0,24.873983436245066,0.0,0.0,0.0,0.0
0.0,24.879172718747373,0.0,0.0,0.0,0.0
0.0,24.88542466626461,0.0,0.0,0.0,0.0
0.0,24.8905722614706,0.0,0.0,0.0,0.0
0.0,24.896891950886392,0.0,0.0,0.0,0.0
0.0,24.903703406138217,0.0,0.0,0.0,0.0
0.0,24.91254926242227,0.0,0.0,0.0,0.0
0.0,24.921317590268828,0.0,0.0,0.0,0.0
0.0,24.9247729620599,0.0,0.0,0.0,0.0
0.0,24.929989842039248,0.0,0.0,0.0,0.0
0.0,24.935166745030795,0.0,0.0,0.0,0.0
0.0,24.94021252369567,0.0,0.0,0.0,0.0
0.0,24.94746422780224,0.0,0.0,0.0,0.0
0.0,24.96212686647865,0.0,0.0,0.0,0.0
0.0,24.972022040160244,0.0,0.0,0.0,0.0
0.0,24.985031916697288,0.0,0.0,0.0,0.0
0.0,24.994968448175555,0.0,0.0,0.0,0.0
0.0,24.998668163844513,0.0,0.0,0.0,0.0
0.0,25.00276688363736,0.0,0.0,0.0,0.0
0.0,25.006345760990378,0.0,0.0,0.0,0.0
0.0,25.009706382170148,0.0,0.0,0.0,0.0
0.0,25.013614042465992,0.0,0.0,0.0,0.0
0.0,25.017559727644482,0.0,0.0,0.0,0.0
0.0,25.023346966179933,0.0,0.0,0.0,0.0
0.0,25.03086787092567,0.0,0.0,0.0,0.0
0.0,25.037433813839264,0.0,0.0,0.0,0.0
0.0,25.041348554537652,0.0,0.0,0.0,0.0
0.0,25.039998709089424,0.0,0.0,0.0,0.0
0.0,25.039526800654997,0.0,0.0,0.0,0.0
0.0,25.05584324698069,0.0,0.0,0.0,0.0
0.0,25.074853148286103,0.0,0.0,0.0,0.0
0.0,25.078874806491076,0.0,0.0,0.0,0.0
0.0,25.0826820974461,0.0,0.0,0.0,0.0
0.0,25.08623117182159,0.0,0.0,0.0,0.0
0.0,25.086204669225868,0.0,0.0,0.0,0.0
0.0,25.09954055952085,0.0,0.0,0.0,0.0
0.0,25.111784538035394,0.0,0.0,0.0,0.0
0.0,25.12194513155,0.0,0.0,0.0,0.0
0.0,25.12230772013784,0.0,0.0,0.0,0.0
0.0,25.124496304821744,0.0,0.0,0.0,0.0
0.0,25.140043124936177,0.0,0.0,0.0,0.0
0.0,25.159246084505032,0.0,0.0,0.0,0.0
0.0,25.167273777928518,0.0,0.0,0.0,0.0
0.0,25.170760473441828,0.0,0.0,0.0,0.0
0.0,25.174301524701796,0.0,0.0,0.0,0.0
0.0,25.175330328591535,0.0,0.0,0.0,0.0
0.0,25.175302032851977,0.0,0.0,0.0,0.0
0.0,25.175478597045064,0.0,0.0,0.0,0.0
0.0,25.189516830142807,0.0,0.0,0.0,0.0
0.0,25.194402641575433,0.0,0.0,0.0,0.0
0.0,25.198076902317165,0.0,0.0,0.0,0.0
0.0,25.201480013558196,0.0,0.0,0.0,0.0
0.0,25.204955394903973,0.0,0.0,0.0,0.0
0.0,25.208526596405225,0.0,0.0,0.0,0.0
0.0,25.212107274088805,0.0,0.0,0.0,0.0
0.0,25.215763230447752,0.0,0.0,0.0,0.0
0.0,25.21658037038283,0.0,0.0,0.0,0.0
0.0,25.234686989104173,0.0,0.0,0.0,0.0
0.0,25.2517002381446,0.0,0.0,0.0,0.0
0.0,25.26415975605789,0.0,0.0,0.0,0.0
0.0,25.281287329655285,0.0,0.0,0.0,0.0
0.0,25.28971178311264,0.0,0.0,0.0,0.0
0.0,25.294609117917215,0.0,0.0,0.0,0.0
0.0,25.299673044948104,0.0,0.0,0.0,0.0
0.0,25.30486292996875,0.0,0.0,0.0,0.0
0.0,25.309799338779175,0.0,0.0,0.0,0.0
0.0,25.314756144156114,0.0,0.0,0.0,0.0
0.0,25.319827513269107,0.0,0.0,0.0,0.0
0.0,25.325084480986327,0.0,0.0,0.0,0.0
0.0,25.330269926877698,0.0,0.0,0.0,0.0
0.0,25.33534508701673,0.0,0.0,0.0,0.0
0.0,25.340541916928757,0.0,0.0,0.0,0.0
0.0,25.345783233209104,0.0,0.0,0.0,0.0
0.0,25.350742560503306,0.0,0.0,0.0,0.0
0.0,25.35555346980731,0.0,0.0,0.0,0.0
0.0,25.369766560413403,0.0,0.0,0.0,0.0
0.0,25.383927186382767,0.0,0.0,0.0,0.0
0.0,25.387489853085665,0.0,0.0,0.0,0.0
0.0,25.392019249013767,0.0,0.0,0.0,0.0
0.0,25.39668628486474,0.0,0.0,0.0,0.0
0.0,25.401403463241476,0.0,0.0,0.0,0.0
0.0,25.4149011043241,0.0,0.0,0.0,0.0
0.0,25.434138134350963,0.0,0.0,0.0,0.0
0.0,25.43871375541823,0.0,0.0,0.0,0.0
0.0,25.44223527820096,0.0,0.0,0.0,0.0
0.0,25.45456100953376,0.0,0.0,0.0,0.0
0.0,25.46656496025632,0.0,0.0,0.0,0.0
0.0,25.47810564903507,0.0,0.0,0.0,0.0
0.0,25.494949095241324,0.0,0.0,0.0,0.0
0.0,25.512642842112037,0.0,0.0,0.0,0.0
0.0,25.527582513113536,0.0,0.0,0.0,0.0
0.0,25.54600719459756,0.0,0.0,0.0,0.0
0.0,25.550744088131303,0.0,0.0,0.0,0.0
0.0,25.55268561423225,0.0,0.0,0.0,0.0
0.0,25.55312584827951,0.0,0.0,0.0,0.0
0.0,25.55577420534458,0.0,0.0,0.0,0.0
0.0,25.556697208985018,0.0,0.0,0.0,0.0
0.0,25.5609058372968,0.0,0.0,0.0,0.0
0.0,25.58019093326234,0.0,0.0,0.0,0.0
0.0,25.594845875722008,0.0,0.0,0.0,0.0
0.0,25.600471604052217,0.0,0.0,0.0,0.0
0.0,25.606005324643093,0.0,0.0,0.0,0.0
0.0,25.620697428163158,0.0,0.0,0.0,0.0
0.0,25.626129313974893,0.0,0.0,0.0,0.0
0.0,25.63167908892909,0.0,0.0,0.0,0.0
0.0,25.646356722774144,0.0,0.0,0.0,0.0
0.0,25.663375634106114,0.0,0.0,0.0,0.0
0.0,25.677884647250178,0.0,0.0,0.0,0.0
0.0,25.698934946809047,0.0,0.0,0.0,0.0
0.0,25.71752060691545,0.0,0.0,0.0,0.0
0.0,25.726977298527586,0.0,0.0,0.0,0.0
0.0,25.731841916000516,0.0,0.0,0.0,0.0
0.0,25.73492426159721,0.0,0.0,0.0,0.0
0.0,25.736640491865796,0.0,0.0,0.0,0.0
0.0,25.739115260773435,0.0,0.0,0.0,0.0
0.0,25.7435980087969,0.0,0.0,0.0,0.0
0.0,25.747278359739152,0.0,0.0,0.0,0.0
0.0,25.75191016297927,0.0,0.0,0.0,0.0
0.0,25.75626197696215,0.0,0.0,0.0,0.0
0.0,25.76101524494761,0.0,0.0,0.0,0.0
0.0,25.765798488149372,0.0,0.0,0.0,0.0
0.0,25.7700140404888,0.0,0.0,0.0,0.0
0.0,25.769471900175176,0.0,0.0,0.0,0.0
0.0,25.78208786007101,0.0,0.0,0.0,0.0
0.0,25.785750371667806,0.0,0.0,0.0,0.0
0.0,25.78492840446174,0.0,0.0,0.0,0.0
0.0,25.782878834342252,0.0,0.0,0.0,0.0
0.0,25.77932211713547,0.0,0.0,0.0,0.0
0.0,25.776787285302095,0.0,0.0,0.0,0.0
0.0,25.776330425573345,0.0,0.0,0.0,0.0
0.0,25.775994814807415,0.0,0.0,0.0,0.0
0.0,25.775148324108443,0.0,0.0,0.0,0.0
0.0,25.77457480193843,0.0,0.0,0.0,0.0
0.0,25.773639205352872,0.0,0.0,0.0,0.0
0.0,25.77358225784764,0.0,0.0,0.0,0.0
0.0,25.773225637879705,0.0,0.0,0.0,0.0
0.0,25.772857632077564,0.0,0.0,0.0,0.0
0.0,25.776704843783126,0.0,0.0,0.0,0.0
0.0,25.78548865360039,0.0,0.0,0.0,0.0
0.0,25.79269955521502,0.0,0.0,0.0,0.0
0.0,25.793499564288638,0.0,0.0,0.0,0.0
0.0,25.793407403570274,0.0,0.0,0.0,0.0
0.0,25.791960660859353,0.0,0.0,0.0,0.0
